-------------------------------------------------------------------------------
 L       Percentage of nodes in the largest component
 D       Percentage of nodes in components of size at most 3 [-div option]
 R       Percentage of nodes not in L or D: 100 - L -D
 S       Percentage of nodes that are singletons
 E       Fraction of edges retained (input graph has 870)
 cce     Expected size of component, nodewise [ sum(sz^2) / sum^2(sz) ]
 EW      Edge weight traits (mean, median and IQR)
 ND      Node degree traits [mean, median and IQR]
 CCF     Clustering coefficient (scale 1-100)
 eff     Induced component efficiency relative to start graph (scale 1-1000)
Total number of nodes: 30
----------------------------------------------------------------------------------------------
  L   D   R   S     E     cce  EWmean   EWmed   EWiqr  NDmean   NDmed  NDiqr CCF  eff  Cutoff 
----------------------------------------------------------------------------------------------
100   0   0   0 0.802      30    0.59    0.58    0.09    23.3    25.5    6.0   -    -     0.50
100   0   0   0 0.761      30    0.59    0.58    0.09    22.1    23.5    6.5   -    -     0.51
100   0   0   0 0.708      30    0.60    0.59    0.09    20.5    21.5    7.5   -    -     0.52
100   0   0   0 0.646      30    0.61    0.59    0.08    18.7    19.5    7.5   -    -     0.53
 97   3   0   3 0.584      28    0.61    0.60    0.08    16.9    17.5    8.5   -    -     0.54
 97   3   0   3 0.524      28    0.62    0.61    0.07    15.2    15.5    9.5   -    -     0.55
 97   3   0   3 0.474      28    0.63    0.62    0.07    13.7    14.5    8.0   -    -     0.56
 97   3   0   3 0.428      28    0.63    0.62    0.07    12.4    12.5    8.0   -    -     0.57
 97   3   0   3 0.393      28    0.64    0.63    0.07    11.4    11.5    7.5   -    -     0.58
 97   3   0   3 0.329      28    0.65    0.64    0.06     9.5    10.5    7.5   -    -     0.59
 97   3   0   3 0.292      28    0.66    0.64    0.06     8.5     8.5    8.5   -    -     0.60
 90  10   0  10 0.260      24    0.66    0.65    0.05     7.5     7.5    8.5   -    -     0.61
 90  10   0  10 0.221      24    0.67    0.66    0.06     6.4     6.5    7.0   -    -     0.62
 83  17   0  17 0.198      21    0.68    0.67    0.05     5.7     5.5    7.0   -    -     0.63
 83  17   0  17 0.159      21    0.69    0.68    0.05     4.6     5.5    6.0   -    -     0.64
 77  23   0  23 0.131      18    0.70    0.68    0.04     3.8     4.5    5.5   -    -     0.65
 73  27   0  27 0.110      16    0.70    0.69    0.04     3.2     3.5    5.0   -    -     0.66
 70  30   0  30 0.094      15    0.71    0.70    0.04     2.7     3.5    4.5   -    -     0.67
 63  37   0  37 0.074      12    0.72    0.71    0.03     2.1     2.5    4.5   -    -     0.68
 33  40  27  40 0.060       6    0.73    0.71    0.04     1.7     1.5    3.5   -    -     0.69
 27  47  27  47 0.041       4    0.75    0.72    0.07     1.2     1.5    2.5   -    -     0.70
 20  80   0  53 0.034       2    0.75    0.74    0.07     1.0     0.5    2.5   -    -     0.71
 17  83   0  57 0.023       2    0.77    0.76    0.07     0.7     0.5    1.5   -    -     0.72
  0 100   0  60 0.018       2    0.78    0.79    0.06     0.5     0.5    1.5   -    -     0.73
  0 100   0  63 0.014       1    0.80    0.80    0.05     0.4     0.5    1.5   -    -     0.74
  0 100   0  67 0.011       1    0.81    0.80    0.05     0.3     0.5    1.5   -    -     0.75
  0 100   0  67 0.011       1    0.81    0.80    0.05     0.3     0.5    1.5   -    -     0.76
  0 100   0  67 0.011       1    0.81    0.80    0.05     0.3     0.5    1.5   -    -     0.77
  0 100   0  67 0.011       1    0.81    0.80    0.05     0.3     0.5    1.5   -    -     0.78
  0 100   0  80 0.007       1    0.83    0.83    0.02     0.2     0.5    0.5   -    -     0.79
  0 100   0  80 0.007       1    0.83    0.83    0.02     0.2     0.5    0.5   -    -     0.80
  0 100   0  87 0.005       1    0.84    0.84    0.01     0.1     0.5    0.5   -    -     0.81
  0 100   0  87 0.005       1    0.84    0.84    0.01     0.1     0.5    0.5   -    -     0.82
  0 100   0  87 0.005       1    0.84    0.84    0.01     0.1     0.5    0.5   -    -     0.83
  0 100   0  93 0.002       1    0.85    0.85    0.00     0.1     0.5    0.5   -    -     0.84
  0 100   0 100 0.000       1    0.00    0.00    0.00     0.0     0.5    0.5   -    -     0.85
  0 100   0 100 0.000       1    0.00    0.00    0.00     0.0     0.5    0.5   -    -     0.86
  0 100   0 100 0.000       1    0.00    0.00    0.00     0.0     0.5    0.5   -    -     0.87
  0 100   0 100 0.000       1    0.00    0.00    0.00     0.0     0.5    0.5   -    -     0.88
  0 100   0 100 0.000       1    0.00    0.00    0.00     0.0     0.5    0.5   -    -     0.89
  0 100   0 100 0.000       1    0.00    0.00    0.00     0.0     0.5    0.5   -    -     0.90
  0 100   0 100 0.000       1    0.00    0.00    0.00     0.0     0.5    0.5   -    -     0.91
  0 100   0 100 0.000       1    0.00    0.00    0.00     0.0     0.5    0.5   -    -     0.92
  0 100   0 100 0.000       1    0.00    0.00    0.00     0.0     0.5    0.5   -    -     0.93
  0 100   0 100 0.000       1    0.00    0.00    0.00     0.0     0.5    0.5   -    -     0.94
  0 100   0 100 0.000       1    0.00    0.00    0.00     0.0     0.5    0.5   -    -     0.95
  0 100   0 100 0.000       1    0.00    0.00    0.00     0.0     0.5    0.5   -    -     0.96
  0 100   0 100 0.000       1    0.00    0.00    0.00     0.0     0.5    0.5   -    -     0.97
  0 100   0 100 0.000       1    0.00    0.00    0.00     0.0     0.5    0.5   -    -     0.98
  0 100   0 100 0.000       1    0.00    0.00    0.00     0.0     0.5    0.5   -    -     0.99
---------------------------------------------------------------------------------------------
