1 1 (0) 1 : 0.000010 0.000010 0.000010 0.000010 0.999923 0.000010 0.000017 0.000010
2 2 (0) 1 : 0.000010 0.000010 0.000010 0.000010 0.999930 0.000010 0.000010 0.000010
3 3 (0) 1 : 0.000010 0.000010 0.000010 0.000010 0.999930 0.000010 0.000010 0.000010
4 4 (0) 1 : 0.000010 0.000010 0.000010 0.000010 0.999930 0.000010 0.000010 0.000010
5 5 (0) 1 : 0.000010 0.000010 0.000010 0.000010 0.999930 0.000010 0.000010 0.000010
6 6 (0) 1 : 0.000010 0.000010 0.000010 0.000010 0.999930 0.000010 0.000010 0.000010
7 7 (0) 1 : 0.000010 0.000010 0.000010 0.000010 0.999930 0.000010 0.000010 0.000010
8 8 (0) 1 : 0.000010 0.000010 0.000010 0.000010 0.999930 0.000010 0.000010 0.000010
9 9 (0) 1 : 0.000010 0.000010 0.000010 0.000010 0.999930 0.000010 0.000010 0.000010
10 10 (0) 1 : 0.000010 0.000010 0.000010 0.000010 0.999920 0.000020 0.000010 0.000010
11 11 (0) 1 : 0.000010 0.000010 0.000010 0.000010 0.999918 0.000017 0.000015 0.000010
12 12 (0) 1 : 0.000010 0.000010 0.000010 0.000010 0.999930 0.000010 0.000010 0.000010
13 13 (0) 1 : 0.000010 0.000010 0.000010 0.000010 0.999930 0.000010 0.000010 0.000010
14 14 (0) 1 : 0.000010 0.000010 0.000010 0.000010 0.999930 0.000010 0.000010 0.000010
15 15 (0) 1 : 0.000010 0.000010 0.000010 0.000010 0.999924 0.000016 0.000010 0.000010
16 16 (0) 1 : 0.000010 0.000010 0.000010 0.000010 0.999920 0.000020 0.000010 0.000010
17 17 (0) 1 : 0.000010 0.000010 0.000010 0.000010 0.999930 0.000010 0.000010 0.000010
18 18 (0) 1 : 0.000010 0.000010 0.000010 0.000010 0.999920 0.000020 0.000010 0.000010
19 19 (0) 1 : 0.000010 0.000010 0.000010 0.000010 0.999930 0.000010 0.000010 0.000010
20 20 (0) 1 : 0.000010 0.000010 0.000010 0.000010 0.999924 0.000016 0.000010 0.000010
21 21 (0) 1 : 0.000010 0.000010 0.000010 0.000010 0.999925 0.000015 0.000010 0.000010
22 22 (0) 1 : 0.000010 0.000010 0.000010 0.000010 0.999930 0.000010 0.000010 0.000010
23 23 (0) 1 : 0.000010 0.000010 0.000010 0.000010 0.999930 0.000010 0.000010 0.000010
24 24 (0) 1 : 0.000010 0.000010 0.000010 0.000010 0.999920 0.000020 0.000010 0.000010
25 25 (0) 1 : 0.000014 0.000010 0.000010 0.000010 0.999926 0.000010 0.000010 0.000010
26 26 (0) 1 : 0.000014 0.000010 0.000010 0.000010 0.999926 0.000010 0.000010 0.000010
27 27 (0) 1 : 0.000010 0.000010 0.000010 0.000010 0.999930 0.000010 0.000010 0.000010
28 28 (0) 1 : 0.000010 0.000010 0.000010 0.000010 0.999930 0.000010 0.000010 0.000010
29 29 (0) 1 : 0.000010 0.000010 0.000010 0.000010 0.999930 0.000010 0.000010 0.000010
30 30 (0) 1 : 0.000010 0.000010 0.000010 0.000010 0.999930 0.000010 0.000010 0.000010
31 31 (0) 1 : 0.000010 0.000010 0.000010 0.000010 0.999930 0.000010 0.000010 0.000010
32 32 (0) 1 : 0.000010 0.000010 0.000010 0.000010 0.999930 0.000010 0.000010 0.000010
33 33 (0) 1 : 0.000010 0.000010 0.000010 0.000010 0.999929 0.000011 0.000010 0.000010
34 34 (0) 1 : 0.000010 0.000010 0.000010 0.000010 0.999930 0.000010 0.000010 0.000010
35 35 (0) 1 : 0.000010 0.000010 0.000010 0.000010 0.999924 0.000016 0.000010 0.000010
36 36 (0) 1 : 0.000010 0.000011 0.000010 0.398247 0.000011 0.000010 0.000010 0.601691
37 37 (0) 1 : 0.000010 0.000010 0.000010 0.000010 0.000010 0.000010 0.000010 0.999930
38 38 (0) 1 : 0.000010 0.000010 0.000010 0.000010 0.000010 0.000010 0.000010 0.999930
39 39 (0) 1 : 0.000010 0.000010 0.000010 0.884670 0.000010 0.000013 0.000010 0.115267
40 40 (0) 1 : 0.000018 0.000010 0.143191 0.574578 0.000010 0.000010 0.000010 0.282173
41 41 (0) 1 : 0.000011 0.000010 0.515475 0.178462 0.000010 0.000011 0.000010 0.306012
42 42 (0) 1 : 0.000010 0.000010 0.000010 0.738225 0.000010 0.000010 0.000010 0.261715
43 43 (0) 1 : 0.000010 0.000010 0.000010 0.999930 0.000010 0.000010 0.000010 0.000010
44 44 (0) 1 : 0.000010 0.000010 0.646399 0.353541 0.000010 0.000010 0.000010 0.000010
45 45 (0) 1 : 0.000010 0.000012 0.065897 0.789731 0.000010 0.000011 0.000010 0.144319
46 46 (0) 1 : 0.000010 0.000010 0.760926 0.000010 0.000010 0.000010 0.000010 0.239014
47 47 (0) 1 : 0.000010 0.000010 0.000010 0.000010 0.000010 0.000010 0.000010 0.999930
48 48 (0) 1 : 0.000010 0.000010 0.999930 0.000010 0.000010 0.000010 0.000010 0.000010
49 49 (0) 1 : 0.000010 0.000010 0.650841 0.349099 0.000010 0.000010 0.000010 0.000010
50 50 (0) 1 : 0.000010 0.000010 0.456937 0.000010 0.000010 0.000010 0.000010 0.543003
51 51 (0) 1 : 0.000010 0.000010 0.658714 0.197388 0.000010 0.000010 0.000010 0.143848
52 52 (0) 1 : 0.000010 0.000010 0.000010 0.000010 0.000010 0.000010 0.000010 0.999930
53 53 (0) 1 : 0.000010 0.000010 0.000010 0.999930 0.000010 0.000010 0.000010 0.000010
54 54 (0) 1 : 0.000010 0.000010 0.000010 0.999930 0.000010 0.000010 0.000010 0.000010
55 55 (0) 1 : 0.000010 0.000010 0.695581 0.304359 0.000010 0.000010 0.000010 0.000010
56 56 (0) 1 : 0.000010 0.000010 0.000010 0.000010 0.000010 0.000010 0.000010 0.999930
57 57 (0) 1 : 0.000010 0.000010 0.000010 0.999930 0.000010 0.000010 0.000010 0.000010
58 58 (0) 1 : 0.000010 0.000010 0.467418 0.532522 0.000010 0.000010 0.000010 0.000010
59 59 (0) 1 : 0.000010 0.000010 0.496082 0.503858 0.000010 0.000010 0.000010 0.000010
60 60 (0) 1 : 0.000010 0.000010 0.000010 0.999930 0.000010 0.000010 0.000010 0.000010
61 61 (0) 1 : 0.000010 0.000010 0.160945 0.838995 0.000010 0.000010 0.000010 0.000010
62 62 (0) 1 : 0.000010 0.000010 0.000010 0.000010 0.000010 0.000012 0.000010 0.999928
63 63 (0) 1 : 0.000010 0.000010 0.999930 0.000010 0.000010 0.000010 0.000010 0.000010
64 64 (0) 1 : 0.000010 0.000010 0.000010 0.999930 0.000010 0.000010 0.000010 0.000010
65 65 (0) 1 : 0.000010 0.000010 0.000010 0.626743 0.000010 0.000010 0.000010 0.373197
66 66 (0) 1 : 0.000010 0.000010 0.000010 0.999930 0.000010 0.000010 0.000010 0.000010
67 67 (0) 1 : 0.000010 0.000010 0.048536 0.850513 0.000010 0.000010 0.000010 0.100901
68 68 (0) 1 : 0.000010 0.000010 0.999930 0.000010 0.000010 0.000010 0.000010 0.000010
69 69 (0) 1 : 0.000010 0.000010 0.000010 0.521337 0.000010 0.000010 0.000010 0.478603
70 70 (0) 1 : 0.000010 0.000010 0.999930 0.000010 0.000010 0.000010 0.000010 0.000010
71 71 (0) 1 : 0.000012 0.000010 0.999927 0.000010 0.000010 0.000011 0.000010 0.000010
72 72 (0) 1 : 0.000010 0.000010 0.000010 0.999930 0.000010 0.000010 0.000010 0.000010
73 73 (0) 1 : 0.000010 0.000010 0.000010 0.999930 0.000010 0.000010 0.000010 0.000010
74 74 (0) 1 : 0.000010 0.000010 0.072912 0.737042 0.000010 0.000010 0.000010 0.189996
75 75 (0) 1 : 0.000010 0.000010 0.000010 0.653420 0.000010 0.000010 0.000010 0.346520
76 76 (0) 1 : 0.000010 0.000010 0.999930 0.000010 0.000010 0.000010 0.000010 0.000010
77 77 (0) 1 : 0.000010 0.000010 0.000010 0.000010 0.000010 0.000010 0.000010 0.999930
78 78 (0) 1 : 0.000010 0.000010 0.000010 0.000010 0.000010 0.000010 0.999930 0.000010
79 79 (0) 1 : 0.000010 0.000010 0.000012 0.000010 0.000010 0.000010 0.999928 0.000010
80 80 (0) 1 : 0.000010 0.999930 0.000010 0.000010 0.000010 0.000010 0.000010 0.000010
81 81 (0) 1 : 0.000011 0.999929 0.000010 0.000010 0.000010 0.000010 0.000010 0.000010
82 82 (0) 1 : 0.000010 0.999929 0.000010 0.000010 0.000010 0.000010 0.000010 0.000010
83 83 (0) 1 : 0.000010 0.228924 0.000010 0.000010 0.000010 0.000014 0.771012 0.000010
84 84 (0) 1 : 0.000010 0.999923 0.000017 0.000010 0.000010 0.000010 0.000010 0.000010
85 85 (0) 1 : 0.000010 0.000010 0.000010 0.000010 0.000010 0.000010 0.999930 0.000010
86 86 (0) 1 : 0.000010 0.999930 0.000010 0.000010 0.000010 0.000010 0.000010 0.000010
87 87 (0) 1 : 0.000010 0.999925 0.000010 0.000010 0.000010 0.000014 0.000010 0.000010
88 88 (0) 1 : 0.000010 0.999930 0.000010 0.000010 0.000010 0.000010 0.000010 0.000010
89 89 (0) 1 : 0.000010 0.000010 0.000010 0.000010 0.000010 0.000010 0.999930 0.000010
90 90 (0) 1 : 0.000010 0.999920 0.000020 0.000010 0.000010 0.000010 0.000010 0.000010
91 91 (0) 1 : 0.000010 0.999930 0.000010 0.000010 0.000010 0.000010 0.000010 0.000010
92 92 (0) 1 : 0.000010 0.999930 0.000010 0.000010 0.000010 0.000010 0.000010 0.000010
93 93 (0) 1 : 0.000010 0.999928 0.000012 0.000010 0.000010 0.000010 0.000010 0.000010
94 94 (0) 1 : 0.000010 0.000010 0.000010 0.000010 0.000010 0.000010 0.999930 0.000010
95 95 (0) 1 : 0.000010 0.999930 0.000010 0.000010 0.000010 0.000010 0.000010 0.000010
96 96 (0) 1 : 0.000010 0.000010 0.000010 0.000010 0.000010 0.999930 0.000010 0.000010
97 97 (0) 1 : 0.000010 0.000010 0.000010 0.000010 0.000010 0.999930 0.000010 0.000010
98 98 (0) 1 : 0.000013 0.000010 0.000010 0.000010 0.000020 0.999917 0.000010 0.000010
99 99 (0) 1 : 0.000010 0.000010 0.000010 0.000011 0.000010 0.999929 0.000010 0.000010
100 100 (0) 1 : 0.000011 0.000010 0.000010 0.000010 0.000010 0.999929 0.000010 0.000010
101 101 (0) 1 : 0.000017 0.000020 0.000010 0.000010 0.000018 0.999905 0.000010 0.000010
102 102 (0) 1 : 0.000015 0.000010 0.000010 0.000010 0.000010 0.999918 0.000018 0.000010
103 103 (0) 1 : 0.000010 0.000016 0.000010 0.000010 0.000011 0.999924 0.000010 0.000010
104 104 (0) 1 : 0.000011 0.000010 0.000010 0.000010 0.000010 0.999929 0.000010 0.000010
105 105 (0) 1 : 0.000010 0.000013 0.000010 0.000010 0.000010 0.999927 0.000010 0.000010
106 106 (0) 1 : 0.000010 0.000010 0.000010 0.000010 0.000010 0.999930 0.000010 0.000010
107 107 (0) 1 : 0.000010 0.000010 0.000010 0.000010 0.000016 0.999924 0.000010 0.000010
108 108 (0) 1 : 0.000011 0.000010 0.000010 0.000010 0.000010 0.999929 0.000010 0.000010
109 109 (0) 1 : 0.000019 0.000010 0.000010 0.000010 0.000017 0.999914 0.000010 0.000010
110 110 (0) 1 : 0.000012 0.000010 0.000010 0.000010 0.000017 0.999921 0.000010 0.000010
111 111 (0) 1 : 0.000015 0.000010 0.000010 0.000010 0.000010 0.999925 0.000010 0.000010
112 112 (0) 1 : 0.000010 0.000020 0.000010 0.000010 0.000010 0.999920 0.000010 0.000010
113 113 (0) 1 : 0.000010 0.000010 0.000010 0.000010 0.000010 0.999930 0.000010 0.000010
114 114 (0) 1 : 0.999930 0.000010 0.000010 0.000010 0.000010 0.000010 0.000010 0.000010
115 115 (0) 1 : 0.999930 0.000010 0.000010 0.000010 0.000010 0.000010 0.000010 0.000010
116 116 (0) 1 : 0.999930 0.000010 0.000010 0.000010 0.000010 0.000010 0.000010 0.000010
117 117 (0) 1 : 0.999918 0.000010 0.000010 0.000013 0.000010 0.000019 0.000010 0.000010
118 118 (0) 1 : 0.999929 0.000010 0.000010 0.000010 0.000010 0.000010 0.000011 0.000010
119 119 (0) 1 : 0.999924 0.000010 0.000010 0.000010 0.000010 0.000016 0.000010 0.000010
120 120 (0) 1 : 0.999930 0.000010 0.000010 0.000010 0.000010 0.000010 0.000010 0.000010
121 121 (0) 1 : 0.999930 0.000010 0.000010 0.000010 0.000010 0.000010 0.000010 0.000010
1 1 (0) 1 : 0.000010 0.000016 0.000010 0.000010 0.000010 0.000010 0.999924 0.000010
2 2 (0) 1 : 0.000010 0.000010 0.000010 0.000010 0.000011 0.000010 0.999929 0.000010
3 3 (0) 1 : 0.000010 0.000017 0.000010 0.000010 0.000010 0.000010 0.999923 0.000010
4 4 (0) 1 : 0.000010 0.000010 0.000010 0.000010 0.000010 0.000010 0.999930 0.000010
5 5 (0) 1 : 0.000010 0.000013 0.000010 0.000010 0.000010 0.000010 0.999927 0.000010
6 6 (0) 1 : 0.000010 0.000010 0.000010 0.000010 0.000010 0.000010 0.999930 0.000010
7 7 (0) 1 : 0.000010 0.000012 0.000010 0.000010 0.000010 0.000019 0.999919 0.000010
8 8 (0) 1 : 0.000010 0.000010 0.000010 0.000010 0.000010 0.000010 0.999930 0.000010
9 9 (0) 1 : 0.000010 0.000010 0.000010 0.000010 0.000010 0.000010 0.999930 0.000010
10 10 (0) 1 : 0.000010 0.000011 0.000010 0.000010 0.000010 0.000010 0.999929 0.000010
11 11 (0) 1 : 0.000010 0.000010 0.000010 0.000010 0.000010 0.000010 0.999930 0.000010
12 12 (0) 1 : 0.000010 0.000010 0.000010 0.000010 0.000010 0.000010 0.999930 0.000010
13 13 (0) 1 : 0.000010 0.000010 0.000010 0.000010 0.000010 0.000010 0.999930 0.000010
14 14 (0) 1 : 0.000010 0.000010 0.000010 0.000010 0.000010 0.000010 0.999930 0.000010
15 15 (0) 1 : 0.000010 0.000010 0.000010 0.000010 0.000010 0.000010 0.999930 0.000010
16 16 (0) 1 : 0.000012 0.000011 0.000010 0.000010 0.000010 0.000010 0.999926 0.000010
17 17 (0) 1 : 0.000010 0.000010 0.000010 0.000010 0.000010 0.000010 0.999930 0.000010
18 18 (0) 1 : 0.000010 0.000012 0.000010 0.000010 0.000010 0.000010 0.999928 0.000010
19 19 (0) 1 : 0.000010 0.000010 0.000010 0.000010 0.000010 0.000010 0.999930 0.000010
20 20 (0) 1 : 0.000010 0.000010 0.000010 0.000010 0.000010 0.000010 0.999930 0.000010
21 21 (0) 1 : 0.000010 0.000018 0.000010 0.000010 0.000010 0.000010 0.999922 0.000010
22 22 (0) 1 : 0.000010 0.000010 0.000010 0.000010 0.000010 0.000010 0.999930 0.000010
23 23 (0) 1 : 0.000010 0.000010 0.000010 0.000010 0.000010 0.000010 0.999930 0.000010
24 24 (0) 1 : 0.000010 0.000012 0.000010 0.000010 0.000010 0.000010 0.999928 0.000010
25 25 (0) 1 : 0.000010 0.000015 0.000010 0.000010 0.000010 0.000010 0.999925 0.000010
26 26 (0) 1 : 0.000010 0.000010 0.000010 0.000010 0.000010 0.000010 0.999930 0.000010
27 27 (0) 1 : 0.000010 0.000010 0.000010 0.000010 0.000010 0.000010 0.999930 0.000010
28 28 (0) 1 : 0.000010 0.000010 0.000010 0.000010 0.000010 0.000014 0.999926 0.000010
29 29 (0) 1 : 0.000010 0.000010 0.000010 0.000010 0.000010 0.000015 0.999925 0.000010
30 30 (0) 1 : 0.000010 0.000010 0.000010 0.000010 0.000010 0.000010 0.999930 0.000010
31 31 (0) 1 : 0.000010 0.000010 0.000010 0.000010 0.000010 0.000010 0.999930 0.000010
32 32 (0) 1 : 0.000010 0.000010 0.000010 0.000010 0.000010 0.000010 0.999930 0.000010
33 33 (0) 1 : 0.000010 0.000010 0.000010 0.000010 0.000010 0.000010 0.999930 0.000010
34 34 (0) 1 : 0.000010 0.000010 0.000010 0.000010 0.000010 0.000010 0.999930 0.000010
35 35 (0) 1 : 0.000010 0.000010 0.000010 0.000010 0.000010 0.000010 0.999930 0.000010
36 36 (0) 1 : 0.000010 0.000010 0.379083 0.000010 0.620857 0.000010 0.000010 0.000010
37 37 (0) 1 : 0.003959 0.000010 0.000010 0.000010 0.995981 0.000010 0.000010 0.000010
38 38 (0) 1 : 0.000010 0.000010 0.000010 0.000010 0.999930 0.000010 0.000010 0.000010
39 39 (0) 1 : 0.000010 0.000010 0.827857 0.000010 0.172083 0.000010 0.000010 0.000010
40 40 (0) 1 : 0.107033 0.000010 0.559792 0.000010 0.333125 0.000010 0.000010 0.000010
41 41 (0) 1 : 0.644854 0.000010 0.173018 0.000010 0.182078 0.000010 0.000010 0.000010
42 42 (0) 1 : 0.000010 0.000010 0.711832 0.000010 0.288108 0.000010 0.000010 0.000010
43 43 (0) 1 : 0.000010 0.000016 0.956853 0.000010 0.043081 0.000010 0.000010 0.000010
44 44 (0) 1 : 0.629482 0.000010 0.370458 0.000010 0.000010 0.000010 0.000010 0.000010
45 45 (0) 1 : 0.086273 0.000010 0.787413 0.000015 0.126259 0.000010 0.000010 0.000010
46 46 (0) 1 : 0.999929 0.000010 0.000010 0.000010 0.000010 0.000011 0.000010 0.000010
47 47 (0) 1 : 0.003886 0.000010 0.000010 0.000010 0.996054 0.000010 0.000010 0.000010
48 48 (0) 1 : 0.999930 0.000010 0.000010 0.000010 0.000010 0.000010 0.000010 0.000010
49 49 (0) 1 : 0.575282 0.000010 0.424658 0.000010 0.000010 0.000010 0.000010 0.000010
50 50 (0) 1 : 0.642254 0.000010 0.000010 0.000010 0.357686 0.000010 0.000010 0.000010
51 51 (0) 1 : 0.576845 0.000010 0.327026 0.000010 0.096079 0.000010 0.000010 0.000010
52 52 (0) 1 : 0.000010 0.000010 0.000010 0.000010 0.999930 0.000010 0.000010 0.000010
53 53 (0) 1 : 0.000010 0.000010 0.999930 0.000010 0.000010 0.000010 0.000010 0.000010
54 54 (0) 1 : 0.000010 0.000010 0.999930 0.000010 0.000010 0.000010 0.000010 0.000010
55 55 (0) 1 : 0.565626 0.000010 0.434314 0.000010 0.000010 0.000010 0.000010 0.000010
56 56 (0) 1 : 0.000010 0.000010 0.000010 0.000010 0.999930 0.000010 0.000010 0.000010
57 57 (0) 1 : 0.000010 0.000010 0.999930 0.000010 0.000010 0.000010 0.000010 0.000010
58 58 (0) 1 : 0.474623 0.000010 0.525317 0.000010 0.000010 0.000010 0.000010 0.000010
59 59 (0) 1 : 0.420769 0.000010 0.579171 0.000010 0.000010 0.000010 0.000010 0.000010
60 60 (0) 1 : 0.000010 0.000010 0.999930 0.000010 0.000010 0.000010 0.000010 0.000010
61 61 (0) 1 : 0.110912 0.000010 0.889028 0.000010 0.000010 0.000010 0.000010 0.000010
62 62 (0) 1 : 0.000470 0.000010 0.000010 0.000010 0.999470 0.000010 0.000010 0.000010
63 63 (0) 1 : 0.800430 0.000010 0.199510 0.000010 0.000010 0.000010 0.000010 0.000010
64 64 (0) 1 : 0.000010 0.000010 0.978932 0.000010 0.021008 0.000010 0.000010 0.000010
65 65 (0) 1 : 0.000010 0.000014 0.575754 0.000010 0.424182 0.000010 0.000010 0.000010
66 66 (0) 1 : 0.000010 0.000010 0.999930 0.000010 0.000010 0.000010 0.000010 0.000010
67 67 (0) 1 : 0.105602 0.000010 0.892505 0.000010 0.001844 0.000010 0.000010 0.000010
68 68 (0) 1 : 0.999930 0.000010 0.000010 0.000010 0.000010 0.000010 0.000010 0.000010
69 69 (0) 1 : 0.095494 0.000010 0.672087 0.000010 0.232370 0.000010 0.000010 0.000010
70 70 (0) 1 : 0.999930 0.000010 0.000010 0.000010 0.000010 0.000010 0.000010 0.000010
71 71 (0) 1 : 0.744247 0.000010 0.255693 0.000010 0.000010 0.000010 0.000010 0.000010
72 72 (0) 1 : 0.000010 0.000010 0.999928 0.000012 0.000010 0.000010 0.000010 0.000010
73 73 (0) 1 : 0.000010 0.000010 0.999930 0.000010 0.000010 0.000010 0.000010 0.000010
74 74 (0) 1 : 0.190042 0.000010 0.752388 0.000010 0.057520 0.000010 0.000010 0.000010
75 75 (0) 1 : 0.105286 0.000010 0.616932 0.000010 0.277732 0.000010 0.000010 0.000010
76 76 (0) 1 : 0.999930 0.000010 0.000010 0.000010 0.000010 0.000010 0.000010 0.000010
77 77 (0) 1 : 0.423174 0.000010 0.000010 0.000010 0.576766 0.000010 0.000010 0.000010
78 78 (0) 1 : 0.000010 0.027086 0.000010 0.972852 0.000010 0.000010 0.000012 0.000010
79 79 (0) 1 : 0.000010 0.999926 0.000010 0.000010 0.000010 0.000014 0.000010 0.000010
80 80 (0) 1 : 0.000010 0.999930 0.000010 0.000010 0.000010 0.000010 0.000010 0.000010
81 81 (0) 1 : 0.000010 0.000010 0.000012 0.999927 0.000010 0.000010 0.000012 0.000010
82 82 (0) 1 : 0.000010 0.000010 0.000012 0.999928 0.000010 0.000010 0.000010 0.000010
83 83 (0) 1 : 0.000010 0.417082 0.000013 0.582855 0.000010 0.000010 0.000010 0.000010
84 84 (0) 1 : 0.000010 0.000010 0.000010 0.999930 0.000010 0.000010 0.000010 0.000010
85 85 (0) 1 : 0.000010 0.999930 0.000010 0.000010 0.000010 0.000010 0.000010 0.000010
86 86 (0) 1 : 0.000010 0.999925 0.000010 0.000010 0.000010 0.000015 0.000010 0.000010
87 87 (0) 1 : 0.000010 0.000010 0.000010 0.999930 0.000010 0.000010 0.000010 0.000010
88 88 (0) 1 : 0.000010 0.000010 0.000010 0.999930 0.000010 0.000010 0.000010 0.000010
89 89 (0) 1 : 0.000010 0.999928 0.000010 0.000010 0.000010 0.000010 0.000012 0.000010
90 90 (0) 1 : 0.000010 0.000010 0.000010 0.999930 0.000010 0.000010 0.000010 0.000010
91 91 (0) 1 : 0.000010 0.999930 0.000010 0.000010 0.000010 0.000010 0.000010 0.000010
92 92 (0) 1 : 0.000010 0.999923 0.000010 0.000010 0.000012 0.000015 0.000010 0.000010
93 93 (0) 1 : 0.000010 0.999930 0.000010 0.000010 0.000010 0.000010 0.000010 0.000010
94 94 (0) 1 : 0.000011 0.999927 0.000011 0.000010 0.000010 0.000011 0.000010 0.000010
95 95 (0) 1 : 0.000010 0.000010 0.000010 0.999930 0.000010 0.000010 0.000010 0.000010
96 96 (0) 1 : 0.000010 0.000010 0.000012 0.000010 0.000016 0.000010 0.000010 0.999922
97 97 (0) 1 : 0.000010 0.000010 0.000010 0.000019 0.000010 0.000010 0.000010 0.999921
98 98 (0) 1 : 0.000010 0.000018 0.000010 0.000010 0.000010 0.000013 0.000010 0.999920
99 99 (0) 1 : 0.000010 0.000010 0.000018 0.000010 0.000010 0.000010 0.000010 0.999922
100 100 (0) 1 : 0.000010 0.000010 0.000010 0.000010 0.000010 0.000010 0.000010 0.999930
101 101 (0) 1 : 0.000010 0.000010 0.000010 0.000010 0.000010 0.000010 0.000010 0.999930
102 102 (0) 1 : 0.000010 0.000010 0.000015 0.000010 0.000011 0.000010 0.000010 0.999924
103 103 (0) 1 : 0.000010 0.000018 0.000010 0.000014 0.000010 0.000010 0.000010 0.999917
104 104 (0) 1 : 0.000010 0.000014 0.000010 0.000010 0.000010 0.000010 0.000010 0.999926
105 105 (0) 1 : 0.000010 0.000010 0.000010 0.000012 0.000010 0.000010 0.000010 0.999928
106 106 (0) 1 : 0.000019 0.000019 0.000010 0.000010 0.000010 0.000012 0.000010 0.999910
107 107 (0) 1 : 0.000010 0.000010 0.000010 0.000020 0.000010 0.000013 0.000010 0.999917
108 108 (0) 1 : 0.000012 0.000016 0.000010 0.000010 0.000017 0.000010 0.000010 0.999916
109 109 (0) 1 : 0.000010 0.000010 0.000015 0.000010 0.000010 0.000010 0.000010 0.999925
110 110 (0) 1 : 0.000010 0.000010 0.000010 0.000010 0.000010 0.000010 0.000010 0.999930
111 111 (0) 1 : 0.000010 0.000010 0.000010 0.000010 0.000010 0.000013 0.000010 0.999927
112 112 (0) 1 : 0.000010 0.000016 0.000010 0.000010 0.000010 0.000010 0.000010 0.999924
113 113 (0) 1 : 0.000017 0.000015 0.000010 0.000010 0.000010 0.000014 0.000010 0.999914
114 114 (0) 1 : 0.000010 0.000010 0.000010 0.000010 0.000010 0.999930 0.000010 0.000010
115 115 (0) 1 : 0.000010 0.000010 0.000010 0.000010 0.000010 0.999930 0.000010 0.000010
116 116 (0) 1 : 0.000010 0.000012 0.000010 0.000010 0.000010 0.999928 0.000010 0.000010
117 117 (0) 1 : 0.000010 0.000017 0.000010 0.000010 0.000010 0.999923 0.000010 0.000010
118 118 (0) 1 : 0.000020 0.000010 0.000010 0.000010 0.000010 0.999920 0.000010 0.000010
119 119 (0) 1 : 0.000010 0.000010 0.000010 0.000010 0.000010 0.999930 0.000010 0.000010
120 120 (0) 1 : 0.000010 0.000010 0.000015 0.000010 0.000010 0.999925 0.000010 0.000010
121 121 (0) 1 : 0.000010 0.000010 0.000016 0.000010 0.000010 0.999924 0.000010 0.000010
1 1 (0) 1 : 0.000010 0.000010 0.000010 0.000010 0.000010 0.999930 0.000010 0.000010
2 2 (0) 1 : 0.000010 0.000010 0.000010 0.000010 0.000010 0.999930 0.000010 0.000010
3 3 (0) 1 : 0.000010 0.000010 0.000010 0.000010 0.000010 0.999930 0.000010 0.000010
4 4 (0) 1 : 0.000010 0.000010 0.000010 0.000010 0.000010 0.999930 0.000010 0.000010
5 5 (0) 1 : 0.000010 0.000010 0.000010 0.000010 0.000010 0.999930 0.000010 0.000010
6 6 (0) 1 : 0.000010 0.000010 0.000010 0.000010 0.000010 0.999930 0.000010 0.000010
7 7 (0) 1 : 0.000010 0.000010 0.000010 0.000010 0.000010 0.999930 0.000010 0.000010
8 8 (0) 1 : 0.000010 0.000010 0.000010 0.000010 0.000010 0.999930 0.000010 0.000010
9 9 (0) 1 : 0.000010 0.000010 0.000010 0.000010 0.000010 0.999930 0.000010 0.000010
10 10 (0) 1 : 0.000010 0.000010 0.000010 0.000010 0.000010 0.999930 0.000010 0.000010
11 11 (0) 1 : 0.000010 0.000010 0.000010 0.000010 0.000010 0.999930 0.000010 0.000010
12 12 (0) 1 : 0.000010 0.000010 0.000010 0.000010 0.000010 0.999930 0.000010 0.000010
13 13 (0) 1 : 0.000010 0.000010 0.000010 0.000010 0.000012 0.999928 0.000010 0.000010
14 14 (0) 1 : 0.000010 0.000010 0.000010 0.000010 0.000010 0.999930 0.000010 0.000010
15 15 (0) 1 : 0.000010 0.000010 0.000010 0.000010 0.000010 0.999930 0.000010 0.000010
16 16 (0) 1 : 0.000010 0.000010 0.000010 0.000010 0.000010 0.999930 0.000010 0.000010
17 17 (0) 1 : 0.000010 0.000010 0.000010 0.000010 0.000010 0.999930 0.000010 0.000010
18 18 (0) 1 : 0.000010 0.000010 0.000010 0.000010 0.000010 0.999930 0.000010 0.000010
19 19 (0) 1 : 0.000010 0.000010 0.000010 0.000010 0.000010 0.999930 0.000010 0.000010
20 20 (0) 1 : 0.000010 0.000010 0.000010 0.000010 0.000010 0.999930 0.000010 0.000010
21 21 (0) 1 : 0.000010 0.000010 0.000010 0.000010 0.000010 0.999930 0.000010 0.000010
22 22 (0) 1 : 0.000010 0.000010 0.000010 0.000010 0.000010 0.999930 0.000010 0.000010
23 23 (0) 1 : 0.000010 0.000010 0.000010 0.000010 0.000010 0.999930 0.000010 0.000010
24 24 (0) 1 : 0.000010 0.000010 0.000010 0.000010 0.000010 0.999930 0.000010 0.000010
25 25 (0) 1 : 0.000010 0.000010 0.000010 0.000010 0.000010 0.999930 0.000010 0.000010
26 26 (0) 1 : 0.000010 0.000010 0.000010 0.000010 0.000010 0.999930 0.000010 0.000010
27 27 (0) 1 : 0.000010 0.000010 0.000010 0.000010 0.000010 0.999930 0.000010 0.000010
28 28 (0) 1 : 0.000010 0.000010 0.000010 0.000010 0.000010 0.999930 0.000010 0.000010
29 29 (0) 1 : 0.000010 0.000010 0.000010 0.000010 0.000010 0.999930 0.000010 0.000010
30 30 (0) 1 : 0.000010 0.000010 0.000010 0.000010 0.000010 0.999930 0.000010 0.000010
31 31 (0) 1 : 0.000010 0.000010 0.000010 0.000010 0.000010 0.999930 0.000010 0.000010
32 32 (0) 1 : 0.000010 0.000010 0.000010 0.000010 0.000010 0.999930 0.000010 0.000010
33 33 (0) 1 : 0.000010 0.000010 0.000010 0.000010 0.000010 0.999930 0.000010 0.000010
34 34 (0) 1 : 0.000010 0.000010 0.000010 0.000010 0.000010 0.999930 0.000010 0.000010
35 35 (0) 1 : 0.000010 0.000010 0.000010 0.000010 0.000010 0.999930 0.000010 0.000010
36 36 (0) 1 : 0.000010 0.568870 0.000010 0.000010 0.000010 0.000010 0.375667 0.055413
37 37 (0) 1 : 0.000010 0.999930 0.000010 0.000010 0.000010 0.000010 0.000010 0.000010
38 38 (0) 1 : 0.000010 0.999930 0.000010 0.000010 0.000010 0.000010 0.000010 0.000010
39 39 (0) 1 : 0.000010 0.099473 0.000010 0.000010 0.000010 0.000010 0.900467 0.000010
40 40 (0) 1 : 0.000010 0.355689 0.000010 0.000010 0.000010 0.000010 0.530361 0.113899
41 41 (0) 1 : 0.000010 0.425723 0.000010 0.000010 0.000010 0.000010 0.202799 0.371429
42 42 (0) 1 : 0.000010 0.251423 0.000010 0.000010 0.000010 0.000010 0.748517 0.000010
43 43 (0) 1 : 0.000010 0.000010 0.000010 0.000012 0.000010 0.000010 0.999928 0.000010
44 44 (0) 1 : 0.000010 0.000010 0.000010 0.000010 0.000010 0.000010 0.382896 0.617044
45 45 (0) 1 : 0.000010 0.096469 0.000010 0.000010 0.000010 0.000010 0.775405 0.128077
46 46 (0) 1 : 0.000010 0.000010 0.000010 0.000010 0.000010 0.000010 0.000010 0.999930
47 47 (0) 1 : 0.000010 0.999924 0.000015 0.000010 0.000011 0.000010 0.000010 0.000010
48 48 (0) 1 : 0.000010 0.000010 0.000010 0.000010 0.000010 0.000010 0.000010 0.999930
49 49 (0) 1 : 0.000010 0.000010 0.000010 0.000010 0.000010 0.000010 0.304852 0.695088
50 50 (0) 1 : 0.000010 0.524505 0.000010 0.000010 0.000010 0.000010 0.000010 0.475435
51 51 (0) 1 : 0.000010 0.000010 0.000010 0.000010 0.000010 0.000010 0.000010 0.999930
52 52 (0) 1 : 0.000010 0.999930 0.000010 0.000010 0.000010 0.000010 0.000010 0.000010
53 53 (0) 1 : 0.000010 0.000010 0.000010 0.000010 0.000010 0.000010 0.999930 0.000010
54 54 (0) 1 : 0.000010 0.000010 0.000010 0.000010 0.000010 0.000010 0.999930 0.000010
55 55 (0) 1 : 0.000010 0.000010 0.000010 0.000010 0.000010 0.000010 0.000010 0.999930
56 56 (0) 1 : 0.000013 0.999927 0.000010 0.000010 0.000010 0.000010 0.000010 0.000010
57 57 (0) 1 : 0.000010 0.000010 0.000010 0.000010 0.000010 0.000010 0.999930 0.000010
58 58 (0) 1 : 0.000010 0.000010 0.000010 0.000010 0.000010 0.000010 0.655410 0.344530
59 59 (0) 1 : 0.000010 0.000010 0.000010 0.000010 0.000010 0.000010 0.428001 0.571939
60 60 (0) 1 : 0.000010 0.000010 0.000010 0.000010 0.000010 0.000010 0.999930 0.000010
61 61 (0) 1 : 0.000010 0.000010 0.000010 0.000010 0.000010 0.000010 0.811306 0.188634
62 62 (0) 1 : 0.000010 0.999930 0.000010 0.000010 0.000010 0.000010 0.000010 0.000010
63 63 (0) 1 : 0.000010 0.000010 0.000010 0.000010 0.000010 0.000010 0.000010 0.999930
64 64 (0) 1 : 0.000010 0.000010 0.000010 0.000010 0.000010 0.000010 0.999930 0.000010
65 65 (0) 1 : 0.000017 0.328988 0.000010 0.000010 0.000010 0.000010 0.670945 0.000010
66 66 (0) 1 : 0.000010 0.000010 0.000010 0.000010 0.000010 0.000010 0.999930 0.000010
67 67 (0) 1 : 0.000010 0.000010 0.000010 0.000010 0.000010 0.000010 0.808370 0.191570
68 68 (0) 1 : 0.000010 0.000010 0.000010 0.000010 0.000010 0.000010 0.000010 0.999930
69 69 (0) 1 : 0.000010 0.476197 0.000010 0.000010 0.000010 0.000010 0.523743 0.000010
70 70 (0) 1 : 0.000010 0.000010 0.000010 0.000010 0.000010 0.000010 0.000010 0.999930
71 71 (0) 1 : 0.000010 0.000010 0.000010 0.000010 0.000010 0.000010 0.000010 0.999930
72 72 (0) 1 : 0.000010 0.000010 0.000010 0.000010 0.000010 0.000010 0.999930 0.000010
73 73 (0) 1 : 0.000010 0.000010 0.000010 0.000011 0.000010 0.000010 0.999929 0.000010
74 74 (0) 1 : 0.000010 0.136883 0.000010 0.000010 0.000010 0.000010 0.737488 0.125579
75 75 (0) 1 : 0.000012 0.327566 0.000012 0.000010 0.000010 0.000010 0.672371 0.000010
76 76 (0) 1 : 0.000010 0.141248 0.000010 0.000010 0.000010 0.000010 0.000010 0.858692
77 77 (0) 1 : 0.000010 0.628667 0.000010 0.000010 0.000010 0.000010 0.000010 0.371273
78 78 (0) 1 : 0.000010 0.000010 0.999930 0.000010 0.000010 0.000010 0.000010 0.000010
79 79 (0) 1 : 0.425298 0.000010 0.574642 0.000010 0.000010 0.000010 0.000010 0.000010
80 80 (0) 1 : 0.999930 0.000010 0.000010 0.000010 0.000010 0.000010 0.000010 0.000010
81 81 (0) 1 : 0.000010 0.000010 0.999930 0.000010 0.000010 0.000010 0.000010 0.000010
82 82 (0) 1 : 0.000010 0.000010 0.999930 0.000010 0.000010 0.000010 0.000010 0.000010
83 83 (0) 1 : 0.725909 0.000010 0.274031 0.000010 0.000010 0.000010 0.000010 0.000010
84 84 (0) 1 : 0.999930 0.000010 0.000010 0.000010 0.000010 0.000010 0.000010 0.000010
85 85 (0) 1 : 0.000010 0.000010 0.999930 0.000010 0.000010 0.000010 0.000010 0.000010
86 86 (0) 1 : 0.999930 0.000010 0.000010 0.000010 0.000010 0.000010 0.000010 0.000010
87 87 (0) 1 : 0.000010 0.000010 0.999930 0.000010 0.000010 0.000010 0.000010 0.000010
88 88 (0) 1 : 0.999930 0.000010 0.000010 0.000010 0.000010 0.000010 0.000010 0.000010
89 89 (0) 1 : 0.000010 0.000010 0.999930 0.000010 0.000010 0.000010 0.000010 0.000010
90 90 (0) 1 : 0.000010 0.000010 0.999930 0.000010 0.000010 0.000010 0.000010 0.000010
91 91 (0) 1 : 0.999930 0.000010 0.000010 0.000010 0.000010 0.000010 0.000010 0.000010
92 92 (0) 1 : 0.999930 0.000010 0.000010 0.000010 0.000010 0.000010 0.000010 0.000010
93 93 (0) 1 : 0.999930 0.000010 0.000010 0.000010 0.000010 0.000010 0.000010 0.000010
94 94 (0) 1 : 0.999924 0.000010 0.000010 0.000015 0.000010 0.000010 0.000010 0.000010
95 95 (0) 1 : 0.999930 0.000010 0.000010 0.000010 0.000010 0.000010 0.000010 0.000010
96 96 (0) 1 : 0.000010 0.000010 0.000010 0.999930 0.000010 0.000010 0.000010 0.000010
97 97 (0) 1 : 0.000010 0.000010 0.000010 0.999930 0.000010 0.000010 0.000010 0.000010
98 98 (0) 1 : 0.000010 0.000010 0.000010 0.999927 0.000013 0.000010 0.000010 0.000010
99 99 (0) 1 : 0.000010 0.000010 0.000010 0.999930 0.000010 0.000010 0.000010 0.000010
100 100 (0) 1 : 0.000010 0.000010 0.000010 0.999930 0.000010 0.000010 0.000010 0.000010
101 101 (0) 1 : 0.000010 0.000010 0.000010 0.999930 0.000010 0.000010 0.000010 0.000010
102 102 (0) 1 : 0.000010 0.000010 0.000010 0.999930 0.000010 0.000010 0.000010 0.000010
103 103 (0) 1 : 0.000010 0.000010 0.000010 0.999930 0.000010 0.000010 0.000010 0.000010
104 104 (0) 1 : 0.000010 0.000010 0.000010 0.999930 0.000010 0.000010 0.000010 0.000010
105 105 (0) 1 : 0.000010 0.000010 0.000010 0.999930 0.000010 0.000010 0.000010 0.000010
106 106 (0) 1 : 0.000010 0.000010 0.000010 0.999929 0.000011 0.000010 0.000010 0.000010
107 107 (0) 1 : 0.000010 0.000010 0.000010 0.999930 0.000010 0.000010 0.000010 0.000010
108 108 (0) 1 : 0.000010 0.000010 0.000010 0.999930 0.000010 0.000010 0.000010 0.000010
109 109 (0) 1 : 0.000010 0.000010 0.000010 0.999929 0.000011 0.000010 0.000010 0.000010
110 110 (0) 1 : 0.000010 0.000010 0.000010 0.999930 0.000010 0.000010 0.000010 0.000010
111 111 (0) 1 : 0.000010 0.000010 0.000018 0.999922 0.000010 0.000010 0.000010 0.000010
112 112 (0) 1 : 0.000010 0.000010 0.000010 0.999930 0.000010 0.000010 0.000010 0.000010
113 113 (0) 1 : 0.000010 0.000010 0.000010 0.999930 0.000010 0.000010 0.000010 0.000010
114 114 (0) 1 : 0.000010 0.000010 0.000010 0.000010 0.999930 0.000010 0.000010 0.000010
115 115 (0) 1 : 0.000017 0.000010 0.000012 0.000010 0.999919 0.000012 0.000010 0.000010
116 116 (0) 1 : 0.000010 0.000010 0.000014 0.000010 0.999926 0.000010 0.000010 0.000010
117 117 (0) 1 : 0.000010 0.000010 0.000010 0.000010 0.999930 0.000010 0.000010 0.000010
118 118 (0) 1 : 0.000010 0.000010 0.000010 0.000010 0.999930 0.000010 0.000010 0.000010
119 119 (0) 1 : 0.000010 0.000010 0.000010 0.000010 0.999930 0.000010 0.000010 0.000010
120 120 (0) 1 : 0.000010 0.000010 0.000010 0.000010 0.999927 0.000013 0.000010 0.000010
121 121 (0) 1 : 0.000010 0.000010 0.000010 0.000010 0.999930 0.000010 0.000010 0.000010
