1 1 (0) 1 : 0.000010 0.000010 0.999980
2 2 (0) 1 : 0.000010 0.000010 0.999980
3 3 (0) 1 : 0.000010 0.000010 0.999980
4 4 (0) 1 : 0.000010 0.000010 0.999980
5 5 (0) 1 : 0.000010 0.000010 0.999980
6 6 (0) 1 : 0.000010 0.000010 0.999980
7 7 (0) 1 : 0.000010 0.000010 0.999980
8 8 (0) 1 : 0.000010 0.000010 0.999980
9 9 (0) 1 : 0.000010 0.000010 0.999980
10 10 (0) 1 : 0.000010 0.000010 0.999980
11 11 (0) 1 : 0.000010 0.000010 0.999980
12 12 (0) 1 : 0.000010 0.000010 0.999980
13 13 (0) 1 : 0.000010 0.000010 0.999980
14 14 (0) 1 : 0.000010 0.000010 0.999980
15 15 (0) 1 : 0.000010 0.000010 0.999980
16 16 (0) 1 : 0.000010 0.000010 0.999980
17 17 (0) 1 : 0.000010 0.000010 0.999980
18 18 (0) 1 : 0.000010 0.000010 0.999980
19 19 (0) 1 : 0.000010 0.000010 0.999980
20 20 (0) 1 : 0.000010 0.000010 0.999980
21 21 (0) 1 : 0.000010 0.000010 0.999980
22 22 (0) 1 : 0.000010 0.000010 0.999980
23 23 (0) 1 : 0.000010 0.000010 0.999980
24 24 (0) 1 : 0.000010 0.000010 0.999980
25 25 (0) 1 : 0.000010 0.000010 0.999980
26 26 (0) 1 : 0.000010 0.000010 0.999980
27 27 (0) 1 : 0.000010 0.000010 0.999980
28 28 (0) 1 : 0.000010 0.000010 0.999980
29 29 (0) 1 : 0.000010 0.000010 0.999980
30 30 (0) 1 : 0.000010 0.000010 0.999980
31 31 (0) 1 : 0.000010 0.000010 0.999980
32 32 (0) 1 : 0.000010 0.000010 0.999980
33 33 (0) 1 : 0.000010 0.000010 0.999980
34 34 (0) 1 : 0.000010 0.000010 0.999980
35 35 (0) 1 : 0.000010 0.000010 0.999980
36 36 (0) 1 : 0.000010 0.999980 0.000010
37 37 (0) 1 : 0.000010 0.999980 0.000010
38 38 (0) 1 : 0.000010 0.999980 0.000010
39 39 (0) 1 : 0.000010 0.999980 0.000010
40 40 (0) 1 : 0.000010 0.999980 0.000010
41 41 (0) 1 : 0.000010 0.999980 0.000010
42 42 (0) 1 : 0.000010 0.999980 0.000010
43 43 (0) 1 : 0.000010 0.999980 0.000010
44 44 (0) 1 : 0.000010 0.999980 0.000010
45 45 (0) 1 : 0.000010 0.999980 0.000010
46 46 (0) 1 : 0.000010 0.999980 0.000010
47 47 (0) 1 : 0.000010 0.999980 0.000010
48 48 (0) 1 : 0.000010 0.999980 0.000010
49 49 (0) 1 : 0.000010 0.999980 0.000010
50 50 (0) 1 : 0.000010 0.999980 0.000010
51 51 (0) 1 : 0.000010 0.999980 0.000010
52 52 (0) 1 : 0.000010 0.999980 0.000010
53 53 (0) 1 : 0.000010 0.999980 0.000010
54 54 (0) 1 : 0.000010 0.999980 0.000010
55 55 (0) 1 : 0.000010 0.999980 0.000010
56 56 (0) 1 : 0.000010 0.999980 0.000010
57 57 (0) 1 : 0.000010 0.999980 0.000010
58 58 (0) 1 : 0.000010 0.999980 0.000010
59 59 (0) 1 : 0.000010 0.999980 0.000010
60 60 (0) 1 : 0.000010 0.999980 0.000010
61 61 (0) 1 : 0.000010 0.999980 0.000010
62 62 (0) 1 : 0.000010 0.999980 0.000010
63 63 (0) 1 : 0.000010 0.999980 0.000010
64 64 (0) 1 : 0.000010 0.999980 0.000010
65 65 (0) 1 : 0.000010 0.999980 0.000010
66 66 (0) 1 : 0.000010 0.999980 0.000010
67 67 (0) 1 : 0.000010 0.999980 0.000010
68 68 (0) 1 : 0.000010 0.999980 0.000010
69 69 (0) 1 : 0.000010 0.999980 0.000010
70 70 (0) 1 : 0.000010 0.999980 0.000010
71 71 (0) 1 : 0.000010 0.999980 0.000010
72 72 (0) 1 : 0.000010 0.999980 0.000010
73 73 (0) 1 : 0.000010 0.999980 0.000010
74 74 (0) 1 : 0.000010 0.999980 0.000010
75 75 (0) 1 : 0.000010 0.999980 0.000010
76 76 (0) 1 : 0.000010 0.999980 0.000010
77 77 (0) 1 : 0.000010 0.999980 0.000010
78 78 (0) 1 : 0.999980 0.000010 0.000010
79 79 (0) 1 : 0.999980 0.000010 0.000010
80 80 (0) 1 : 0.999980 0.000010 0.000010
81 81 (0) 1 : 0.999980 0.000010 0.000010
82 82 (0) 1 : 0.999980 0.000010 0.000010
83 83 (0) 1 : 0.999980 0.000010 0.000010
84 84 (0) 1 : 0.999980 0.000010 0.000010
85 85 (0) 1 : 0.999980 0.000010 0.000010
86 86 (0) 1 : 0.999980 0.000010 0.000010
87 87 (0) 1 : 0.999980 0.000010 0.000010
88 88 (0) 1 : 0.999980 0.000010 0.000010
89 89 (0) 1 : 0.999980 0.000010 0.000010
90 90 (0) 1 : 0.999980 0.000010 0.000010
91 91 (0) 1 : 0.999980 0.000010 0.000010
92 92 (0) 1 : 0.999980 0.000010 0.000010
93 93 (0) 1 : 0.999980 0.000010 0.000010
94 94 (0) 1 : 0.999980 0.000010 0.000010
95 95 (0) 1 : 0.999980 0.000010 0.000010
96 96 (0) 1 : 0.000010 0.000010 0.999980
97 97 (0) 1 : 0.000010 0.000010 0.999980
98 98 (0) 1 : 0.000010 0.000010 0.999980
99 99 (0) 1 : 0.000010 0.000010 0.999980
100 100 (0) 1 : 0.000010 0.000010 0.999980
101 101 (0) 1 : 0.000010 0.000010 0.999980
102 102 (0) 1 : 0.000010 0.000010 0.999980
103 103 (0) 1 : 0.000010 0.000010 0.999980
104 104 (0) 1 : 0.000010 0.000010 0.999980
105 105 (0) 1 : 0.000010 0.000010 0.999980
106 106 (0) 1 : 0.000010 0.000010 0.999980
107 107 (0) 1 : 0.000010 0.000010 0.999980
108 108 (0) 1 : 0.000010 0.000010 0.999980
109 109 (0) 1 : 0.000010 0.000010 0.999980
110 110 (0) 1 : 0.000010 0.000010 0.999980
111 111 (0) 1 : 0.000010 0.000010 0.999980
112 112 (0) 1 : 0.000010 0.000010 0.999980
113 113 (0) 1 : 0.000010 0.000010 0.999980
114 114 (0) 1 : 0.589941 0.000010 0.410049
115 115 (0) 1 : 0.574594 0.000010 0.425396
116 116 (0) 1 : 0.588749 0.000010 0.411241
117 117 (0) 1 : 0.589265 0.000010 0.410725
118 118 (0) 1 : 0.591959 0.000010 0.408031
119 119 (0) 1 : 0.582935 0.000010 0.417055
120 120 (0) 1 : 0.574543 0.000010 0.425447
121 121 (0) 1 : 0.584373 0.000010 0.415617
1 1 (0) 1 : 0.999980 0.000010 0.000010
2 2 (0) 1 : 0.999980 0.000010 0.000010
3 3 (0) 1 : 0.999980 0.000010 0.000010
4 4 (0) 1 : 0.999980 0.000010 0.000010
5 5 (0) 1 : 0.999980 0.000010 0.000010
6 6 (0) 1 : 0.999980 0.000010 0.000010
7 7 (0) 1 : 0.999980 0.000010 0.000010
8 8 (0) 1 : 0.999980 0.000010 0.000010
9 9 (0) 1 : 0.999980 0.000010 0.000010
10 10 (0) 1 : 0.999980 0.000010 0.000010
11 11 (0) 1 : 0.999980 0.000010 0.000010
12 12 (0) 1 : 0.999980 0.000010 0.000010
13 13 (0) 1 : 0.999980 0.000010 0.000010
14 14 (0) 1 : 0.999980 0.000010 0.000010
15 15 (0) 1 : 0.999980 0.000010 0.000010
16 16 (0) 1 : 0.999980 0.000010 0.000010
17 17 (0) 1 : 0.999980 0.000010 0.000010
18 18 (0) 1 : 0.999980 0.000010 0.000010
19 19 (0) 1 : 0.999980 0.000010 0.000010
20 20 (0) 1 : 0.999980 0.000010 0.000010
21 21 (0) 1 : 0.999980 0.000010 0.000010
22 22 (0) 1 : 0.999980 0.000010 0.000010
23 23 (0) 1 : 0.999980 0.000010 0.000010
24 24 (0) 1 : 0.999980 0.000010 0.000010
25 25 (0) 1 : 0.999980 0.000010 0.000010
26 26 (0) 1 : 0.999980 0.000010 0.000010
27 27 (0) 1 : 0.999980 0.000010 0.000010
28 28 (0) 1 : 0.999980 0.000010 0.000010
29 29 (0) 1 : 0.999980 0.000010 0.000010
30 30 (0) 1 : 0.999980 0.000010 0.000010
31 31 (0) 1 : 0.999980 0.000010 0.000010
32 32 (0) 1 : 0.999980 0.000010 0.000010
33 33 (0) 1 : 0.999980 0.000010 0.000010
34 34 (0) 1 : 0.999980 0.000010 0.000010
35 35 (0) 1 : 0.999980 0.000010 0.000010
36 36 (0) 1 : 0.000010 0.000010 0.999980
37 37 (0) 1 : 0.000010 0.000010 0.999980
38 38 (0) 1 : 0.000010 0.000010 0.999980
39 39 (0) 1 : 0.000010 0.000010 0.999980
40 40 (0) 1 : 0.000010 0.000010 0.999980
41 41 (0) 1 : 0.000010 0.000010 0.999980
42 42 (0) 1 : 0.000010 0.000010 0.999980
43 43 (0) 1 : 0.000010 0.000010 0.999980
44 44 (0) 1 : 0.000010 0.000010 0.999980
45 45 (0) 1 : 0.000010 0.000010 0.999980
46 46 (0) 1 : 0.000010 0.000010 0.999980
47 47 (0) 1 : 0.000010 0.000010 0.999980
48 48 (0) 1 : 0.000010 0.000010 0.999980
49 49 (0) 1 : 0.000010 0.000010 0.999980
50 50 (0) 1 : 0.000010 0.000010 0.999980
51 51 (0) 1 : 0.000010 0.000010 0.999980
52 52 (0) 1 : 0.000010 0.000010 0.999980
53 53 (0) 1 : 0.000010 0.000010 0.999980
54 54 (0) 1 : 0.000010 0.000010 0.999980
55 55 (0) 1 : 0.000010 0.000010 0.999980
56 56 (0) 1 : 0.000010 0.000010 0.999980
57 57 (0) 1 : 0.000010 0.000010 0.999980
58 58 (0) 1 : 0.000010 0.000010 0.999980
59 59 (0) 1 : 0.000010 0.000010 0.999980
60 60 (0) 1 : 0.000010 0.000010 0.999980
61 61 (0) 1 : 0.000010 0.000010 0.999980
62 62 (0) 1 : 0.000010 0.000010 0.999980
63 63 (0) 1 : 0.000010 0.000010 0.999980
64 64 (0) 1 : 0.000010 0.000010 0.999980
65 65 (0) 1 : 0.000010 0.000010 0.999980
66 66 (0) 1 : 0.000010 0.000010 0.999980
67 67 (0) 1 : 0.000010 0.000010 0.999980
68 68 (0) 1 : 0.000010 0.000010 0.999980
69 69 (0) 1 : 0.000010 0.000010 0.999980
70 70 (0) 1 : 0.000010 0.000010 0.999980
71 71 (0) 1 : 0.000010 0.000010 0.999980
72 72 (0) 1 : 0.000013 0.000010 0.999977
73 73 (0) 1 : 0.000010 0.000010 0.999980
74 74 (0) 1 : 0.000010 0.000010 0.999980
75 75 (0) 1 : 0.000010 0.000010 0.999980
76 76 (0) 1 : 0.000010 0.000010 0.999980
77 77 (0) 1 : 0.000012 0.000010 0.999978
78 78 (0) 1 : 0.000010 0.999980 0.000010
79 79 (0) 1 : 0.000010 0.999980 0.000010
80 80 (0) 1 : 0.000010 0.999980 0.000010
81 81 (0) 1 : 0.000010 0.999980 0.000010
82 82 (0) 1 : 0.000010 0.999980 0.000010
83 83 (0) 1 : 0.000010 0.999980 0.000010
84 84 (0) 1 : 0.000010 0.999980 0.000010
85 85 (0) 1 : 0.000010 0.999980 0.000010
86 86 (0) 1 : 0.000010 0.999980 0.000010
87 87 (0) 1 : 0.000010 0.999980 0.000010
88 88 (0) 1 : 0.000010 0.999980 0.000010
89 89 (0) 1 : 0.000010 0.999980 0.000010
90 90 (0) 1 : 0.000010 0.999980 0.000010
91 91 (0) 1 : 0.000010 0.999980 0.000010
92 92 (0) 1 : 0.000010 0.999980 0.000010
93 93 (0) 1 : 0.000010 0.999980 0.000010
94 94 (0) 1 : 0.000010 0.999980 0.000010
95 95 (0) 1 : 0.000010 0.999980 0.000010
96 96 (0) 1 : 0.999980 0.000010 0.000010
97 97 (0) 1 : 0.999980 0.000010 0.000010
98 98 (0) 1 : 0.999980 0.000010 0.000010
99 99 (0) 1 : 0.999980 0.000010 0.000010
100 100 (0) 1 : 0.999980 0.000010 0.000010
101 101 (0) 1 : 0.999980 0.000010 0.000010
102 102 (0) 1 : 0.999980 0.000010 0.000010
103 103 (0) 1 : 0.999980 0.000010 0.000010
104 104 (0) 1 : 0.999980 0.000010 0.000010
105 105 (0) 1 : 0.999980 0.000010 0.000010
106 106 (0) 1 : 0.999976 0.000014 0.000010
107 107 (0) 1 : 0.999980 0.000010 0.000010
108 108 (0) 1 : 0.999980 0.000010 0.000010
109 109 (0) 1 : 0.999980 0.000010 0.000010
110 110 (0) 1 : 0.999980 0.000010 0.000010
111 111 (0) 1 : 0.999980 0.000010 0.000010
112 112 (0) 1 : 0.999980 0.000010 0.000010
113 113 (0) 1 : 0.999980 0.000010 0.000010
114 114 (0) 1 : 0.410049 0.589941 0.000010
115 115 (0) 1 : 0.425396 0.574594 0.000010
116 116 (0) 1 : 0.411241 0.588749 0.000010
117 117 (0) 1 : 0.410724 0.589266 0.000010
118 118 (0) 1 : 0.408031 0.591959 0.000010
119 119 (0) 1 : 0.417055 0.582935 0.000010
120 120 (0) 1 : 0.425447 0.574543 0.000010
121 121 (0) 1 : 0.415617 0.584373 0.000010
1 1 (0) 1 : 0.999980 0.000010 0.000010
2 2 (0) 1 : 0.999980 0.000010 0.000010
3 3 (0) 1 : 0.999980 0.000010 0.000010
4 4 (0) 1 : 0.999980 0.000010 0.000010
5 5 (0) 1 : 0.999980 0.000010 0.000010
6 6 (0) 1 : 0.999980 0.000010 0.000010
7 7 (0) 1 : 0.999980 0.000010 0.000010
8 8 (0) 1 : 0.999980 0.000010 0.000010
9 9 (0) 1 : 0.999980 0.000010 0.000010
10 10 (0) 1 : 0.999980 0.000010 0.000010
11 11 (0) 1 : 0.999980 0.000010 0.000010
12 12 (0) 1 : 0.999980 0.000010 0.000010
13 13 (0) 1 : 0.999980 0.000010 0.000010
14 14 (0) 1 : 0.999980 0.000010 0.000010
15 15 (0) 1 : 0.999980 0.000010 0.000010
16 16 (0) 1 : 0.999980 0.000010 0.000010
17 17 (0) 1 : 0.999980 0.000010 0.000010
18 18 (0) 1 : 0.999980 0.000010 0.000010
19 19 (0) 1 : 0.999980 0.000010 0.000010
20 20 (0) 1 : 0.999980 0.000010 0.000010
21 21 (0) 1 : 0.999980 0.000010 0.000010
22 22 (0) 1 : 0.999980 0.000010 0.000010
23 23 (0) 1 : 0.999980 0.000010 0.000010
24 24 (0) 1 : 0.999980 0.000010 0.000010
25 25 (0) 1 : 0.999980 0.000010 0.000010
26 26 (0) 1 : 0.999980 0.000010 0.000010
27 27 (0) 1 : 0.999980 0.000010 0.000010
28 28 (0) 1 : 0.999980 0.000010 0.000010
29 29 (0) 1 : 0.999980 0.000010 0.000010
30 30 (0) 1 : 0.999980 0.000010 0.000010
31 31 (0) 1 : 0.999980 0.000010 0.000010
32 32 (0) 1 : 0.999980 0.000010 0.000010
33 33 (0) 1 : 0.999980 0.000010 0.000010
34 34 (0) 1 : 0.999980 0.000010 0.000010
35 35 (0) 1 : 0.999980 0.000010 0.000010
36 36 (0) 1 : 0.000010 0.999980 0.000010
37 37 (0) 1 : 0.000010 0.999980 0.000010
38 38 (0) 1 : 0.000010 0.999980 0.000010
39 39 (0) 1 : 0.000010 0.999980 0.000010
40 40 (0) 1 : 0.000010 0.999980 0.000010
41 41 (0) 1 : 0.000010 0.999980 0.000010
42 42 (0) 1 : 0.000010 0.999980 0.000010
43 43 (0) 1 : 0.000010 0.999980 0.000010
44 44 (0) 1 : 0.000010 0.999980 0.000010
45 45 (0) 1 : 0.000010 0.999980 0.000010
46 46 (0) 1 : 0.000010 0.999980 0.000010
47 47 (0) 1 : 0.000010 0.999980 0.000010
48 48 (0) 1 : 0.000010 0.999980 0.000010
49 49 (0) 1 : 0.000010 0.999980 0.000010
50 50 (0) 1 : 0.000010 0.999980 0.000010
51 51 (0) 1 : 0.000010 0.999980 0.000010
52 52 (0) 1 : 0.000010 0.999980 0.000010
53 53 (0) 1 : 0.000010 0.999980 0.000010
54 54 (0) 1 : 0.000010 0.999980 0.000010
55 55 (0) 1 : 0.000010 0.999980 0.000010
56 56 (0) 1 : 0.000010 0.999980 0.000010
57 57 (0) 1 : 0.000010 0.999980 0.000010
58 58 (0) 1 : 0.000010 0.999980 0.000010
59 59 (0) 1 : 0.000010 0.999980 0.000010
60 60 (0) 1 : 0.000010 0.999980 0.000010
61 61 (0) 1 : 0.000010 0.999980 0.000010
62 62 (0) 1 : 0.000010 0.999980 0.000010
63 63 (0) 1 : 0.000010 0.999980 0.000010
64 64 (0) 1 : 0.000010 0.999980 0.000010
65 65 (0) 1 : 0.000010 0.999980 0.000010
66 66 (0) 1 : 0.000010 0.999980 0.000010
67 67 (0) 1 : 0.000010 0.999980 0.000010
68 68 (0) 1 : 0.000010 0.999980 0.000010
69 69 (0) 1 : 0.000010 0.999980 0.000010
70 70 (0) 1 : 0.000010 0.999980 0.000010
71 71 (0) 1 : 0.000010 0.999980 0.000010
72 72 (0) 1 : 0.000010 0.999980 0.000010
73 73 (0) 1 : 0.000010 0.999980 0.000010
74 74 (0) 1 : 0.000010 0.999980 0.000010
75 75 (0) 1 : 0.000010 0.999980 0.000010
76 76 (0) 1 : 0.000010 0.999980 0.000010
77 77 (0) 1 : 0.000010 0.999980 0.000010
78 78 (0) 1 : 0.000010 0.000010 0.999980
79 79 (0) 1 : 0.000010 0.000010 0.999980
80 80 (0) 1 : 0.000010 0.000010 0.999980
81 81 (0) 1 : 0.000010 0.000010 0.999980
82 82 (0) 1 : 0.000010 0.000010 0.999980
83 83 (0) 1 : 0.000010 0.000010 0.999980
84 84 (0) 1 : 0.000010 0.000010 0.999980
85 85 (0) 1 : 0.000010 0.000010 0.999980
86 86 (0) 1 : 0.000010 0.000010 0.999980
87 87 (0) 1 : 0.000010 0.000010 0.999980
88 88 (0) 1 : 0.000010 0.000010 0.999980
89 89 (0) 1 : 0.000010 0.000010 0.999980
90 90 (0) 1 : 0.000010 0.000010 0.999980
91 91 (0) 1 : 0.000010 0.000010 0.999980
92 92 (0) 1 : 0.000010 0.000010 0.999980
93 93 (0) 1 : 0.000010 0.000010 0.999980
94 94 (0) 1 : 0.000010 0.000010 0.999980
95 95 (0) 1 : 0.000010 0.000010 0.999980
96 96 (0) 1 : 0.999980 0.000010 0.000010
97 97 (0) 1 : 0.999980 0.000010 0.000010
98 98 (0) 1 : 0.999980 0.000010 0.000010
99 99 (0) 1 : 0.999980 0.000010 0.000010
100 100 (0) 1 : 0.999976 0.000014 0.000010
101 101 (0) 1 : 0.999979 0.000011 0.000010
102 102 (0) 1 : 0.999977 0.000013 0.000010
103 103 (0) 1 : 0.999977 0.000013 0.000010
104 104 (0) 1 : 0.999980 0.000010 0.000010
105 105 (0) 1 : 0.999975 0.000015 0.000010
106 106 (0) 1 : 0.999980 0.000010 0.000010
107 107 (0) 1 : 0.999979 0.000011 0.000010
108 108 (0) 1 : 0.999980 0.000010 0.000010
109 109 (0) 1 : 0.999980 0.000010 0.000010
110 110 (0) 1 : 0.999980 0.000010 0.000010
111 111 (0) 1 : 0.999975 0.000015 0.000010
112 112 (0) 1 : 0.999980 0.000010 0.000010
113 113 (0) 1 : 0.999976 0.000014 0.000010
114 114 (0) 1 : 0.410050 0.000010 0.589940
115 115 (0) 1 : 0.425397 0.000010 0.574593
116 116 (0) 1 : 0.411242 0.000010 0.588748
117 117 (0) 1 : 0.410725 0.000010 0.589265
118 118 (0) 1 : 0.408032 0.000010 0.591958
119 119 (0) 1 : 0.417056 0.000010 0.582934
120 120 (0) 1 : 0.425448 0.000010 0.574542
121 121 (0) 1 : 0.415618 0.000010 0.584372
1 1 (0) 1 : 0.000010 0.000010 0.999980
2 2 (0) 1 : 0.000010 0.000010 0.999980
3 3 (0) 1 : 0.000010 0.000010 0.999980
4 4 (0) 1 : 0.000010 0.000010 0.999980
5 5 (0) 1 : 0.000010 0.000010 0.999980
6 6 (0) 1 : 0.000010 0.000010 0.999980
7 7 (0) 1 : 0.000010 0.000010 0.999980
8 8 (0) 1 : 0.000010 0.000010 0.999980
9 9 (0) 1 : 0.000010 0.000010 0.999980
10 10 (0) 1 : 0.000010 0.000010 0.999980
11 11 (0) 1 : 0.000010 0.000010 0.999980
12 12 (0) 1 : 0.000010 0.000010 0.999980
13 13 (0) 1 : 0.000010 0.000010 0.999980
14 14 (0) 1 : 0.000010 0.000010 0.999980
15 15 (0) 1 : 0.000010 0.000010 0.999980
16 16 (0) 1 : 0.000010 0.000010 0.999980
17 17 (0) 1 : 0.000010 0.000010 0.999980
18 18 (0) 1 : 0.000010 0.000010 0.999980
19 19 (0) 1 : 0.000010 0.000010 0.999980
20 20 (0) 1 : 0.000010 0.000010 0.999980
21 21 (0) 1 : 0.000010 0.000010 0.999980
22 22 (0) 1 : 0.000010 0.000010 0.999980
23 23 (0) 1 : 0.000010 0.000010 0.999980
24 24 (0) 1 : 0.000010 0.000010 0.999980
25 25 (0) 1 : 0.000010 0.000010 0.999980
26 26 (0) 1 : 0.000010 0.000010 0.999980
27 27 (0) 1 : 0.000010 0.000010 0.999980
28 28 (0) 1 : 0.000010 0.000010 0.999980
29 29 (0) 1 : 0.000010 0.000010 0.999980
30 30 (0) 1 : 0.000010 0.000010 0.999980
31 31 (0) 1 : 0.000010 0.000010 0.999980
32 32 (0) 1 : 0.000010 0.000010 0.999980
33 33 (0) 1 : 0.000010 0.000010 0.999980
34 34 (0) 1 : 0.000010 0.000010 0.999980
35 35 (0) 1 : 0.000010 0.000010 0.999980
36 36 (0) 1 : 0.999980 0.000010 0.000010
37 37 (0) 1 : 0.999980 0.000010 0.000010
38 38 (0) 1 : 0.999980 0.000010 0.000010
39 39 (0) 1 : 0.999980 0.000010 0.000010
40 40 (0) 1 : 0.999980 0.000010 0.000010
41 41 (0) 1 : 0.999980 0.000010 0.000010
42 42 (0) 1 : 0.999980 0.000010 0.000010
43 43 (0) 1 : 0.999980 0.000010 0.000010
44 44 (0) 1 : 0.999980 0.000010 0.000010
45 45 (0) 1 : 0.999980 0.000010 0.000010
46 46 (0) 1 : 0.999980 0.000010 0.000010
47 47 (0) 1 : 0.999980 0.000010 0.000010
48 48 (0) 1 : 0.999980 0.000010 0.000010
49 49 (0) 1 : 0.999980 0.000010 0.000010
50 50 (0) 1 : 0.999980 0.000010 0.000010
51 51 (0) 1 : 0.999980 0.000010 0.000010
52 52 (0) 1 : 0.999980 0.000010 0.000010
53 53 (0) 1 : 0.999980 0.000010 0.000010
54 54 (0) 1 : 0.999980 0.000010 0.000010
55 55 (0) 1 : 0.999980 0.000010 0.000010
56 56 (0) 1 : 0.999980 0.000010 0.000010
57 57 (0) 1 : 0.999980 0.000010 0.000010
58 58 (0) 1 : 0.999980 0.000010 0.000010
59 59 (0) 1 : 0.999980 0.000010 0.000010
60 60 (0) 1 : 0.999980 0.000010 0.000010
61 61 (0) 1 : 0.999980 0.000010 0.000010
62 62 (0) 1 : 0.999980 0.000010 0.000010
63 63 (0) 1 : 0.999980 0.000010 0.000010
64 64 (0) 1 : 0.999980 0.000010 0.000010
65 65 (0) 1 : 0.999980 0.000010 0.000010
66 66 (0) 1 : 0.999980 0.000010 0.000010
67 67 (0) 1 : 0.999980 0.000010 0.000010
68 68 (0) 1 : 0.999973 0.000017 0.000010
69 69 (0) 1 : 0.999980 0.000010 0.000010
70 70 (0) 1 : 0.999980 0.000010 0.000010
71 71 (0) 1 : 0.999980 0.000010 0.000010
72 72 (0) 1 : 0.999980 0.000010 0.000010
73 73 (0) 1 : 0.999980 0.000010 0.000010
74 74 (0) 1 : 0.999980 0.000010 0.000010
75 75 (0) 1 : 0.999974 0.000016 0.000010
76 76 (0) 1 : 0.999980 0.000010 0.000010
77 77 (0) 1 : 0.999973 0.000017 0.000010
78 78 (0) 1 : 0.000010 0.999980 0.000010
79 79 (0) 1 : 0.000010 0.999980 0.000010
80 80 (0) 1 : 0.000010 0.999980 0.000010
81 81 (0) 1 : 0.000010 0.999980 0.000010
82 82 (0) 1 : 0.000010 0.999980 0.000010
83 83 (0) 1 : 0.000010 0.999980 0.000010
84 84 (0) 1 : 0.000010 0.999980 0.000010
85 85 (0) 1 : 0.000010 0.999980 0.000010
86 86 (0) 1 : 0.000010 0.999980 0.000010
87 87 (0) 1 : 0.000010 0.999980 0.000010
88 88 (0) 1 : 0.000010 0.999980 0.000010
89 89 (0) 1 : 0.000010 0.999980 0.000010
90 90 (0) 1 : 0.000010 0.999980 0.000010
91 91 (0) 1 : 0.000010 0.999980 0.000010
92 92 (0) 1 : 0.000010 0.999980 0.000010
93 93 (0) 1 : 0.000010 0.999980 0.000010
94 94 (0) 1 : 0.000010 0.999980 0.000010
95 95 (0) 1 : 0.000010 0.999980 0.000010
96 96 (0) 1 : 0.000010 0.000010 0.999980
97 97 (0) 1 : 0.000010 0.000010 0.999980
98 98 (0) 1 : 0.000010 0.000010 0.999980
99 99 (0) 1 : 0.000010 0.000010 0.999980
100 100 (0) 1 : 0.000010 0.000010 0.999980
101 101 (0) 1 : 0.000010 0.000010 0.999980
102 102 (0) 1 : 0.000010 0.000010 0.999980
103 103 (0) 1 : 0.000010 0.000010 0.999980
104 104 (0) 1 : 0.000010 0.000010 0.999980
105 105 (0) 1 : 0.000010 0.000010 0.999980
106 106 (0) 1 : 0.000010 0.000010 0.999980
107 107 (0) 1 : 0.000010 0.000010 0.999980
108 108 (0) 1 : 0.000010 0.000010 0.999980
109 109 (0) 1 : 0.000010 0.000010 0.999980
110 110 (0) 1 : 0.000010 0.000010 0.999980
111 111 (0) 1 : 0.000010 0.000010 0.999980
112 112 (0) 1 : 0.000010 0.000010 0.999980
113 113 (0) 1 : 0.000010 0.000010 0.999980
114 114 (0) 1 : 0.000010 0.589940 0.410050
115 115 (0) 1 : 0.000010 0.574593 0.425397
116 116 (0) 1 : 0.000010 0.588749 0.411241
117 117 (0) 1 : 0.000010 0.589265 0.410725
118 118 (0) 1 : 0.000010 0.591959 0.408031
119 119 (0) 1 : 0.000010 0.582934 0.417056
120 120 (0) 1 : 0.000010 0.574542 0.425448
121 121 (0) 1 : 0.000010 0.584372 0.415618
1 1 (0) 1 : 0.000010 0.999980 0.000010
2 2 (0) 1 : 0.000010 0.999980 0.000010
3 3 (0) 1 : 0.000010 0.999980 0.000010
4 4 (0) 1 : 0.000010 0.999980 0.000010
5 5 (0) 1 : 0.000010 0.999980 0.000010
6 6 (0) 1 : 0.000010 0.999980 0.000010
7 7 (0) 1 : 0.000010 0.999980 0.000010
8 8 (0) 1 : 0.000010 0.999980 0.000010
9 9 (0) 1 : 0.000010 0.999980 0.000010
10 10 (0) 1 : 0.000010 0.999980 0.000010
11 11 (0) 1 : 0.000010 0.999980 0.000010
12 12 (0) 1 : 0.000010 0.999980 0.000010
13 13 (0) 1 : 0.000010 0.999980 0.000010
14 14 (0) 1 : 0.000010 0.999980 0.000010
15 15 (0) 1 : 0.000010 0.999980 0.000010
16 16 (0) 1 : 0.000010 0.999980 0.000010
17 17 (0) 1 : 0.000010 0.999980 0.000010
18 18 (0) 1 : 0.000010 0.999980 0.000010
19 19 (0) 1 : 0.000010 0.999980 0.000010
20 20 (0) 1 : 0.000010 0.999980 0.000010
21 21 (0) 1 : 0.000010 0.999980 0.000010
22 22 (0) 1 : 0.000010 0.999980 0.000010
23 23 (0) 1 : 0.000010 0.999980 0.000010
24 24 (0) 1 : 0.000010 0.999980 0.000010
25 25 (0) 1 : 0.000010 0.999980 0.000010
26 26 (0) 1 : 0.000010 0.999980 0.000010
27 27 (0) 1 : 0.000010 0.999980 0.000010
28 28 (0) 1 : 0.000010 0.999980 0.000010
29 29 (0) 1 : 0.000010 0.999980 0.000010
30 30 (0) 1 : 0.000010 0.999980 0.000010
31 31 (0) 1 : 0.000010 0.999980 0.000010
32 32 (0) 1 : 0.000010 0.999980 0.000010
33 33 (0) 1 : 0.000010 0.999980 0.000010
34 34 (0) 1 : 0.000010 0.999980 0.000010
35 35 (0) 1 : 0.000010 0.999980 0.000010
36 36 (0) 1 : 0.000010 0.000010 0.999980
37 37 (0) 1 : 0.000010 0.000010 0.999980
38 38 (0) 1 : 0.000010 0.000010 0.999980
39 39 (0) 1 : 0.000010 0.000010 0.999980
40 40 (0) 1 : 0.000010 0.000010 0.999980
41 41 (0) 1 : 0.000010 0.000010 0.999980
42 42 (0) 1 : 0.000010 0.000010 0.999980
43 43 (0) 1 : 0.000010 0.000010 0.999980
44 44 (0) 1 : 0.000010 0.000010 0.999980
45 45 (0) 1 : 0.000010 0.000010 0.999980
46 46 (0) 1 : 0.000010 0.000010 0.999980
47 47 (0) 1 : 0.000010 0.000010 0.999980
48 48 (0) 1 : 0.000010 0.000010 0.999980
49 49 (0) 1 : 0.000010 0.000010 0.999980
50 50 (0) 1 : 0.000010 0.000010 0.999980
51 51 (0) 1 : 0.000010 0.000010 0.999980
52 52 (0) 1 : 0.000010 0.000010 0.999980
53 53 (0) 1 : 0.000010 0.000010 0.999980
54 54 (0) 1 : 0.000010 0.000010 0.999980
55 55 (0) 1 : 0.000010 0.000010 0.999980
56 56 (0) 1 : 0.000010 0.000010 0.999980
57 57 (0) 1 : 0.000010 0.000010 0.999980
58 58 (0) 1 : 0.000010 0.000010 0.999980
59 59 (0) 1 : 0.000010 0.000010 0.999980
60 60 (0) 1 : 0.000010 0.000010 0.999980
61 61 (0) 1 : 0.000010 0.000010 0.999980
62 62 (0) 1 : 0.000010 0.000010 0.999980
63 63 (0) 1 : 0.000012 0.000010 0.999978
64 64 (0) 1 : 0.000010 0.000010 0.999980
65 65 (0) 1 : 0.000010 0.000010 0.999980
66 66 (0) 1 : 0.000010 0.000010 0.999980
67 67 (0) 1 : 0.000010 0.000010 0.999980
68 68 (0) 1 : 0.000010 0.000010 0.999980
69 69 (0) 1 : 0.000010 0.000010 0.999980
70 70 (0) 1 : 0.000010 0.000010 0.999980
71 71 (0) 1 : 0.000010 0.000010 0.999980
72 72 (0) 1 : 0.000010 0.000010 0.999980
73 73 (0) 1 : 0.000010 0.000010 0.999980
74 74 (0) 1 : 0.000010 0.000010 0.999980
75 75 (0) 1 : 0.000010 0.000010 0.999980
76 76 (0) 1 : 0.000010 0.000010 0.999980
77 77 (0) 1 : 0.000010 0.000010 0.999980
78 78 (0) 1 : 0.999980 0.000010 0.000010
79 79 (0) 1 : 0.999980 0.000010 0.000010
80 80 (0) 1 : 0.999980 0.000010 0.000010
81 81 (0) 1 : 0.999980 0.000010 0.000010
82 82 (0) 1 : 0.999980 0.000010 0.000010
83 83 (0) 1 : 0.999980 0.000010 0.000010
84 84 (0) 1 : 0.999980 0.000010 0.000010
85 85 (0) 1 : 0.999980 0.000010 0.000010
86 86 (0) 1 : 0.999980 0.000010 0.000010
87 87 (0) 1 : 0.999980 0.000010 0.000010
88 88 (0) 1 : 0.999980 0.000010 0.000010
89 89 (0) 1 : 0.999980 0.000010 0.000010
90 90 (0) 1 : 0.999980 0.000010 0.000010
91 91 (0) 1 : 0.999980 0.000010 0.000010
92 92 (0) 1 : 0.999980 0.000010 0.000010
93 93 (0) 1 : 0.999980 0.000010 0.000010
94 94 (0) 1 : 0.999980 0.000010 0.000010
95 95 (0) 1 : 0.999980 0.000010 0.000010
96 96 (0) 1 : 0.000010 0.999980 0.000010
97 97 (0) 1 : 0.000010 0.999980 0.000010
98 98 (0) 1 : 0.000010 0.999980 0.000010
99 99 (0) 1 : 0.000010 0.999980 0.000010
100 100 (0) 1 : 0.000010 0.999980 0.000010
101 101 (0) 1 : 0.000010 0.999980 0.000010
102 102 (0) 1 : 0.000010 0.999980 0.000010
103 103 (0) 1 : 0.000010 0.999980 0.000010
104 104 (0) 1 : 0.000011 0.999979 0.000010
105 105 (0) 1 : 0.000010 0.999980 0.000010
106 106 (0) 1 : 0.000010 0.999980 0.000010
107 107 (0) 1 : 0.000010 0.999980 0.000010
108 108 (0) 1 : 0.000010 0.999980 0.000010
109 109 (0) 1 : 0.000010 0.999980 0.000010
110 110 (0) 1 : 0.000010 0.999980 0.000010
111 111 (0) 1 : 0.000010 0.999980 0.000010
112 112 (0) 1 : 0.000010 0.999980 0.000010
113 113 (0) 1 : 0.000010 0.999980 0.000010
114 114 (0) 1 : 0.589940 0.410050 0.000010
115 115 (0) 1 : 0.574594 0.425396 0.000010
116 116 (0) 1 : 0.588749 0.411241 0.000010
117 117 (0) 1 : 0.589265 0.410725 0.000010
118 118 (0) 1 : 0.591959 0.408031 0.000010
119 119 (0) 1 : 0.582935 0.417055 0.000010
120 120 (0) 1 : 0.574542 0.425448 0.000010
121 121 (0) 1 : 0.584373 0.415617 0.000010
1 1 (0) 1 : 0.000010 0.000010 0.999980
2 2 (0) 1 : 0.000010 0.000010 0.999980
3 3 (0) 1 : 0.000010 0.000010 0.999980
4 4 (0) 1 : 0.000010 0.000010 0.999980
5 5 (0) 1 : 0.000010 0.000010 0.999980
6 6 (0) 1 : 0.000010 0.000010 0.999980
7 7 (0) 1 : 0.000010 0.000010 0.999980
8 8 (0) 1 : 0.000010 0.000010 0.999980
9 9 (0) 1 : 0.000010 0.000010 0.999980
10 10 (0) 1 : 0.000010 0.000010 0.999980
11 11 (0) 1 : 0.000010 0.000010 0.999980
12 12 (0) 1 : 0.000010 0.000010 0.999980
13 13 (0) 1 : 0.000010 0.000010 0.999980
14 14 (0) 1 : 0.000010 0.000010 0.999980
15 15 (0) 1 : 0.000011 0.000010 0.999979
16 16 (0) 1 : 0.000010 0.000010 0.999980
17 17 (0) 1 : 0.000010 0.000010 0.999980
18 18 (0) 1 : 0.000010 0.000010 0.999980
19 19 (0) 1 : 0.000010 0.000010 0.999980
20 20 (0) 1 : 0.000010 0.000010 0.999980
21 21 (0) 1 : 0.000010 0.000010 0.999980
22 22 (0) 1 : 0.000010 0.000010 0.999980
23 23 (0) 1 : 0.000010 0.000010 0.999980
24 24 (0) 1 : 0.000010 0.000010 0.999980
25 25 (0) 1 : 0.000010 0.000010 0.999980
26 26 (0) 1 : 0.000011 0.000010 0.999979
27 27 (0) 1 : 0.000010 0.000010 0.999980
28 28 (0) 1 : 0.000010 0.000010 0.999980
29 29 (0) 1 : 0.000010 0.000010 0.999980
30 30 (0) 1 : 0.000010 0.000010 0.999980
31 31 (0) 1 : 0.000010 0.000010 0.999980
32 32 (0) 1 : 0.000010 0.000010 0.999980
33 33 (0) 1 : 0.000010 0.000010 0.999980
34 34 (0) 1 : 0.000010 0.000010 0.999980
35 35 (0) 1 : 0.000010 0.000010 0.999980
36 36 (0) 1 : 0.999980 0.000010 0.000010
37 37 (0) 1 : 0.999980 0.000010 0.000010
38 38 (0) 1 : 0.999980 0.000010 0.000010
39 39 (0) 1 : 0.999980 0.000010 0.000010
40 40 (0) 1 : 0.999980 0.000010 0.000010
41 41 (0) 1 : 0.999980 0.000010 0.000010
42 42 (0) 1 : 0.999980 0.000010 0.000010
43 43 (0) 1 : 0.999980 0.000010 0.000010
44 44 (0) 1 : 0.999980 0.000010 0.000010
45 45 (0) 1 : 0.999980 0.000010 0.000010
46 46 (0) 1 : 0.999980 0.000010 0.000010
47 47 (0) 1 : 0.999980 0.000010 0.000010
48 48 (0) 1 : 0.999980 0.000010 0.000010
49 49 (0) 1 : 0.999980 0.000010 0.000010
50 50 (0) 1 : 0.999980 0.000010 0.000010
51 51 (0) 1 : 0.999980 0.000010 0.000010
52 52 (0) 1 : 0.999980 0.000010 0.000010
53 53 (0) 1 : 0.999980 0.000010 0.000010
54 54 (0) 1 : 0.999980 0.000010 0.000010
55 55 (0) 1 : 0.999980 0.000010 0.000010
56 56 (0) 1 : 0.999980 0.000010 0.000010
57 57 (0) 1 : 0.999980 0.000010 0.000010
58 58 (0) 1 : 0.999980 0.000010 0.000010
59 59 (0) 1 : 0.999980 0.000010 0.000010
60 60 (0) 1 : 0.999980 0.000010 0.000010
61 61 (0) 1 : 0.999980 0.000010 0.000010
62 62 (0) 1 : 0.999980 0.000010 0.000010
63 63 (0) 1 : 0.999980 0.000010 0.000010
64 64 (0) 1 : 0.999980 0.000010 0.000010
65 65 (0) 1 : 0.999980 0.000010 0.000010
66 66 (0) 1 : 0.999980 0.000010 0.000010
67 67 (0) 1 : 0.999980 0.000010 0.000010
68 68 (0) 1 : 0.999980 0.000010 0.000010
69 69 (0) 1 : 0.999980 0.000010 0.000010
70 70 (0) 1 : 0.999980 0.000010 0.000010
71 71 (0) 1 : 0.999980 0.000010 0.000010
72 72 (0) 1 : 0.999980 0.000010 0.000010
73 73 (0) 1 : 0.999980 0.000010 0.000010
74 74 (0) 1 : 0.999980 0.000010 0.000010
75 75 (0) 1 : 0.999980 0.000010 0.000010
76 76 (0) 1 : 0.999979 0.000011 0.000010
77 77 (0) 1 : 0.999980 0.000010 0.000010
78 78 (0) 1 : 0.000010 0.999980 0.000010
79 79 (0) 1 : 0.000010 0.999980 0.000010
80 80 (0) 1 : 0.000010 0.999980 0.000010
81 81 (0) 1 : 0.000010 0.999980 0.000010
82 82 (0) 1 : 0.000010 0.999980 0.000010
83 83 (0) 1 : 0.000010 0.999980 0.000010
84 84 (0) 1 : 0.000010 0.999980 0.000010
85 85 (0) 1 : 0.000010 0.999980 0.000010
86 86 (0) 1 : 0.000010 0.999980 0.000010
87 87 (0) 1 : 0.000010 0.999980 0.000010
88 88 (0) 1 : 0.000010 0.999980 0.000010
89 89 (0) 1 : 0.000010 0.999980 0.000010
90 90 (0) 1 : 0.000010 0.999980 0.000010
91 91 (0) 1 : 0.000010 0.999980 0.000010
92 92 (0) 1 : 0.000010 0.999980 0.000010
93 93 (0) 1 : 0.000010 0.999980 0.000010
94 94 (0) 1 : 0.000010 0.999980 0.000010
95 95 (0) 1 : 0.000010 0.999980 0.000010
96 96 (0) 1 : 0.000010 0.000010 0.999980
97 97 (0) 1 : 0.000010 0.000010 0.999980
98 98 (0) 1 : 0.000010 0.000010 0.999980
99 99 (0) 1 : 0.000010 0.000010 0.999980
100 100 (0) 1 : 0.000010 0.000010 0.999980
101 101 (0) 1 : 0.000010 0.000010 0.999980
102 102 (0) 1 : 0.000010 0.000010 0.999980
103 103 (0) 1 : 0.000014 0.000010 0.999976
104 104 (0) 1 : 0.000010 0.000010 0.999980
105 105 (0) 1 : 0.000013 0.000010 0.999977
106 106 (0) 1 : 0.000010 0.000010 0.999980
107 107 (0) 1 : 0.000010 0.000010 0.999980
108 108 (0) 1 : 0.000010 0.000010 0.999980
109 109 (0) 1 : 0.000010 0.000010 0.999980
110 110 (0) 1 : 0.000015 0.000010 0.999975
111 111 (0) 1 : 0.000010 0.000010 0.999980
112 112 (0) 1 : 0.000010 0.000010 0.999980
113 113 (0) 1 : 0.000010 0.000010 0.999980
114 114 (0) 1 : 0.000010 0.589941 0.410049
115 115 (0) 1 : 0.000010 0.574594 0.425396
116 116 (0) 1 : 0.000010 0.588749 0.411241
117 117 (0) 1 : 0.000010 0.589265 0.410725
118 118 (0) 1 : 0.000010 0.591959 0.408031
119 119 (0) 1 : 0.000010 0.582935 0.417055
120 120 (0) 1 : 0.000010 0.574542 0.425448
121 121 (0) 1 : 0.000010 0.584373 0.415617
