1 1 (0) 1 : 0.000010 0.772961 0.000010 0.000010 0.000010 0.000010 0.000010 0.226979
2 2 (0) 1 : 0.000010 0.735509 0.000010 0.000010 0.000010 0.000010 0.000010 0.264431
3 3 (0) 1 : 0.000010 0.612944 0.000010 0.000010 0.000010 0.000010 0.000010 0.386996
4 4 (0) 1 : 0.000010 0.568697 0.000010 0.000010 0.000010 0.000010 0.000010 0.431243
5 5 (0) 1 : 0.000010 0.550428 0.000010 0.000010 0.000010 0.000010 0.000010 0.449512
6 6 (0) 1 : 0.000010 0.443774 0.000010 0.000010 0.000010 0.000010 0.000010 0.556166
7 7 (0) 1 : 0.000010 0.999930 0.000010 0.000010 0.000010 0.000010 0.000010 0.000010
8 8 (0) 1 : 0.000010 0.600791 0.000010 0.000010 0.000010 0.000010 0.000010 0.399149
9 9 (0) 1 : 0.000010 0.000010 0.000010 0.000010 0.000010 0.000010 0.000010 0.999930
10 10 (0) 1 : 0.000010 0.999930 0.000010 0.000010 0.000010 0.000010 0.000010 0.000010
11 11 (0) 1 : 0.000010 0.569470 0.000010 0.000010 0.000010 0.000010 0.000010 0.430470
12 12 (0) 1 : 0.000010 0.999930 0.000010 0.000010 0.000010 0.000010 0.000010 0.000010
13 13 (0) 1 : 0.000010 0.000010 0.000010 0.000010 0.000010 0.000010 0.000010 0.999930
14 14 (0) 1 : 0.000010 0.999930 0.000010 0.000010 0.000010 0.000010 0.000010 0.000010
15 15 (0) 1 : 0.000010 0.428079 0.000010 0.000010 0.000010 0.000010 0.000010 0.571861
16 16 (0) 1 : 0.000010 0.999930 0.000010 0.000010 0.000010 0.000010 0.000010 0.000010
17 17 (0) 1 : 0.000010 0.729081 0.000010 0.000010 0.000010 0.000010 0.000010 0.270859
18 18 (0) 1 : 0.000010 0.000010 0.000010 0.000010 0.000010 0.000010 0.000010 0.999930
19 19 (0) 1 : 0.000010 0.522545 0.000010 0.000010 0.000010 0.000010 0.000010 0.477395
20 20 (0) 1 : 0.000010 0.815405 0.000010 0.000010 0.000010 0.000010 0.000010 0.184535
21 21 (0) 1 : 0.000010 0.825518 0.000010 0.000012 0.000010 0.000010 0.000010 0.174420
22 22 (0) 1 : 0.000010 0.999930 0.000010 0.000010 0.000010 0.000010 0.000010 0.000010
23 23 (0) 1 : 0.000010 0.999930 0.000010 0.000010 0.000010 0.000010 0.000010 0.000010
24 24 (0) 1 : 0.000010 0.000010 0.000010 0.000010 0.000010 0.000010 0.000010 0.999930
25 25 (0) 1 : 0.000010 0.800295 0.000010 0.000010 0.000010 0.000010 0.000010 0.199645
26 26 (0) 1 : 0.000010 0.841591 0.000010 0.000010 0.000010 0.000010 0.000010 0.158349
27 27 (0) 1 : 0.000010 0.472627 0.000010 0.000010 0.000010 0.000010 0.000010 0.527313
28 28 (0) 1 : 0.000010 0.849977 0.000010 0.000010 0.000010 0.000010 0.000010 0.149963
29 29 (0) 1 : 0.000010 0.578211 0.000010 0.000010 0.000010 0.000010 0.000010 0.421729
30 30 (0) 1 : 0.000010 0.999930 0.000010 0.000010 0.000010 0.000010 0.000010 0.000010
31 31 (0) 1 : 0.000010 0.524849 0.000010 0.000010 0.000010 0.000010 0.000010 0.475091
32 32 (0) 1 : 0.000010 0.999930 0.000010 0.000010 0.000010 0.000010 0.000010 0.000010
33 33 (0) 1 : 0.000010 0.999930 0.000010 0.000010 0.000010 0.000010 0.000010 0.000010
34 34 (0) 1 : 0.000010 0.615220 0.000010 0.000010 0.000010 0.000010 0.000010 0.384720
35 35 (0) 1 : 0.000010 0.000010 0.000010 0.000010 0.000010 0.000010 0.000010 0.999930
36 36 (0) 1 : 0.000010 0.000010 0.597190 0.000010 0.402750 0.000010 0.000010 0.000010
37 37 (0) 1 : 0.000010 0.000010 0.999930 0.000010 0.000010 0.000010 0.000010 0.000010
38 38 (0) 1 : 0.000010 0.000010 0.999930 0.000010 0.000010 0.000010 0.000010 0.000010
39 39 (0) 1 : 0.000010 0.000010 0.000010 0.000010 0.999930 0.000010 0.000010 0.000010
40 40 (0) 1 : 0.000010 0.000010 0.369770 0.000010 0.630170 0.000010 0.000010 0.000010
41 41 (0) 1 : 0.000010 0.000010 0.767537 0.000010 0.232403 0.000010 0.000010 0.000010
42 42 (0) 1 : 0.000010 0.000010 0.258536 0.000010 0.741404 0.000010 0.000010 0.000010
43 43 (0) 1 : 0.000010 0.000010 0.000010 0.000010 0.999930 0.000010 0.000010 0.000010
44 44 (0) 1 : 0.000010 0.000010 0.572617 0.000010 0.427323 0.000010 0.000010 0.000010
45 45 (0) 1 : 0.000010 0.000010 0.177046 0.000010 0.822894 0.000010 0.000010 0.000010
46 46 (0) 1 : 0.000010 0.000010 0.999930 0.000010 0.000010 0.000010 0.000010 0.000010
47 47 (0) 1 : 0.000010 0.000010 0.999930 0.000010 0.000010 0.000010 0.000010 0.000010
48 48 (0) 1 : 0.000010 0.000010 0.999930 0.000010 0.000010 0.000010 0.000010 0.000010
49 49 (0) 1 : 0.000010 0.000010 0.561289 0.000010 0.438651 0.000010 0.000010 0.000010
50 50 (0) 1 : 0.000010 0.000010 0.999930 0.000010 0.000010 0.000010 0.000010 0.000010
51 51 (0) 1 : 0.000010 0.000010 0.633038 0.000010 0.366902 0.000010 0.000010 0.000010
52 52 (0) 1 : 0.000010 0.000010 0.999930 0.000010 0.000010 0.000010 0.000010 0.000010
53 53 (0) 1 : 0.000010 0.000010 0.000010 0.000010 0.999930 0.000010 0.000010 0.000010
54 54 (0) 1 : 0.000010 0.000010 0.000010 0.000010 0.999930 0.000010 0.000010 0.000010
55 55 (0) 1 : 0.000010 0.000010 0.538604 0.000010 0.461336 0.000010 0.000010 0.000010
56 56 (0) 1 : 0.000010 0.000010 0.999930 0.000010 0.000010 0.000010 0.000010 0.000010
57 57 (0) 1 : 0.000010 0.000010 0.000010 0.000010 0.999930 0.000010 0.000010 0.000010
58 58 (0) 1 : 0.000010 0.000010 0.295114 0.000010 0.704826 0.000010 0.000010 0.000010
59 59 (0) 1 : 0.000010 0.000010 0.331892 0.000010 0.668048 0.000010 0.000010 0.000010
60 60 (0) 1 : 0.000010 0.000010 0.000010 0.000010 0.999930 0.000010 0.000010 0.000010
61 61 (0) 1 : 0.000010 0.000010 0.000010 0.000010 0.999930 0.000010 0.000010 0.000010
62 62 (0) 1 : 0.000010 0.000010 0.999930 0.000010 0.000010 0.000010 0.000010 0.000010
63 63 (0) 1 : 0.000010 0.000010 0.706826 0.000010 0.293114 0.000010 0.000010 0.000010
64 64 (0) 1 : 0.000010 0.000010 0.000010 0.000010 0.999930 0.000010 0.000010 0.000010
65 65 (0) 1 : 0.000010 0.000010 0.276394 0.000010 0.723546 0.000010 0.000010 0.000010
66 66 (0) 1 : 0.000010 0.000010 0.000010 0.000010 0.999930 0.000010 0.000010 0.000010
67 67 (0) 1 : 0.000010 0.000010 0.133702 0.000010 0.866238 0.000010 0.000010 0.000010
68 68 (0) 1 : 0.000010 0.000010 0.999930 0.000010 0.000010 0.000010 0.000010 0.000010
69 69 (0) 1 : 0.000010 0.000010 0.385407 0.000010 0.614533 0.000010 0.000010 0.000010
70 70 (0) 1 : 0.000010 0.000010 0.977211 0.000010 0.022729 0.000010 0.000010 0.000010
71 71 (0) 1 : 0.000010 0.000010 0.698560 0.000010 0.301380 0.000010 0.000010 0.000010
72 72 (0) 1 : 0.000010 0.000010 0.000010 0.000010 0.999930 0.000010 0.000010 0.000010
73 73 (0) 1 : 0.000010 0.000010 0.000010 0.000010 0.999930 0.000010 0.000010 0.000010
74 74 (0) 1 : 0.000010 0.000010 0.299906 0.000010 0.700034 0.000010 0.000010 0.000010
75 75 (0) 1 : 0.000010 0.000010 0.348600 0.000010 0.651340 0.000010 0.000010 0.000010
76 76 (0) 1 : 0.000010 0.000010 0.999930 0.000010 0.000010 0.000010 0.000010 0.000010
77 77 (0) 1 : 0.000010 0.000010 0.999930 0.000010 0.000010 0.000010 0.000010 0.000010
78 78 (0) 1 : 0.000010 0.000010 0.000010 0.000010 0.000010 0.000010 0.999930 0.000010
79 79 (0) 1 : 0.000010 0.000010 0.000010 0.000010 0.000010 0.000010 0.999930 0.000010
80 80 (0) 1 : 0.000010 0.000010 0.000010 0.000010 0.000010 0.000010 0.999930 0.000010
81 81 (0) 1 : 0.000010 0.000010 0.000010 0.000010 0.000010 0.000010 0.999930 0.000010
82 82 (0) 1 : 0.000010 0.000010 0.000010 0.000010 0.000010 0.000010 0.999930 0.000010
83 83 (0) 1 : 0.000010 0.000010 0.000010 0.000010 0.000010 0.000010 0.999930 0.000010
84 84 (0) 1 : 0.000010 0.000010 0.000010 0.000010 0.000010 0.000010 0.999930 0.000010
85 85 (0) 1 : 0.000010 0.000010 0.000010 0.000010 0.000010 0.000010 0.999930 0.000010
86 86 (0) 1 : 0.000010 0.000010 0.000010 0.000010 0.000010 0.000010 0.999930 0.000010
87 87 (0) 1 : 0.000010 0.000010 0.000010 0.000010 0.000010 0.000010 0.999930 0.000010
88 88 (0) 1 : 0.000010 0.000010 0.000010 0.000010 0.000010 0.000010 0.999930 0.000010
89 89 (0) 1 : 0.000010 0.000010 0.000010 0.000010 0.000010 0.000010 0.999930 0.000010
90 90 (0) 1 : 0.000010 0.000010 0.000010 0.000010 0.000010 0.000010 0.999930 0.000010
91 91 (0) 1 : 0.000010 0.000010 0.000010 0.000010 0.000010 0.000010 0.999930 0.000010
92 92 (0) 1 : 0.000010 0.000010 0.000010 0.000010 0.000010 0.000010 0.999930 0.000010
93 93 (0) 1 : 0.000010 0.000010 0.000010 0.000020 0.000010 0.000010 0.999920 0.000010
94 94 (0) 1 : 0.000010 0.000010 0.000010 0.000013 0.000010 0.000010 0.999927 0.000010
95 95 (0) 1 : 0.000010 0.000010 0.000010 0.000010 0.000010 0.000010 0.999930 0.000010
96 96 (0) 1 : 0.000010 0.000010 0.000010 0.000010 0.000010 0.999930 0.000010 0.000010
97 97 (0) 1 : 0.000010 0.000010 0.000010 0.000010 0.000010 0.999930 0.000010 0.000010
98 98 (0) 1 : 0.000010 0.000010 0.000010 0.000010 0.000010 0.999930 0.000010 0.000010
99 99 (0) 1 : 0.156768 0.000010 0.000010 0.000010 0.000010 0.843172 0.000010 0.000010
100 100 (0) 1 : 0.000010 0.000010 0.000010 0.000010 0.000010 0.999930 0.000010 0.000010
101 101 (0) 1 : 0.315330 0.000016 0.000010 0.000010 0.000010 0.684604 0.000010 0.000010
102 102 (0) 1 : 0.999930 0.000010 0.000010 0.000010 0.000010 0.000010 0.000010 0.000010
103 103 (0) 1 : 0.000010 0.000010 0.000010 0.000010 0.000010 0.999930 0.000010 0.000010
104 104 (0) 1 : 0.497099 0.000010 0.000010 0.000010 0.000010 0.502841 0.000010 0.000010
105 105 (0) 1 : 0.999930 0.000010 0.000010 0.000010 0.000010 0.000010 0.000010 0.000010
106 106 (0) 1 : 0.000010 0.000010 0.000010 0.000010 0.000010 0.999930 0.000010 0.000010
107 107 (0) 1 : 0.999930 0.000010 0.000010 0.000010 0.000010 0.000010 0.000010 0.000010
108 108 (0) 1 : 0.999930 0.000010 0.000010 0.000010 0.000010 0.000010 0.000010 0.000010
109 109 (0) 1 : 0.146649 0.000010 0.000010 0.000010 0.000010 0.853291 0.000010 0.000010
110 110 (0) 1 : 0.000010 0.000010 0.000010 0.000010 0.000010 0.999930 0.000010 0.000010
111 111 (0) 1 : 0.000010 0.000010 0.000010 0.000010 0.000010 0.999930 0.000010 0.000010
112 112 (0) 1 : 0.000010 0.000010 0.000010 0.000010 0.000010 0.999930 0.000010 0.000010
113 113 (0) 1 : 0.999930 0.000010 0.000010 0.000010 0.000010 0.000010 0.000010 0.000010
114 114 (0) 1 : 0.000010 0.000010 0.000010 0.999930 0.000010 0.000010 0.000010 0.000010
115 115 (0) 1 : 0.000010 0.000010 0.000010 0.999930 0.000010 0.000010 0.000010 0.000010
116 116 (0) 1 : 0.000010 0.000010 0.000010 0.999930 0.000010 0.000010 0.000010 0.000010
117 117 (0) 1 : 0.000010 0.000010 0.000010 0.999930 0.000010 0.000010 0.000010 0.000010
118 118 (0) 1 : 0.000010 0.000010 0.000010 0.999930 0.000010 0.000010 0.000010 0.000010
119 119 (0) 1 : 0.000010 0.000010 0.000010 0.999930 0.000010 0.000010 0.000010 0.000010
120 120 (0) 1 : 0.000010 0.000010 0.000010 0.999930 0.000010 0.000010 0.000010 0.000010
121 121 (0) 1 : 0.000010 0.000010 0.000010 0.999930 0.000010 0.000010 0.000010 0.000010
1 1 (0) 1 : 0.000010 0.000010 0.000010 0.163688 0.000017 0.836235 0.000019 0.000010
2 2 (0) 1 : 0.000010 0.000010 0.000010 0.536821 0.000010 0.463119 0.000010 0.000010
3 3 (0) 1 : 0.000010 0.000010 0.000010 0.203997 0.000015 0.795938 0.000010 0.000010
4 4 (0) 1 : 0.000010 0.000010 0.000010 0.445365 0.000010 0.554569 0.000017 0.000010
5 5 (0) 1 : 0.000010 0.000010 0.000010 0.235343 0.000010 0.764587 0.000020 0.000010
6 6 (0) 1 : 0.000010 0.000010 0.000010 0.481432 0.000016 0.518502 0.000010 0.000010
7 7 (0) 1 : 0.000010 0.000010 0.000010 0.000010 0.000010 0.999930 0.000010 0.000010
8 8 (0) 1 : 0.000010 0.000010 0.000010 0.328382 0.000010 0.671558 0.000010 0.000010
9 9 (0) 1 : 0.000010 0.000010 0.000010 0.999930 0.000010 0.000010 0.000010 0.000010
10 10 (0) 1 : 0.000010 0.000010 0.000010 0.999928 0.000010 0.000010 0.000012 0.000010
11 11 (0) 1 : 0.000010 0.000010 0.000010 0.232916 0.000010 0.767024 0.000010 0.000010
12 12 (0) 1 : 0.000010 0.000010 0.000010 0.999930 0.000010 0.000010 0.000010 0.000010
13 13 (0) 1 : 0.000010 0.000010 0.000010 0.999930 0.000010 0.000010 0.000010 0.000010
14 14 (0) 1 : 0.000010 0.000010 0.000010 0.999925 0.000010 0.000010 0.000015 0.000010
15 15 (0) 1 : 0.000010 0.000010 0.000010 0.560251 0.000010 0.439689 0.000010 0.000010
16 16 (0) 1 : 0.000010 0.000010 0.000010 0.000010 0.000010 0.999930 0.000010 0.000010
17 17 (0) 1 : 0.000014 0.000014 0.000010 0.188896 0.000019 0.811027 0.000010 0.000010
18 18 (0) 1 : 0.000010 0.000010 0.000010 0.999930 0.000010 0.000010 0.000010 0.000010
19 19 (0) 1 : 0.000010 0.000010 0.000010 0.306791 0.000010 0.693149 0.000010 0.000010
20 20 (0) 1 : 0.000010 0.000010 0.000010 0.197111 0.000010 0.802829 0.000010 0.000010
21 21 (0) 1 : 0.000010 0.000010 0.000010 0.000010 0.000010 0.999930 0.000010 0.000010
22 22 (0) 1 : 0.000010 0.000010 0.000010 0.000010 0.000010 0.999930 0.000010 0.000010
23 23 (0) 1 : 0.000010 0.000010 0.000010 0.119760 0.000016 0.880174 0.000010 0.000010
24 24 (0) 1 : 0.000010 0.000010 0.000010 0.999930 0.000010 0.000010 0.000010 0.000010
25 25 (0) 1 : 0.000010 0.000010 0.000010 0.141254 0.000014 0.858680 0.000012 0.000010
26 26 (0) 1 : 0.000010 0.000010 0.000010 0.000010 0.000010 0.999930 0.000010 0.000010
27 27 (0) 1 : 0.000010 0.000010 0.000018 0.660074 0.000010 0.339857 0.000010 0.000010
28 28 (0) 1 : 0.000014 0.000010 0.000010 0.099673 0.000010 0.900264 0.000010 0.000010
29 29 (0) 1 : 0.000010 0.000010 0.000010 0.327315 0.000012 0.672623 0.000010 0.000010
30 30 (0) 1 : 0.000010 0.000010 0.000010 0.126387 0.000010 0.873553 0.000010 0.000010
31 31 (0) 1 : 0.000010 0.000010 0.000010 0.455061 0.000010 0.544879 0.000010 0.000010
32 32 (0) 1 : 0.000010 0.000010 0.000010 0.000010 0.000010 0.999930 0.000010 0.000010
33 33 (0) 1 : 0.000010 0.000010 0.000010 0.157011 0.000010 0.842925 0.000014 0.000010
34 34 (0) 1 : 0.000010 0.000010 0.000010 0.280868 0.000010 0.719072 0.000010 0.000010
35 35 (0) 1 : 0.000010 0.000010 0.000010 0.999930 0.000010 0.000010 0.000010 0.000010
36 36 (0) 1 : 0.000010 0.608159 0.000010 0.000010 0.000010 0.000012 0.000010 0.391779
37 37 (0) 1 : 0.000010 0.999928 0.000011 0.000010 0.000010 0.000011 0.000010 0.000010
38 38 (0) 1 : 0.000010 0.999930 0.000010 0.000010 0.000010 0.000010 0.000010 0.000010
39 39 (0) 1 : 0.000010 0.009841 0.000010 0.000010 0.000016 0.000010 0.000010 0.990093
40 40 (0) 1 : 0.000010 0.380067 0.000010 0.000015 0.000010 0.000010 0.000010 0.619868
41 41 (0) 1 : 0.000010 0.826656 0.000010 0.000010 0.000010 0.000010 0.000010 0.173284
42 42 (0) 1 : 0.000010 0.270807 0.000010 0.000010 0.000010 0.000010 0.000010 0.729133
43 43 (0) 1 : 0.000010 0.043695 0.000011 0.000010 0.000010 0.000010 0.000010 0.956243
44 44 (0) 1 : 0.000010 0.565321 0.000010 0.000010 0.000010 0.000011 0.000010 0.434618
45 45 (0) 1 : 0.000014 0.186340 0.000010 0.000010 0.000015 0.000010 0.000010 0.813591
46 46 (0) 1 : 0.000011 0.999929 0.000010 0.000010 0.000010 0.000010 0.000010 0.000010
47 47 (0) 1 : 0.000010 0.999930 0.000010 0.000010 0.000010 0.000010 0.000010 0.000010
48 48 (0) 1 : 0.000010 0.999930 0.000010 0.000010 0.000010 0.000010 0.000010 0.000010
49 49 (0) 1 : 0.000010 0.329838 0.000010 0.000010 0.000010 0.000010 0.000010 0.670102
50 50 (0) 1 : 0.000010 0.999930 0.000010 0.000010 0.000010 0.000010 0.000010 0.000010
51 51 (0) 1 : 0.000014 0.632997 0.000010 0.000010 0.000010 0.000010 0.000010 0.366939
52 52 (0) 1 : 0.000010 0.999928 0.000010 0.000010 0.000012 0.000010 0.000010 0.000010
53 53 (0) 1 : 0.000010 0.000010 0.000010 0.000010 0.000010 0.000010 0.000010 0.999930
54 54 (0) 1 : 0.000010 0.000010 0.000010 0.000010 0.000010 0.000010 0.000010 0.999930
55 55 (0) 1 : 0.000010 0.463913 0.000010 0.000010 0.000010 0.000010 0.000010 0.536027
56 56 (0) 1 : 0.000010 0.999930 0.000010 0.000010 0.000010 0.000010 0.000010 0.000010
57 57 (0) 1 : 0.000010 0.000010 0.000010 0.000010 0.000010 0.000010 0.000010 0.999930
58 58 (0) 1 : 0.000010 0.305900 0.000010 0.000010 0.000010 0.000010 0.000010 0.694039
59 59 (0) 1 : 0.000010 0.323425 0.000010 0.000010 0.000010 0.000010 0.000010 0.676515
60 60 (0) 1 : 0.000010 0.000010 0.000010 0.000010 0.000010 0.000010 0.000010 0.999930
61 61 (0) 1 : 0.000010 0.000010 0.000010 0.000010 0.000010 0.000010 0.000010 0.999930
62 62 (0) 1 : 0.000010 0.999930 0.000010 0.000010 0.000010 0.000010 0.000010 0.000010
63 63 (0) 1 : 0.000010 0.650315 0.000010 0.000010 0.000014 0.000010 0.000010 0.349621
64 64 (0) 1 : 0.000010 0.000010 0.000010 0.000010 0.000010 0.000010 0.000010 0.999930
65 65 (0) 1 : 0.000010 0.278086 0.000010 0.000010 0.000010 0.000010 0.000010 0.721854
66 66 (0) 1 : 0.000010 0.000010 0.000010 0.000010 0.000010 0.000010 0.000010 0.999930
67 67 (0) 1 : 0.000010 0.113292 0.000010 0.000010 0.000010 0.000010 0.000010 0.886648
68 68 (0) 1 : 0.000010 0.999929 0.000010 0.000010 0.000011 0.000010 0.000010 0.000010
69 69 (0) 1 : 0.000010 0.398448 0.000010 0.000010 0.000010 0.000014 0.000010 0.601488
70 70 (0) 1 : 0.000010 0.875598 0.000010 0.000010 0.000010 0.000010 0.000010 0.124342
71 71 (0) 1 : 0.000010 0.692123 0.000010 0.000010 0.000010 0.000010 0.000010 0.307817
72 72 (0) 1 : 0.000010 0.000010 0.000010 0.000010 0.000010 0.000010 0.000010 0.999930
73 73 (0) 1 : 0.000010 0.000010 0.000010 0.000010 0.000010 0.000010 0.000010 0.999930
74 74 (0) 1 : 0.000010 0.279256 0.000010 0.000010 0.000010 0.000010 0.000010 0.720684
75 75 (0) 1 : 0.000010 0.387762 0.000010 0.000010 0.000010 0.000010 0.000010 0.612178
76 76 (0) 1 : 0.000010 0.999930 0.000010 0.000010 0.000010 0.000010 0.000010 0.000010
77 77 (0) 1 : 0.000010 0.999930 0.000010 0.000010 0.000010 0.000010 0.000010 0.000010
78 78 (0) 1 : 0.999930 0.000010 0.000010 0.000010 0.000010 0.000010 0.000010 0.000010
79 79 (0) 1 : 0.999930 0.000010 0.000010 0.000010 0.000010 0.000010 0.000010 0.000010
80 80 (0) 1 : 0.999930 0.000010 0.000010 0.000010 0.000010 0.000010 0.000010 0.000010
81 81 (0) 1 : 0.999930 0.000010 0.000010 0.000010 0.000010 0.000010 0.000010 0.000010
82 82 (0) 1 : 0.999930 0.000010 0.000010 0.000010 0.000010 0.000010 0.000010 0.000010
83 83 (0) 1 : 0.999930 0.000010 0.000010 0.000010 0.000010 0.000010 0.000010 0.000010
84 84 (0) 1 : 0.999930 0.000010 0.000010 0.000010 0.000010 0.000010 0.000010 0.000010
85 85 (0) 1 : 0.999930 0.000010 0.000010 0.000010 0.000010 0.000010 0.000010 0.000010
86 86 (0) 1 : 0.999930 0.000010 0.000010 0.000010 0.000010 0.000010 0.000010 0.000010
87 87 (0) 1 : 0.999930 0.000010 0.000010 0.000010 0.000010 0.000010 0.000010 0.000010
88 88 (0) 1 : 0.999930 0.000010 0.000010 0.000010 0.000010 0.000010 0.000010 0.000010
89 89 (0) 1 : 0.999930 0.000010 0.000010 0.000010 0.000010 0.000010 0.000010 0.000010
90 90 (0) 1 : 0.999930 0.000010 0.000010 0.000010 0.000010 0.000010 0.000010 0.000010
91 91 (0) 1 : 0.999930 0.000010 0.000010 0.000010 0.000010 0.000010 0.000010 0.000010
92 92 (0) 1 : 0.999930 0.000010 0.000010 0.000010 0.000010 0.000010 0.000010 0.000010
93 93 (0) 1 : 0.999922 0.000010 0.000010 0.000018 0.000010 0.000010 0.000010 0.000010
94 94 (0) 1 : 0.999930 0.000010 0.000010 0.000010 0.000010 0.000010 0.000010 0.000010
95 95 (0) 1 : 0.999930 0.000010 0.000010 0.000010 0.000010 0.000010 0.000010 0.000010
96 96 (0) 1 : 0.000010 0.000010 0.000010 0.000010 0.000010 0.000010 0.999930 0.000010
97 97 (0) 1 : 0.000010 0.000010 0.000010 0.000010 0.000010 0.000010 0.999930 0.000010
98 98 (0) 1 : 0.000010 0.000010 0.999930 0.000010 0.000010 0.000010 0.000010 0.000010
99 99 (0) 1 : 0.000010 0.000010 0.999930 0.000010 0.000010 0.000010 0.000010 0.000010
100 100 (0) 1 : 0.000010 0.000010 0.999930 0.000010 0.000010 0.000010 0.000010 0.000010
101 101 (0) 1 : 0.000010 0.000010 0.999930 0.000010 0.000010 0.000010 0.000010 0.000010
102 102 (0) 1 : 0.000010 0.000010 0.999930 0.000010 0.000010 0.000010 0.000010 0.000010
103 103 (0) 1 : 0.000010 0.000010 0.000010 0.000010 0.000010 0.000010 0.999930 0.000010
104 104 (0) 1 : 0.000010 0.000010 0.999930 0.000010 0.000010 0.000010 0.000010 0.000010
105 105 (0) 1 : 0.000010 0.000010 0.000010 0.000010 0.000010 0.000010 0.999930 0.000010
106 106 (0) 1 : 0.000010 0.000010 0.999930 0.000010 0.000010 0.000010 0.000010 0.000010
107 107 (0) 1 : 0.000010 0.000010 0.000010 0.000010 0.000010 0.000010 0.999930 0.000010
108 108 (0) 1 : 0.000010 0.000010 0.999930 0.000010 0.000010 0.000010 0.000010 0.000010
109 109 (0) 1 : 0.000010 0.000010 0.534850 0.000010 0.000010 0.000010 0.465090 0.000010
110 110 (0) 1 : 0.000010 0.000010 0.999930 0.000010 0.000010 0.000010 0.000010 0.000010
111 111 (0) 1 : 0.000010 0.000010 0.999930 0.000010 0.000010 0.000010 0.000010 0.000010
112 112 (0) 1 : 0.000010 0.000010 0.999930 0.000010 0.000010 0.000010 0.000010 0.000010
113 113 (0) 1 : 0.000010 0.000010 0.000010 0.000010 0.000010 0.000010 0.999930 0.000010
114 114 (0) 1 : 0.000010 0.000011 0.000010 0.000010 0.999929 0.000010 0.000010 0.000010
115 115 (0) 1 : 0.000010 0.000010 0.000010 0.000010 0.999930 0.000010 0.000010 0.000010
116 116 (0) 1 : 0.000010 0.000010 0.000010 0.000010 0.999930 0.000010 0.000010 0.000010
117 117 (0) 1 : 0.000010 0.000010 0.000010 0.000010 0.999930 0.000010 0.000010 0.000010
118 118 (0) 1 : 0.000010 0.000010 0.000010 0.000010 0.999930 0.000010 0.000010 0.000010
119 119 (0) 1 : 0.000010 0.000010 0.000010 0.000010 0.999930 0.000010 0.000010 0.000010
120 120 (0) 1 : 0.000010 0.000010 0.000010 0.000010 0.999930 0.000010 0.000010 0.000010
121 121 (0) 1 : 0.000010 0.000010 0.000010 0.000010 0.999930 0.000010 0.000010 0.000010
1 1 (0) 1 : 0.000010 0.000010 0.000010 0.000010 0.000010 0.838604 0.000010 0.161336
2 2 (0) 1 : 0.000010 0.000010 0.000010 0.000010 0.000010 0.463704 0.000010 0.536236
3 3 (0) 1 : 0.000010 0.000010 0.000010 0.000010 0.000010 0.798528 0.000010 0.201412
4 4 (0) 1 : 0.000010 0.000010 0.000010 0.000010 0.000010 0.618373 0.000010 0.381567
5 5 (0) 1 : 0.000010 0.000010 0.000010 0.000010 0.000010 0.767600 0.000010 0.232340
6 6 (0) 1 : 0.000010 0.000010 0.000010 0.000010 0.000010 0.629008 0.000010 0.370932
7 7 (0) 1 : 0.000010 0.000010 0.000010 0.000010 0.000010 0.999930 0.000010 0.000010
8 8 (0) 1 : 0.000010 0.000010 0.000010 0.000010 0.000010 0.671731 0.000010 0.328209
9 9 (0) 1 : 0.000010 0.000010 0.000010 0.000010 0.000010 0.000010 0.000010 0.999930
10 10 (0) 1 : 0.000010 0.000010 0.000010 0.000010 0.000010 0.000010 0.000010 0.999930
11 11 (0) 1 : 0.000010 0.000010 0.000010 0.000010 0.000010 0.771599 0.000010 0.228341
12 12 (0) 1 : 0.000010 0.000010 0.000010 0.000010 0.000010 0.000010 0.000010 0.999930
13 13 (0) 1 : 0.000010 0.000010 0.000010 0.000010 0.000010 0.000010 0.000010 0.999930
14 14 (0) 1 : 0.000010 0.000010 0.000010 0.000010 0.000010 0.000010 0.000010 0.999930
15 15 (0) 1 : 0.000010 0.000010 0.000010 0.000010 0.000010 0.427245 0.000010 0.572695
16 16 (0) 1 : 0.000010 0.000010 0.000010 0.000010 0.000010 0.999930 0.000010 0.000010
17 17 (0) 1 : 0.000010 0.000010 0.000010 0.000010 0.000010 0.817649 0.000010 0.182291
18 18 (0) 1 : 0.000010 0.000010 0.000010 0.000010 0.000010 0.000010 0.000010 0.999930
19 19 (0) 1 : 0.000010 0.000010 0.000010 0.000010 0.000010 0.693426 0.000010 0.306514
20 20 (0) 1 : 0.000010 0.000010 0.000010 0.000010 0.000010 0.792834 0.000010 0.207106
21 21 (0) 1 : 0.000010 0.000010 0.000010 0.000010 0.000010 0.999930 0.000010 0.000010
22 22 (0) 1 : 0.000010 0.000010 0.000010 0.000010 0.000010 0.999930 0.000010 0.000010
23 23 (0) 1 : 0.000010 0.000010 0.000010 0.000010 0.000010 0.858711 0.000010 0.141229
24 24 (0) 1 : 0.000010 0.000010 0.000010 0.000010 0.000010 0.000016 0.000010 0.999924
25 25 (0) 1 : 0.000010 0.000010 0.000010 0.000010 0.000010 0.860926 0.000010 0.139014
26 26 (0) 1 : 0.000010 0.000010 0.000010 0.000010 0.000010 0.999930 0.000010 0.000010
27 27 (0) 1 : 0.000010 0.000010 0.000010 0.000010 0.000010 0.357203 0.000010 0.642737
28 28 (0) 1 : 0.000010 0.000010 0.000010 0.000010 0.000010 0.907297 0.000010 0.092643
29 29 (0) 1 : 0.000010 0.000010 0.000010 0.000010 0.000010 0.676562 0.000010 0.323378
30 30 (0) 1 : 0.000010 0.000010 0.000010 0.000010 0.000010 0.853367 0.000010 0.146573
31 31 (0) 1 : 0.000010 0.000010 0.000010 0.000010 0.000010 0.538545 0.000010 0.461395
32 32 (0) 1 : 0.000010 0.000010 0.000010 0.000010 0.000010 0.999930 0.000010 0.000010
33 33 (0) 1 : 0.000010 0.000010 0.000010 0.000010 0.000010 0.831815 0.000010 0.168125
34 34 (0) 1 : 0.000010 0.000010 0.000010 0.000010 0.000010 0.714921 0.000010 0.285019
35 35 (0) 1 : 0.000010 0.000010 0.000010 0.000010 0.000010 0.000016 0.000010 0.999924
36 36 (0) 1 : 0.000010 0.000010 0.000010 0.385753 0.000010 0.000010 0.614187 0.000010
37 37 (0) 1 : 0.000010 0.000010 0.000010 0.000010 0.000010 0.000010 0.999930 0.000010
38 38 (0) 1 : 0.000010 0.000010 0.000010 0.000010 0.000010 0.000010 0.999930 0.000010
39 39 (0) 1 : 0.000010 0.000010 0.000010 0.998682 0.000010 0.000010 0.001258 0.000010
40 40 (0) 1 : 0.000010 0.000010 0.000010 0.617993 0.000010 0.000010 0.381947 0.000010
41 41 (0) 1 : 0.000010 0.000010 0.000010 0.176941 0.000010 0.000010 0.822999 0.000010
42 42 (0) 1 : 0.000010 0.000010 0.000010 0.721810 0.000010 0.000010 0.278130 0.000010
43 43 (0) 1 : 0.000010 0.000010 0.000010 0.949269 0.000010 0.000010 0.050671 0.000010
44 44 (0) 1 : 0.000010 0.000011 0.000010 0.609118 0.000010 0.000010 0.390820 0.000010
45 45 (0) 1 : 0.000010 0.000010 0.000010 0.799747 0.000010 0.000010 0.200193 0.000010
46 46 (0) 1 : 0.000010 0.000010 0.000010 0.000010 0.000010 0.000010 0.999930 0.000010
47 47 (0) 1 : 0.000010 0.000010 0.000010 0.000010 0.000010 0.000010 0.999930 0.000010
48 48 (0) 1 : 0.000010 0.000010 0.000010 0.000012 0.000010 0.000010 0.999928 0.000010
49 49 (0) 1 : 0.000010 0.000010 0.000010 0.676930 0.000010 0.000010 0.323010 0.000010
50 50 (0) 1 : 0.000010 0.000010 0.000010 0.000011 0.000010 0.000010 0.999929 0.000010
51 51 (0) 1 : 0.000013 0.000010 0.000010 0.366136 0.000010 0.000010 0.633801 0.000010
52 52 (0) 1 : 0.000010 0.000010 0.000012 0.000010 0.000010 0.000010 0.999928 0.000010
53 53 (0) 1 : 0.000010 0.000010 0.000010 0.999930 0.000010 0.000010 0.000010 0.000010
54 54 (0) 1 : 0.000010 0.000010 0.000012 0.999927 0.000010 0.000010 0.000011 0.000010
55 55 (0) 1 : 0.000010 0.000010 0.000010 0.553314 0.000010 0.000010 0.446626 0.000010
56 56 (0) 1 : 0.000010 0.000010 0.000010 0.000010 0.000010 0.000010 0.999930 0.000010
57 57 (0) 1 : 0.000010 0.000010 0.000010 0.999930 0.000010 0.000010 0.000010 0.000010
58 58 (0) 1 : 0.000010 0.000010 0.000010 0.690553 0.000010 0.000010 0.309387 0.000010
59 59 (0) 1 : 0.000010 0.000010 0.000010 0.687304 0.000010 0.000010 0.312636 0.000010
60 60 (0) 1 : 0.000010 0.000010 0.000010 0.999930 0.000010 0.000010 0.000010 0.000010
61 61 (0) 1 : 0.000010 0.000010 0.000010 0.999930 0.000010 0.000010 0.000010 0.000010
62 62 (0) 1 : 0.000010 0.000010 0.000010 0.000010 0.000010 0.000010 0.999930 0.000010
63 63 (0) 1 : 0.000010 0.000010 0.000010 0.355791 0.000010 0.000010 0.644149 0.000010
64 64 (0) 1 : 0.000010 0.000010 0.000010 0.999930 0.000010 0.000010 0.000010 0.000010
65 65 (0) 1 : 0.000010 0.000010 0.000010 0.719820 0.000010 0.000010 0.280120 0.000010
66 66 (0) 1 : 0.000011 0.000010 0.000010 0.999929 0.000010 0.000010 0.000010 0.000010
67 67 (0) 1 : 0.000010 0.000010 0.000010 0.889326 0.000010 0.000010 0.110614 0.000010
68 68 (0) 1 : 0.000010 0.000010 0.000010 0.000010 0.000010 0.000010 0.999930 0.000010
69 69 (0) 1 : 0.000010 0.000010 0.000010 0.605503 0.000010 0.000010 0.394437 0.000010
70 70 (0) 1 : 0.000010 0.000010 0.000010 0.124410 0.000010 0.000010 0.875530 0.000010
71 71 (0) 1 : 0.000010 0.000010 0.000010 0.309791 0.000012 0.000010 0.690146 0.000010
72 72 (0) 1 : 0.000010 0.000010 0.000010 0.999930 0.000010 0.000010 0.000010 0.000010
73 73 (0) 1 : 0.000010 0.000010 0.000010 0.999925 0.000010 0.000010 0.000015 0.000010
74 74 (0) 1 : 0.000010 0.000010 0.000010 0.720658 0.000010 0.000010 0.279282 0.000010
75 75 (0) 1 : 0.000010 0.000010 0.000010 0.600153 0.000010 0.000010 0.399787 0.000010
76 76 (0) 1 : 0.000010 0.000010 0.000010 0.000010 0.000010 0.000010 0.999930 0.000010
77 77 (0) 1 : 0.000012 0.000010 0.000010 0.000010 0.000010 0.000010 0.999928 0.000010
78 78 (0) 1 : 0.000010 0.000010 0.999930 0.000010 0.000010 0.000010 0.000010 0.000010
79 79 (0) 1 : 0.000010 0.000017 0.999923 0.000010 0.000010 0.000010 0.000010 0.000010
80 80 (0) 1 : 0.000010 0.000020 0.999920 0.000010 0.000010 0.000010 0.000010 0.000010
81 81 (0) 1 : 0.000010 0.000010 0.999930 0.000010 0.000010 0.000010 0.000010 0.000010
82 82 (0) 1 : 0.000010 0.000015 0.999925 0.000010 0.000010 0.000010 0.000010 0.000010
83 83 (0) 1 : 0.000010 0.000018 0.999922 0.000010 0.000010 0.000010 0.000010 0.000010
84 84 (0) 1 : 0.000010 0.000017 0.999923 0.000010 0.000010 0.000010 0.000010 0.000010
85 85 (0) 1 : 0.000010 0.000016 0.999924 0.000010 0.000010 0.000010 0.000010 0.000010
86 86 (0) 1 : 0.000010 0.000016 0.999924 0.000010 0.000010 0.000010 0.000010 0.000010
87 87 (0) 1 : 0.000010 0.000015 0.999925 0.000010 0.000010 0.000010 0.000010 0.000010
88 88 (0) 1 : 0.000010 0.000018 0.999922 0.000010 0.000010 0.000010 0.000010 0.000010
89 89 (0) 1 : 0.000010 0.000020 0.999920 0.000010 0.000010 0.000010 0.000010 0.000010
90 90 (0) 1 : 0.000010 0.000019 0.999921 0.000010 0.000010 0.000010 0.000010 0.000010
91 91 (0) 1 : 0.000010 0.000010 0.999930 0.000010 0.000010 0.000010 0.000010 0.000010
92 92 (0) 1 : 0.000010 0.000017 0.999923 0.000010 0.000010 0.000010 0.000010 0.000010
93 93 (0) 1 : 0.000010 0.000016 0.999924 0.000010 0.000010 0.000010 0.000010 0.000010
94 94 (0) 1 : 0.000010 0.000016 0.999924 0.000010 0.000010 0.000010 0.000010 0.000010
95 95 (0) 1 : 0.000010 0.000019 0.999921 0.000010 0.000010 0.000010 0.000010 0.000010
96 96 (0) 1 : 0.542359 0.000010 0.000010 0.000010 0.457581 0.000010 0.000010 0.000010
97 97 (0) 1 : 0.000010 0.000010 0.000010 0.000010 0.999930 0.000010 0.000010 0.000010
98 98 (0) 1 : 0.000010 0.000010 0.000010 0.000010 0.999930 0.000010 0.000010 0.000010
99 99 (0) 1 : 0.000010 0.000010 0.000010 0.000010 0.999930 0.000010 0.000010 0.000010
100 100 (0) 1 : 0.000010 0.000011 0.000010 0.000010 0.999929 0.000010 0.000010 0.000010
101 101 (0) 1 : 0.493653 0.000010 0.000010 0.000010 0.506287 0.000010 0.000010 0.000010
102 102 (0) 1 : 0.999930 0.000010 0.000010 0.000010 0.000010 0.000010 0.000010 0.000010
103 103 (0) 1 : 0.000010 0.000011 0.000010 0.000010 0.999929 0.000010 0.000010 0.000010
104 104 (0) 1 : 0.999930 0.000010 0.000010 0.000010 0.000010 0.000010 0.000010 0.000010
105 105 (0) 1 : 0.999930 0.000010 0.000010 0.000010 0.000010 0.000010 0.000010 0.000010
106 106 (0) 1 : 0.624175 0.000010 0.000010 0.000010 0.375764 0.000010 0.000010 0.000010
107 107 (0) 1 : 0.999930 0.000010 0.000010 0.000010 0.000010 0.000010 0.000010 0.000010
108 108 (0) 1 : 0.999930 0.000010 0.000010 0.000010 0.000010 0.000010 0.000010 0.000010
109 109 (0) 1 : 0.000010 0.000010 0.000010 0.000010 0.999930 0.000010 0.000010 0.000010
110 110 (0) 1 : 0.000010 0.000010 0.000010 0.000010 0.999930 0.000010 0.000010 0.000010
111 111 (0) 1 : 0.000010 0.000010 0.000010 0.000010 0.999930 0.000010 0.000010 0.000010
112 112 (0) 1 : 0.240187 0.000010 0.000010 0.000010 0.759753 0.000010 0.000010 0.000010
113 113 (0) 1 : 0.999930 0.000010 0.000010 0.000010 0.000010 0.000010 0.000010 0.000010
114 114 (0) 1 : 0.000010 0.999930 0.000010 0.000010 0.000010 0.000010 0.000010 0.000010
115 115 (0) 1 : 0.000010 0.999930 0.000010 0.000010 0.000010 0.000010 0.000010 0.000010
116 116 (0) 1 : 0.000010 0.999929 0.000011 0.000010 0.000010 0.000010 0.000010 0.000010
117 117 (0) 1 : 0.000010 0.999930 0.000010 0.000010 0.000010 0.000010 0.000010 0.000010
118 118 (0) 1 : 0.000010 0.999930 0.000010 0.000010 0.000010 0.000010 0.000010 0.000010
119 119 (0) 1 : 0.000010 0.999930 0.000010 0.000010 0.000010 0.000010 0.000010 0.000010
120 120 (0) 1 : 0.000010 0.999928 0.000010 0.000010 0.000010 0.000012 0.000010 0.000010
121 121 (0) 1 : 0.000010 0.999926 0.000010 0.000010 0.000010 0.000014 0.000010 0.000010
1 1 (0) 1 : 0.000010 0.000010 0.000010 0.000010 0.999930 0.000010 0.000010 0.000010
2 2 (0) 1 : 0.000010 0.000010 0.000010 0.000010 0.999930 0.000010 0.000010 0.000010
3 3 (0) 1 : 0.000010 0.000010 0.000010 0.000010 0.999930 0.000010 0.000010 0.000010
4 4 (0) 1 : 0.000010 0.000010 0.000010 0.000010 0.999930 0.000010 0.000010 0.000010
5 5 (0) 1 : 0.000010 0.000010 0.000010 0.000010 0.999930 0.000010 0.000010 0.000010
6 6 (0) 1 : 0.000010 0.000010 0.000010 0.000010 0.999930 0.000010 0.000010 0.000010
7 7 (0) 1 : 0.000010 0.000010 0.000010 0.000010 0.999930 0.000010 0.000010 0.000010
8 8 (0) 1 : 0.000010 0.000010 0.000010 0.000010 0.999930 0.000010 0.000010 0.000010
9 9 (0) 1 : 0.000010 0.000014 0.000010 0.000010 0.999926 0.000010 0.000010 0.000010
10 10 (0) 1 : 0.000010 0.000010 0.000010 0.000010 0.999930 0.000010 0.000010 0.000010
11 11 (0) 1 : 0.000010 0.000010 0.000011 0.000010 0.999929 0.000010 0.000010 0.000010
12 12 (0) 1 : 0.000010 0.000010 0.000010 0.000010 0.999930 0.000010 0.000010 0.000010
13 13 (0) 1 : 0.000010 0.000011 0.000010 0.000010 0.999929 0.000010 0.000010 0.000010
14 14 (0) 1 : 0.000010 0.000010 0.000010 0.000010 0.999925 0.000010 0.000015 0.000010
15 15 (0) 1 : 0.000010 0.000010 0.000010 0.000010 0.999930 0.000010 0.000010 0.000010
16 16 (0) 1 : 0.000010 0.000010 0.000010 0.000010 0.999930 0.000010 0.000010 0.000010
17 17 (0) 1 : 0.000010 0.000010 0.000010 0.000010 0.999930 0.000010 0.000010 0.000010
18 18 (0) 1 : 0.000010 0.000010 0.000010 0.000010 0.999930 0.000010 0.000010 0.000010
19 19 (0) 1 : 0.000010 0.000011 0.000010 0.000010 0.999929 0.000010 0.000010 0.000010
20 20 (0) 1 : 0.000010 0.000010 0.000010 0.000010 0.999930 0.000010 0.000010 0.000010
21 21 (0) 1 : 0.000010 0.000010 0.000010 0.000010 0.999930 0.000010 0.000010 0.000010
22 22 (0) 1 : 0.000010 0.000010 0.000010 0.000010 0.999930 0.000010 0.000010 0.000010
23 23 (0) 1 : 0.000010 0.000010 0.000010 0.000010 0.999930 0.000010 0.000010 0.000010
24 24 (0) 1 : 0.000010 0.000010 0.000010 0.000010 0.999930 0.000010 0.000010 0.000010
25 25 (0) 1 : 0.000010 0.000010 0.000010 0.000010 0.999930 0.000010 0.000010 0.000010
26 26 (0) 1 : 0.000010 0.000010 0.000010 0.000010 0.999930 0.000010 0.000010 0.000010
27 27 (0) 1 : 0.000010 0.000010 0.000010 0.000019 0.999921 0.000010 0.000010 0.000010
28 28 (0) 1 : 0.000010 0.000010 0.000010 0.000010 0.999930 0.000010 0.000010 0.000010
29 29 (0) 1 : 0.000010 0.000010 0.000010 0.000010 0.999930 0.000010 0.000010 0.000010
30 30 (0) 1 : 0.000010 0.000010 0.000010 0.000010 0.999930 0.000010 0.000010 0.000010
31 31 (0) 1 : 0.000010 0.000010 0.000010 0.000010 0.999930 0.000010 0.000010 0.000010
32 32 (0) 1 : 0.000010 0.000010 0.000010 0.000010 0.999930 0.000010 0.000010 0.000010
33 33 (0) 1 : 0.000010 0.000010 0.000010 0.000010 0.999930 0.000010 0.000010 0.000010
34 34 (0) 1 : 0.000010 0.000010 0.000010 0.000010 0.999930 0.000010 0.000010 0.000010
35 35 (0) 1 : 0.000010 0.000010 0.000010 0.000010 0.999930 0.000010 0.000010 0.000010
36 36 (0) 1 : 0.000010 0.000010 0.000010 0.000010 0.000010 0.000010 0.392589 0.607351
37 37 (0) 1 : 0.000010 0.000010 0.000010 0.000010 0.000010 0.000010 0.000010 0.999930
38 38 (0) 1 : 0.000010 0.000010 0.000010 0.000010 0.000010 0.000010 0.000010 0.999930
39 39 (0) 1 : 0.000010 0.000010 0.000010 0.000010 0.000010 0.000010 0.999930 0.000010
40 40 (0) 1 : 0.000010 0.000010 0.000010 0.000010 0.000012 0.000010 0.616472 0.383466
41 41 (0) 1 : 0.000010 0.000010 0.000010 0.000015 0.000010 0.000010 0.162697 0.837237
42 42 (0) 1 : 0.000010 0.000010 0.000010 0.000010 0.000010 0.000010 0.728406 0.271534
43 43 (0) 1 : 0.000010 0.000010 0.000010 0.000010 0.000010 0.000010 0.948420 0.051520
44 44 (0) 1 : 0.000010 0.000010 0.000010 0.000010 0.000010 0.000010 0.611790 0.388150
45 45 (0) 1 : 0.000010 0.000010 0.000010 0.000010 0.000010 0.000010 0.805271 0.194669
46 46 (0) 1 : 0.000010 0.000010 0.000010 0.000010 0.000010 0.000010 0.000010 0.999930
47 47 (0) 1 : 0.000010 0.000010 0.000010 0.000010 0.000010 0.000010 0.000010 0.999930
48 48 (0) 1 : 0.000010 0.000010 0.000010 0.000010 0.000010 0.000010 0.000010 0.999930
49 49 (0) 1 : 0.000010 0.000010 0.000010 0.000010 0.000010 0.000010 0.680183 0.319757
50 50 (0) 1 : 0.000010 0.000010 0.000010 0.000010 0.000010 0.000010 0.000010 0.999930
51 51 (0) 1 : 0.000010 0.000010 0.000010 0.000010 0.000010 0.000010 0.367697 0.632243
52 52 (0) 1 : 0.000010 0.000010 0.000010 0.000010 0.000010 0.000010 0.000010 0.999930
53 53 (0) 1 : 0.000010 0.000010 0.000010 0.000010 0.000010 0.000010 0.999930 0.000010
54 54 (0) 1 : 0.000010 0.000010 0.000010 0.000010 0.000010 0.000010 0.999930 0.000010
55 55 (0) 1 : 0.000010 0.000010 0.000010 0.000010 0.000010 0.000010 0.553175 0.446765
56 56 (0) 1 : 0.000010 0.000010 0.000010 0.000010 0.000010 0.000010 0.000010 0.999930
57 57 (0) 1 : 0.000010 0.000010 0.000010 0.000010 0.000010 0.000010 0.999930 0.000010
58 58 (0) 1 : 0.000010 0.000010 0.000010 0.000010 0.000010 0.000010 0.697458 0.302482
59 59 (0) 1 : 0.000010 0.000010 0.000010 0.000011 0.000010 0.000010 0.692562 0.307377
60 60 (0) 1 : 0.000010 0.000010 0.000010 0.000010 0.000010 0.000010 0.999930 0.000010
61 61 (0) 1 : 0.000010 0.000010 0.000010 0.000010 0.000010 0.000010 0.999930 0.000010
62 62 (0) 1 : 0.000010 0.000010 0.000010 0.000010 0.000010 0.000010 0.000010 0.999930
63 63 (0) 1 : 0.000010 0.000010 0.000010 0.000010 0.000010 0.000010 0.359486 0.640454
64 64 (0) 1 : 0.000010 0.000010 0.000010 0.000010 0.000010 0.000010 0.999930 0.000010
65 65 (0) 1 : 0.000010 0.000010 0.000010 0.000010 0.000010 0.000010 0.725675 0.274265
66 66 (0) 1 : 0.000010 0.000010 0.000010 0.000010 0.000010 0.000010 0.999930 0.000010
67 67 (0) 1 : 0.000010 0.000010 0.000010 0.000010 0.000010 0.000010 0.892546 0.107394
68 68 (0) 1 : 0.000010 0.000010 0.000010 0.000010 0.000010 0.000010 0.000010 0.999930
69 69 (0) 1 : 0.000010 0.000010 0.000010 0.000010 0.000010 0.000010 0.471377 0.528563
70 70 (0) 1 : 0.000010 0.000010 0.000010 0.000010 0.000010 0.000010 0.142798 0.857142
71 71 (0) 1 : 0.000010 0.000010 0.000010 0.000010 0.000011 0.000010 0.315504 0.684434
72 72 (0) 1 : 0.000010 0.000010 0.000010 0.000010 0.000010 0.000010 0.999930 0.000010
73 73 (0) 1 : 0.000010 0.000010 0.000010 0.000010 0.000010 0.000010 0.999930 0.000010
74 74 (0) 1 : 0.000010 0.000010 0.000010 0.000010 0.000010 0.000010 0.713462 0.286478
75 75 (0) 1 : 0.000010 0.000010 0.000010 0.000010 0.000010 0.000010 0.597845 0.402095
76 76 (0) 1 : 0.000010 0.000010 0.000010 0.000010 0.000010 0.000010 0.000010 0.999930
77 77 (0) 1 : 0.000010 0.000010 0.000010 0.000010 0.000010 0.000010 0.000010 0.999930
78 78 (0) 1 : 0.000010 0.000010 0.999930 0.000010 0.000010 0.000010 0.000010 0.000010
79 79 (0) 1 : 0.000010 0.000010 0.999930 0.000010 0.000010 0.000010 0.000010 0.000010
80 80 (0) 1 : 0.000010 0.000010 0.999930 0.000010 0.000010 0.000010 0.000010 0.000010
81 81 (0) 1 : 0.000010 0.000010 0.999930 0.000010 0.000010 0.000010 0.000010 0.000010
82 82 (0) 1 : 0.000010 0.000010 0.999930 0.000010 0.000010 0.000010 0.000010 0.000010
83 83 (0) 1 : 0.000010 0.000010 0.999930 0.000010 0.000010 0.000010 0.000010 0.000010
84 84 (0) 1 : 0.000010 0.000010 0.999930 0.000010 0.000010 0.000010 0.000010 0.000010
85 85 (0) 1 : 0.000010 0.000010 0.999930 0.000010 0.000010 0.000010 0.000010 0.000010
86 86 (0) 1 : 0.000010 0.000010 0.999930 0.000010 0.000010 0.000010 0.000010 0.000010
87 87 (0) 1 : 0.000010 0.000010 0.999930 0.000010 0.000010 0.000010 0.000010 0.000010
88 88 (0) 1 : 0.000010 0.000010 0.999930 0.000010 0.000010 0.000010 0.000010 0.000010
89 89 (0) 1 : 0.000010 0.000010 0.999930 0.000010 0.000010 0.000010 0.000010 0.000010
90 90 (0) 1 : 0.000010 0.000010 0.999930 0.000010 0.000010 0.000010 0.000010 0.000010
91 91 (0) 1 : 0.000010 0.000010 0.999930 0.000010 0.000010 0.000010 0.000010 0.000010
92 92 (0) 1 : 0.000010 0.000010 0.999930 0.000010 0.000010 0.000010 0.000010 0.000010
93 93 (0) 1 : 0.000010 0.000010 0.999930 0.000010 0.000010 0.000010 0.000010 0.000010
94 94 (0) 1 : 0.000010 0.000010 0.999930 0.000010 0.000010 0.000010 0.000010 0.000010
95 95 (0) 1 : 0.000010 0.000010 0.999930 0.000010 0.000010 0.000010 0.000010 0.000010
96 96 (0) 1 : 0.216438 0.000010 0.000010 0.000010 0.000010 0.783502 0.000010 0.000010
97 97 (0) 1 : 0.000010 0.000010 0.000010 0.000010 0.000010 0.999930 0.000010 0.000010
98 98 (0) 1 : 0.000010 0.000010 0.000010 0.000010 0.000010 0.999930 0.000010 0.000010
99 99 (0) 1 : 0.000010 0.000010 0.000010 0.000010 0.000010 0.999930 0.000010 0.000010
100 100 (0) 1 : 0.000010 0.000010 0.000010 0.000010 0.000010 0.999930 0.000010 0.000010
101 101 (0) 1 : 0.484612 0.000010 0.000010 0.000010 0.000016 0.515322 0.000010 0.000010
102 102 (0) 1 : 0.999930 0.000010 0.000010 0.000010 0.000010 0.000010 0.000010 0.000010
103 103 (0) 1 : 0.000010 0.000010 0.000010 0.000010 0.000010 0.999930 0.000010 0.000010
104 104 (0) 1 : 0.999930 0.000010 0.000010 0.000010 0.000010 0.000010 0.000010 0.000010
105 105 (0) 1 : 0.999930 0.000010 0.000010 0.000010 0.000010 0.000010 0.000010 0.000010
106 106 (0) 1 : 0.621872 0.000010 0.000010 0.000010 0.000010 0.378068 0.000010 0.000010
107 107 (0) 1 : 0.999930 0.000010 0.000010 0.000010 0.000010 0.000010 0.000010 0.000010
108 108 (0) 1 : 0.999925 0.000010 0.000010 0.000010 0.000010 0.000015 0.000010 0.000010
109 109 (0) 1 : 0.000010 0.000010 0.000010 0.000010 0.000010 0.999930 0.000010 0.000010
110 110 (0) 1 : 0.000010 0.000010 0.000010 0.000010 0.000010 0.999930 0.000010 0.000010
111 111 (0) 1 : 0.000010 0.000010 0.000010 0.000010 0.000010 0.999930 0.000010 0.000010
112 112 (0) 1 : 0.231643 0.000010 0.000010 0.000010 0.000010 0.768297 0.000010 0.000010
113 113 (0) 1 : 0.999930 0.000010 0.000010 0.000010 0.000010 0.000010 0.000010 0.000010
114 114 (0) 1 : 0.000010 0.000010 0.000010 0.999930 0.000010 0.000010 0.000010 0.000010
115 115 (0) 1 : 0.000010 0.000010 0.000010 0.999930 0.000010 0.000010 0.000010 0.000010
116 116 (0) 1 : 0.000010 0.999930 0.000010 0.000010 0.000010 0.000010 0.000010 0.000010
117 117 (0) 1 : 0.000010 0.999930 0.000010 0.000010 0.000010 0.000010 0.000010 0.000010
118 118 (0) 1 : 0.000010 0.999930 0.000010 0.000010 0.000010 0.000010 0.000010 0.000010
119 119 (0) 1 : 0.000010 0.999930 0.000010 0.000010 0.000010 0.000010 0.000010 0.000010
120 120 (0) 1 : 0.000010 0.999930 0.000010 0.000010 0.000010 0.000010 0.000010 0.000010
121 121 (0) 1 : 0.000010 0.999930 0.000010 0.000010 0.000010 0.000010 0.000010 0.000010
1 1 (0) 1 : 0.820074 0.000010 0.000010 0.000010 0.000010 0.000010 0.000010 0.179866
2 2 (0) 1 : 0.761557 0.000010 0.000011 0.000010 0.000010 0.000011 0.000010 0.238382
3 3 (0) 1 : 0.767134 0.000010 0.000010 0.000010 0.000010 0.000010 0.000010 0.232806
4 4 (0) 1 : 0.601672 0.000010 0.000010 0.000015 0.000010 0.000010 0.000010 0.398263
5 5 (0) 1 : 0.609067 0.000011 0.000010 0.000010 0.000010 0.000010 0.000010 0.390872
6 6 (0) 1 : 0.487599 0.000016 0.000010 0.000010 0.000010 0.000010 0.000010 0.512335
7 7 (0) 1 : 0.999930 0.000010 0.000010 0.000010 0.000010 0.000010 0.000010 0.000010
8 8 (0) 1 : 0.716445 0.000010 0.000010 0.000010 0.000010 0.000010 0.000010 0.283494
9 9 (0) 1 : 0.000010 0.000010 0.000010 0.000010 0.000010 0.000010 0.000010 0.999930
10 10 (0) 1 : 0.999930 0.000010 0.000010 0.000010 0.000010 0.000010 0.000010 0.000010
11 11 (0) 1 : 0.646476 0.000010 0.000010 0.000010 0.000010 0.000010 0.000010 0.353464
12 12 (0) 1 : 0.999930 0.000010 0.000010 0.000010 0.000010 0.000010 0.000010 0.000010
13 13 (0) 1 : 0.000010 0.000010 0.000010 0.000015 0.000010 0.000010 0.000010 0.999924
14 14 (0) 1 : 0.999930 0.000010 0.000010 0.000010 0.000010 0.000010 0.000010 0.000010
15 15 (0) 1 : 0.480279 0.000010 0.000010 0.000010 0.000010 0.000010 0.000010 0.519661
16 16 (0) 1 : 0.999930 0.000010 0.000010 0.000010 0.000010 0.000010 0.000010 0.000010
17 17 (0) 1 : 0.777936 0.000010 0.000010 0.000010 0.000020 0.000010 0.000010 0.221994
18 18 (0) 1 : 0.000010 0.000010 0.000010 0.000012 0.000010 0.000010 0.000010 0.999928
19 19 (0) 1 : 0.598891 0.000010 0.000010 0.000010 0.000010 0.000010 0.000010 0.401049
20 20 (0) 1 : 0.831627 0.000010 0.000010 0.000017 0.000010 0.000010 0.000010 0.168306
21 21 (0) 1 : 0.835722 0.000010 0.000010 0.000010 0.000010 0.000015 0.000010 0.164213
22 22 (0) 1 : 0.999930 0.000010 0.000010 0.000010 0.000010 0.000010 0.000010 0.000010
23 23 (0) 1 : 0.999930 0.000010 0.000010 0.000010 0.000010 0.000010 0.000010 0.000010
24 24 (0) 1 : 0.000010 0.000010 0.000010 0.000010 0.000010 0.000010 0.000010 0.999930
25 25 (0) 1 : 0.810578 0.000010 0.000010 0.000010 0.000010 0.000013 0.000010 0.189359
26 26 (0) 1 : 0.839079 0.000010 0.000010 0.000010 0.000010 0.000010 0.000010 0.160860
27 27 (0) 1 : 0.496033 0.000011 0.000010 0.000010 0.000010 0.000010 0.000010 0.503906
28 28 (0) 1 : 0.888000 0.000010 0.000010 0.000010 0.000010 0.000010 0.000010 0.111940
29 29 (0) 1 : 0.607418 0.000010 0.000010 0.000010 0.000010 0.000010 0.000010 0.392522
30 30 (0) 1 : 0.999930 0.000010 0.000010 0.000010 0.000010 0.000010 0.000010 0.000010
31 31 (0) 1 : 0.576476 0.000010 0.000010 0.000010 0.000010 0.000010 0.000010 0.423464
32 32 (0) 1 : 0.999930 0.000010 0.000010 0.000010 0.000010 0.000010 0.000010 0.000010
33 33 (0) 1 : 0.999930 0.000010 0.000010 0.000010 0.000010 0.000010 0.000010 0.000010
34 34 (0) 1 : 0.724458 0.000010 0.000010 0.000010 0.000010 0.000010 0.000010 0.275482
35 35 (0) 1 : 0.000010 0.000010 0.000010 0.000010 0.000010 0.000010 0.000010 0.999930
36 36 (0) 1 : 0.000010 0.614181 0.385759 0.000010 0.000010 0.000010 0.000010 0.000010
37 37 (0) 1 : 0.000014 0.999925 0.000010 0.000010 0.000010 0.000010 0.000010 0.000010
38 38 (0) 1 : 0.000010 0.999929 0.000010 0.000010 0.000010 0.000011 0.000010 0.000010
39 39 (0) 1 : 0.000010 0.001245 0.998695 0.000010 0.000010 0.000010 0.000010 0.000010
40 40 (0) 1 : 0.000010 0.381945 0.617995 0.000010 0.000010 0.000010 0.000010 0.000010
41 41 (0) 1 : 0.000010 0.822999 0.176940 0.000010 0.000010 0.000010 0.000010 0.000010
42 42 (0) 1 : 0.000010 0.278133 0.721800 0.000016 0.000010 0.000010 0.000010 0.000010
43 43 (0) 1 : 0.000010 0.050660 0.949279 0.000010 0.000010 0.000010 0.000010 0.000010
44 44 (0) 1 : 0.000020 0.390875 0.609047 0.000019 0.000010 0.000010 0.000010 0.000010
45 45 (0) 1 : 0.000010 0.200185 0.799755 0.000010 0.000010 0.000010 0.000010 0.000010
46 46 (0) 1 : 0.000010 0.999929 0.000010 0.000010 0.000010 0.000010 0.000010 0.000010
47 47 (0) 1 : 0.000010 0.999930 0.000010 0.000010 0.000010 0.000010 0.000010 0.000010
48 48 (0) 1 : 0.000010 0.999930 0.000010 0.000010 0.000010 0.000010 0.000010 0.000010
49 49 (0) 1 : 0.000010 0.323025 0.676907 0.000019 0.000010 0.000010 0.000010 0.000010
50 50 (0) 1 : 0.000010 0.999930 0.000010 0.000010 0.000010 0.000010 0.000010 0.000010
51 51 (0) 1 : 0.000010 0.633808 0.366132 0.000010 0.000010 0.000010 0.000010 0.000010
52 52 (0) 1 : 0.000010 0.999927 0.000010 0.000010 0.000010 0.000013 0.000010 0.000010
53 53 (0) 1 : 0.000010 0.000010 0.999930 0.000010 0.000010 0.000010 0.000010 0.000010
54 54 (0) 1 : 0.000010 0.000016 0.999921 0.000013 0.000010 0.000010 0.000010 0.000010
55 55 (0) 1 : 0.000010 0.446630 0.553309 0.000010 0.000010 0.000011 0.000010 0.000010
56 56 (0) 1 : 0.000010 0.999920 0.000010 0.000010 0.000010 0.000010 0.000019 0.000010
57 57 (0) 1 : 0.000010 0.000010 0.999927 0.000013 0.000010 0.000010 0.000010 0.000010
58 58 (0) 1 : 0.000010 0.309379 0.690561 0.000010 0.000010 0.000010 0.000010 0.000010
59 59 (0) 1 : 0.000010 0.312650 0.687280 0.000020 0.000010 0.000010 0.000010 0.000010
60 60 (0) 1 : 0.000010 0.000010 0.999930 0.000010 0.000010 0.000010 0.000010 0.000010
61 61 (0) 1 : 0.000010 0.000010 0.999930 0.000010 0.000010 0.000010 0.000010 0.000010
62 62 (0) 1 : 0.000010 0.999920 0.000010 0.000015 0.000015 0.000010 0.000010 0.000010
63 63 (0) 1 : 0.000010 0.644154 0.355786 0.000010 0.000010 0.000010 0.000010 0.000010
64 64 (0) 1 : 0.000010 0.000010 0.999930 0.000010 0.000010 0.000010 0.000010 0.000010
65 65 (0) 1 : 0.000010 0.280117 0.719822 0.000010 0.000010 0.000010 0.000011 0.000010
66 66 (0) 1 : 0.000010 0.000010 0.999929 0.000011 0.000010 0.000010 0.000010 0.000010
67 67 (0) 1 : 0.000016 0.110630 0.889304 0.000010 0.000010 0.000010 0.000010 0.000010
68 68 (0) 1 : 0.000010 0.999930 0.000010 0.000010 0.000010 0.000010 0.000010 0.000010
69 69 (0) 1 : 0.000011 0.394441 0.605498 0.000010 0.000010 0.000010 0.000010 0.000010
70 70 (0) 1 : 0.000010 0.875532 0.124408 0.000010 0.000010 0.000010 0.000010 0.000010
71 71 (0) 1 : 0.000010 0.690146 0.309791 0.000010 0.000010 0.000012 0.000010 0.000010
72 72 (0) 1 : 0.000010 0.000010 0.999930 0.000010 0.000010 0.000010 0.000010 0.000010
73 73 (0) 1 : 0.000010 0.000010 0.999930 0.000010 0.000010 0.000010 0.000010 0.000010
74 74 (0) 1 : 0.000010 0.279288 0.720652 0.000010 0.000010 0.000011 0.000010 0.000010
75 75 (0) 1 : 0.000010 0.399779 0.600160 0.000010 0.000010 0.000010 0.000010 0.000010
76 76 (0) 1 : 0.000010 0.999930 0.000010 0.000010 0.000010 0.000010 0.000010 0.000010
77 77 (0) 1 : 0.000010 0.999930 0.000010 0.000010 0.000010 0.000010 0.000010 0.000010
78 78 (0) 1 : 0.000010 0.000010 0.000018 0.000010 0.000020 0.000010 0.999912 0.000010
79 79 (0) 1 : 0.000010 0.000010 0.000010 0.000010 0.000010 0.000010 0.999930 0.000010
80 80 (0) 1 : 0.000010 0.000010 0.000010 0.000010 0.000010 0.000010 0.999930 0.000010
81 81 (0) 1 : 0.000010 0.000010 0.000010 0.000010 0.000010 0.000010 0.999930 0.000010
82 82 (0) 1 : 0.000011 0.000010 0.000010 0.000010 0.000010 0.000010 0.999929 0.000010
83 83 (0) 1 : 0.000010 0.000010 0.000010 0.000010 0.000010 0.000010 0.999930 0.000010
84 84 (0) 1 : 0.000010 0.000010 0.000010 0.000019 0.000010 0.000010 0.999921 0.000010
85 85 (0) 1 : 0.000010 0.000010 0.000020 0.000010 0.000010 0.000010 0.999920 0.000010
86 86 (0) 1 : 0.000010 0.000010 0.000010 0.000010 0.000010 0.000010 0.999930 0.000010
87 87 (0) 1 : 0.000010 0.000010 0.000010 0.000010 0.000010 0.000010 0.999930 0.000010
88 88 (0) 1 : 0.000010 0.000010 0.000010 0.000010 0.000010 0.000010 0.999930 0.000010
89 89 (0) 1 : 0.000011 0.000010 0.000010 0.000010 0.000010 0.000010 0.999929 0.000010
90 90 (0) 1 : 0.000010 0.000010 0.000010 0.000010 0.000010 0.000010 0.999930 0.000010
91 91 (0) 1 : 0.000010 0.000010 0.000010 0.000010 0.000010 0.000010 0.999930 0.000010
92 92 (0) 1 : 0.000010 0.000010 0.000010 0.000010 0.000010 0.000010 0.999930 0.000010
93 93 (0) 1 : 0.000015 0.000010 0.000010 0.000010 0.000011 0.000010 0.999924 0.000010
94 94 (0) 1 : 0.000010 0.000010 0.000010 0.000010 0.000010 0.000010 0.999930 0.000010
95 95 (0) 1 : 0.000010 0.000010 0.000010 0.000010 0.000010 0.000010 0.999930 0.000010
96 96 (0) 1 : 0.000010 0.000010 0.000010 0.000010 0.000010 0.999930 0.000010 0.000010
97 97 (0) 1 : 0.000010 0.000010 0.000010 0.000010 0.000010 0.999930 0.000010 0.000010
98 98 (0) 1 : 0.000010 0.000010 0.000010 0.000010 0.999930 0.000010 0.000010 0.000010
99 99 (0) 1 : 0.000011 0.000010 0.000010 0.000010 0.000010 0.999929 0.000010 0.000010
100 100 (0) 1 : 0.000010 0.000010 0.000010 0.000010 0.999930 0.000010 0.000010 0.000010
101 101 (0) 1 : 0.000010 0.000010 0.000010 0.000010 0.999929 0.000010 0.000010 0.000010
102 102 (0) 1 : 0.000010 0.000010 0.000010 0.000014 0.999926 0.000010 0.000010 0.000010
103 103 (0) 1 : 0.000010 0.000010 0.000010 0.000010 0.224019 0.775920 0.000010 0.000010
104 104 (0) 1 : 0.000010 0.000010 0.000010 0.000010 0.999930 0.000010 0.000010 0.000010
105 105 (0) 1 : 0.000010 0.000010 0.000010 0.000010 0.000010 0.999929 0.000010 0.000010
106 106 (0) 1 : 0.000013 0.000010 0.000010 0.000013 0.999924 0.000010 0.000010 0.000010
107 107 (0) 1 : 0.000010 0.000011 0.000010 0.000017 0.999922 0.000010 0.000010 0.000010
108 108 (0) 1 : 0.000011 0.000010 0.000010 0.000010 0.999929 0.000010 0.000010 0.000010
109 109 (0) 1 : 0.000010 0.000010 0.000010 0.000010 0.000010 0.999930 0.000010 0.000010
110 110 (0) 1 : 0.000010 0.000010 0.000010 0.000010 0.000010 0.999930 0.000010 0.000010
111 111 (0) 1 : 0.000010 0.000010 0.000010 0.000010 0.412918 0.587021 0.000010 0.000010
112 112 (0) 1 : 0.000010 0.000010 0.000010 0.000018 0.463482 0.536449 0.000010 0.000010
113 113 (0) 1 : 0.000010 0.000011 0.000010 0.000010 0.398703 0.601236 0.000010 0.000010
114 114 (0) 1 : 0.000010 0.000010 0.000010 0.999930 0.000010 0.000010 0.000010 0.000010
115 115 (0) 1 : 0.000010 0.000010 0.000010 0.999923 0.000010 0.000017 0.000010 0.000010
116 116 (0) 1 : 0.000010 0.000010 0.000010 0.999930 0.000010 0.000010 0.000010 0.000010
117 117 (0) 1 : 0.000010 0.000010 0.000010 0.999930 0.000010 0.000010 0.000010 0.000010
118 118 (0) 1 : 0.000010 0.000010 0.000010 0.999930 0.000010 0.000010 0.000010 0.000010
119 119 (0) 1 : 0.000010 0.000010 0.000010 0.999930 0.000010 0.000010 0.000010 0.000010
120 120 (0) 1 : 0.000010 0.000010 0.000010 0.999930 0.000010 0.000010 0.000010 0.000010
121 121 (0) 1 : 0.000010 0.000010 0.000010 0.999930 0.000010 0.000010 0.000010 0.000010
1 1 (0) 1 : 0.000010 0.172669 0.827271 0.000010 0.000010 0.000010 0.000010 0.000010
2 2 (0) 1 : 0.000010 0.231825 0.768110 0.000010 0.000015 0.000010 0.000010 0.000010
3 3 (0) 1 : 0.000010 0.214631 0.785308 0.000010 0.000010 0.000011 0.000010 0.000010
4 4 (0) 1 : 0.000010 0.392283 0.607655 0.000010 0.000010 0.000013 0.000010 0.000010
5 5 (0) 1 : 0.000010 0.377494 0.622446 0.000010 0.000010 0.000010 0.000010 0.000010
6 6 (0) 1 : 0.000010 0.489909 0.510024 0.000010 0.000010 0.000016 0.000010 0.000010
7 7 (0) 1 : 0.000010 0.000010 0.999930 0.000010 0.000010 0.000010 0.000010 0.000010
8 8 (0) 1 : 0.000016 0.247791 0.752142 0.000010 0.000010 0.000011 0.000010 0.000010
9 9 (0) 1 : 0.000010 0.999930 0.000010 0.000010 0.000010 0.000010 0.000010 0.000010
10 10 (0) 1 : 0.000010 0.000010 0.999927 0.000010 0.000012 0.000011 0.000010 0.000010
11 11 (0) 1 : 0.000010 0.200477 0.799463 0.000010 0.000010 0.000010 0.000010 0.000010
12 12 (0) 1 : 0.000010 0.000010 0.999930 0.000010 0.000010 0.000010 0.000010 0.000010
13 13 (0) 1 : 0.000010 0.999930 0.000010 0.000010 0.000010 0.000010 0.000010 0.000010
14 14 (0) 1 : 0.000010 0.000010 0.999930 0.000010 0.000010 0.000010 0.000010 0.000010
15 15 (0) 1 : 0.000010 0.494998 0.504942 0.000010 0.000010 0.000010 0.000010 0.000010
16 16 (0) 1 : 0.000010 0.000010 0.999929 0.000010 0.000010 0.000010 0.000011 0.000010
17 17 (0) 1 : 0.000010 0.214616 0.785324 0.000010 0.000010 0.000010 0.000010 0.000010
18 18 (0) 1 : 0.000010 0.999929 0.000010 0.000010 0.000010 0.000011 0.000010 0.000010
19 19 (0) 1 : 0.000010 0.372285 0.627655 0.000010 0.000010 0.000010 0.000010 0.000010
20 20 (0) 1 : 0.000010 0.169422 0.830513 0.000015 0.000010 0.000010 0.000010 0.000010
21 21 (0) 1 : 0.000010 0.164451 0.835489 0.000010 0.000010 0.000010 0.000010 0.000010
22 22 (0) 1 : 0.000010 0.000010 0.999930 0.000010 0.000010 0.000010 0.000010 0.000010
23 23 (0) 1 : 0.000010 0.000010 0.999930 0.000010 0.000010 0.000010 0.000010 0.000010
24 24 (0) 1 : 0.000010 0.999929 0.000010 0.000010 0.000010 0.000011 0.000010 0.000010
25 25 (0) 1 : 0.000010 0.191714 0.808226 0.000010 0.000010 0.000010 0.000010 0.000010
26 26 (0) 1 : 0.000010 0.166321 0.833619 0.000010 0.000010 0.000010 0.000010 0.000010
27 27 (0) 1 : 0.000010 0.483648 0.516290 0.000012 0.000011 0.000010 0.000010 0.000010
28 28 (0) 1 : 0.000010 0.103178 0.896760 0.000010 0.000010 0.000012 0.000010 0.000010
29 29 (0) 1 : 0.000010 0.365626 0.634313 0.000010 0.000010 0.000011 0.000010 0.000010
30 30 (0) 1 : 0.000010 0.000010 0.999930 0.000010 0.000010 0.000010 0.000010 0.000010
31 31 (0) 1 : 0.000010 0.398119 0.601821 0.000010 0.000010 0.000010 0.000010 0.000010
32 32 (0) 1 : 0.000010 0.000010 0.999930 0.000010 0.000010 0.000010 0.000010 0.000010
33 33 (0) 1 : 0.000010 0.000010 0.999930 0.000010 0.000010 0.000010 0.000010 0.000010
34 34 (0) 1 : 0.000010 0.233486 0.766444 0.000019 0.000010 0.000011 0.000010 0.000010
35 35 (0) 1 : 0.000010 0.999930 0.000010 0.000010 0.000010 0.000010 0.000010 0.000010
36 36 (0) 1 : 0.616314 0.000010 0.000010 0.000010 0.000010 0.000010 0.383626 0.000010
37 37 (0) 1 : 0.999930 0.000010 0.000010 0.000010 0.000010 0.000010 0.000010 0.000010
38 38 (0) 1 : 0.999930 0.000010 0.000010 0.000010 0.000010 0.000010 0.000010 0.000010
39 39 (0) 1 : 0.002971 0.000010 0.000010 0.000010 0.000010 0.000010 0.996969 0.000010
40 40 (0) 1 : 0.382174 0.000010 0.000010 0.000010 0.000010 0.000010 0.617766 0.000010
41 41 (0) 1 : 0.823834 0.000011 0.000010 0.000010 0.000010 0.000010 0.176105 0.000010
42 42 (0) 1 : 0.279393 0.000010 0.000012 0.000010 0.000010 0.000010 0.720545 0.000010
43 43 (0) 1 : 0.067503 0.000010 0.000010 0.000010 0.000010 0.000013 0.932434 0.000010
44 44 (0) 1 : 0.390187 0.000010 0.000010 0.000010 0.000010 0.000010 0.609753 0.000010
45 45 (0) 1 : 0.203731 0.000010 0.000017 0.000010 0.000010 0.000010 0.796203 0.000010
46 46 (0) 1 : 0.999930 0.000010 0.000010 0.000010 0.000010 0.000010 0.000010 0.000010
47 47 (0) 1 : 0.999930 0.000010 0.000010 0.000010 0.000010 0.000010 0.000010 0.000010
48 48 (0) 1 : 0.999930 0.000010 0.000010 0.000010 0.000010 0.000010 0.000010 0.000010
49 49 (0) 1 : 0.321618 0.000010 0.000010 0.000010 0.000010 0.000010 0.678322 0.000010
50 50 (0) 1 : 0.999930 0.000010 0.000010 0.000010 0.000010 0.000010 0.000010 0.000010
51 51 (0) 1 : 0.633984 0.000010 0.000010 0.000010 0.000010 0.000010 0.365956 0.000010
52 52 (0) 1 : 0.999930 0.000010 0.000010 0.000010 0.000010 0.000010 0.000010 0.000010
53 53 (0) 1 : 0.000010 0.000010 0.000010 0.000010 0.000010 0.000010 0.999930 0.000010
54 54 (0) 1 : 0.000010 0.000010 0.000010 0.000010 0.000010 0.000010 0.999930 0.000010
55 55 (0) 1 : 0.445894 0.000010 0.000010 0.000010 0.000010 0.000010 0.554046 0.000010
56 56 (0) 1 : 0.999930 0.000010 0.000010 0.000010 0.000010 0.000010 0.000010 0.000010
57 57 (0) 1 : 0.000010 0.000010 0.000010 0.000010 0.000010 0.000010 0.999930 0.000010
58 58 (0) 1 : 0.310867 0.000010 0.000010 0.000012 0.000010 0.000010 0.689071 0.000010
59 59 (0) 1 : 0.309134 0.000010 0.000010 0.000010 0.000010 0.000010 0.690806 0.000010
60 60 (0) 1 : 0.000010 0.000010 0.000010 0.000010 0.000010 0.000010 0.999930 0.000010
61 61 (0) 1 : 0.000010 0.000010 0.000010 0.000010 0.000010 0.000010 0.999930 0.000010
62 62 (0) 1 : 0.999930 0.000010 0.000010 0.000010 0.000010 0.000010 0.000010 0.000010
63 63 (0) 1 : 0.645086 0.000010 0.000010 0.000010 0.000010 0.000010 0.354853 0.000010
64 64 (0) 1 : 0.000010 0.000010 0.000010 0.000010 0.000010 0.000010 0.999930 0.000010
65 65 (0) 1 : 0.280373 0.000010 0.000010 0.000010 0.000010 0.000010 0.719567 0.000010
66 66 (0) 1 : 0.000010 0.000010 0.000010 0.000010 0.000010 0.000010 0.999930 0.000010
67 67 (0) 1 : 0.109623 0.000010 0.000010 0.000010 0.000010 0.000010 0.890317 0.000010
68 68 (0) 1 : 0.999930 0.000010 0.000010 0.000010 0.000010 0.000010 0.000010 0.000010
69 69 (0) 1 : 0.393357 0.000010 0.000010 0.000010 0.000010 0.000010 0.606583 0.000010
70 70 (0) 1 : 0.874461 0.000010 0.000010 0.000010 0.000015 0.000010 0.125474 0.000010
71 71 (0) 1 : 0.690960 0.000010 0.000010 0.000010 0.000010 0.000010 0.308980 0.000010
72 72 (0) 1 : 0.000010 0.000010 0.000010 0.000010 0.000010 0.000010 0.999930 0.000010
73 73 (0) 1 : 0.000010 0.000010 0.000010 0.000010 0.000010 0.000010 0.999930 0.000010
74 74 (0) 1 : 0.279186 0.000010 0.000010 0.000010 0.000010 0.000010 0.720754 0.000010
75 75 (0) 1 : 0.401508 0.000010 0.000010 0.000010 0.000010 0.000010 0.598432 0.000010
76 76 (0) 1 : 0.999930 0.000010 0.000010 0.000010 0.000010 0.000010 0.000010 0.000010
77 77 (0) 1 : 0.999930 0.000010 0.000010 0.000010 0.000010 0.000010 0.000010 0.000010
78 78 (0) 1 : 0.000010 0.000010 0.000016 0.000010 0.000010 0.999924 0.000010 0.000010
79 79 (0) 1 : 0.000015 0.000010 0.000010 0.000010 0.000010 0.999925 0.000010 0.000010
80 80 (0) 1 : 0.000010 0.000010 0.000010 0.000010 0.000010 0.999930 0.000010 0.000010
81 81 (0) 1 : 0.000015 0.000016 0.000010 0.000010 0.000010 0.999919 0.000010 0.000010
82 82 (0) 1 : 0.000010 0.000010 0.000010 0.000010 0.000010 0.999930 0.000010 0.000010
83 83 (0) 1 : 0.000010 0.000010 0.000010 0.000010 0.000010 0.999930 0.000010 0.000010
84 84 (0) 1 : 0.000015 0.000010 0.000010 0.000010 0.000010 0.999925 0.000010 0.000010
85 85 (0) 1 : 0.000010 0.000010 0.000010 0.000010 0.000010 0.999930 0.000010 0.000010
86 86 (0) 1 : 0.000010 0.000010 0.000010 0.000010 0.000010 0.999930 0.000010 0.000010
87 87 (0) 1 : 0.000013 0.000011 0.000016 0.000016 0.000018 0.999906 0.000010 0.000010
88 88 (0) 1 : 0.000014 0.000010 0.000012 0.000012 0.000010 0.999922 0.000010 0.000010
89 89 (0) 1 : 0.000010 0.000010 0.000010 0.000010 0.000010 0.999930 0.000010 0.000010
90 90 (0) 1 : 0.000014 0.000010 0.000010 0.000010 0.000010 0.999926 0.000010 0.000010
91 91 (0) 1 : 0.000011 0.000010 0.000010 0.000010 0.000010 0.999928 0.000010 0.000010
92 92 (0) 1 : 0.000014 0.000010 0.000010 0.000010 0.000010 0.999926 0.000010 0.000010
93 93 (0) 1 : 0.000010 0.000014 0.000010 0.000010 0.000010 0.999926 0.000010 0.000010
94 94 (0) 1 : 0.000017 0.000014 0.000010 0.000011 0.000015 0.999913 0.000010 0.000010
95 95 (0) 1 : 0.000012 0.000010 0.000010 0.000010 0.000010 0.999928 0.000010 0.000010
96 96 (0) 1 : 0.000014 0.000010 0.000010 0.554864 0.445067 0.000015 0.000010 0.000010
97 97 (0) 1 : 0.000010 0.000010 0.000010 0.999930 0.000010 0.000010 0.000010 0.000010
98 98 (0) 1 : 0.000010 0.000010 0.000010 0.999930 0.000010 0.000010 0.000010 0.000010
99 99 (0) 1 : 0.000010 0.000010 0.000010 0.877691 0.122249 0.000010 0.000010 0.000010
100 100 (0) 1 : 0.000010 0.000010 0.000010 0.999930 0.000010 0.000010 0.000010 0.000010
101 101 (0) 1 : 0.000014 0.000010 0.000010 0.769157 0.230778 0.000012 0.000010 0.000010
102 102 (0) 1 : 0.000010 0.000010 0.000010 0.037131 0.962809 0.000010 0.000010 0.000010
103 103 (0) 1 : 0.000011 0.000010 0.000010 0.999928 0.000010 0.000010 0.000011 0.000010
104 104 (0) 1 : 0.000018 0.000010 0.000010 0.470611 0.529320 0.000010 0.000010 0.000010
105 105 (0) 1 : 0.000010 0.000010 0.000010 0.029438 0.970502 0.000010 0.000010 0.000010
106 106 (0) 1 : 0.000010 0.000010 0.000010 0.942056 0.057884 0.000010 0.000010 0.000010
107 107 (0) 1 : 0.000010 0.000010 0.000010 0.000010 0.999929 0.000010 0.000010 0.000010
108 108 (0) 1 : 0.000010 0.000010 0.000010 0.336686 0.663254 0.000010 0.000010 0.000010
109 109 (0) 1 : 0.000010 0.000010 0.000010 0.850170 0.149770 0.000010 0.000010 0.000010
110 110 (0) 1 : 0.000010 0.000010 0.000011 0.999928 0.000010 0.000010 0.000012 0.000010
111 111 (0) 1 : 0.000011 0.000010 0.000010 0.999929 0.000010 0.000010 0.000010 0.000010
112 112 (0) 1 : 0.000010 0.000010 0.000010 0.999930 0.000010 0.000010 0.000010 0.000010
113 113 (0) 1 : 0.000010 0.000010 0.000010 0.000010 0.999930 0.000010 0.000010 0.000010
114 114 (0) 1 : 0.000010 0.000010 0.000010 0.000010 0.000010 0.000010 0.000010 0.999930
115 115 (0) 1 : 0.000012 0.000010 0.000010 0.000010 0.000016 0.000010 0.000010 0.999922
116 116 (0) 1 : 0.000010 0.000010 0.000011 0.000010 0.000010 0.000010 0.000010 0.999929
117 117 (0) 1 : 0.000010 0.000010 0.000010 0.000010 0.000012 0.000010 0.000010 0.999928
118 118 (0) 1 : 0.000010 0.000011 0.000010 0.000010 0.000010 0.000016 0.000010 0.999923
119 119 (0) 1 : 0.000010 0.000010 0.000010 0.000010 0.000010 0.000010 0.000010 0.999930
120 120 (0) 1 : 0.000010 0.000010 0.000010 0.000010 0.000015 0.000010 0.000010 0.999925
121 121 (0) 1 : 0.000010 0.000010 0.000011 0.000010 0.000010 0.000010 0.000010 0.999929
