1.0000 1.0000 1.0000 1.0000 1.0000 0.4645 1.0000 1.0000 1.0000 0.4471 1.0000 1.0000 1.0000 0.9998 0.4464 1.0000 1.0000 0.5538 1.0000 1.0000 1.0000 1.0000 1.0000 1.0000 1.0000 1.0000 1.0000 1.0000 1.0000 1.0000
1.0000 1.0000 1.0000 1.0000 1.0000 0.4645 1.0000 1.0000 1.0000 0.4471 1.0000 1.0000 1.0000 0.9998 0.4464 1.0000 1.0000 0.5538 1.0000 1.0000 1.0000 1.0000 1.0000 1.0000 1.0000 1.0000 1.0000 1.0000 1.0000 1.0000
1.0000 1.0000 1.0000 1.0000 1.0000 0.4645 1.0000 1.0000 1.0000 0.4471 1.0000 1.0000 1.0000 0.9998 0.4464 1.0000 1.0000 0.5538 1.0000 1.0000 1.0000 1.0000 1.0000 1.0000 1.0000 1.0000 1.0000 1.0000 1.0000 1.0000
1.0000 1.0000 1.0000 1.0000 1.0000 0.4645 1.0000 1.0000 1.0000 0.4471 1.0000 1.0000 1.0000 0.9998 0.4464 1.0000 1.0000 0.5538 1.0000 1.0000 1.0000 1.0000 1.0000 1.0000 1.0000 1.0000 1.0000 1.0000 1.0000 1.0000
1.0000 1.0000 1.0000 1.0000 1.0000 0.4645 1.0000 1.0000 1.0000 0.4471 1.0000 1.0000 1.0000 0.9998 0.4464 1.0000 1.0000 0.5538 1.0000 1.0000 1.0000 1.0000 1.0000 1.0000 1.0000 1.0000 1.0000 1.0000 1.0000 1.0000
0.4645 0.4645 0.4645 0.4645 0.4645 1.0000 0.4645 0.4645 0.4645 0.3270 0.4645 0.4645 0.4645 0.4645 0.3268 0.4645 0.4645 0.5664 0.4645 0.4645 0.4645 0.4645 0.4645 0.4645 0.4645 0.4645 0.4645 0.4645 0.4645 0.4645
1.0000 1.0000 1.0000 1.0000 1.0000 0.4645 1.0000 1.0000 1.0000 0.4471 1.0000 1.0000 1.0000 0.9998 0.4464 1.0000 1.0000 0.5538 1.0000 1.0000 1.0000 1.0000 1.0000 1.0000 1.0000 1.0000 1.0000 1.0000 1.0000 1.0000
1.0000 1.0000 1.0000 1.0000 1.0000 0.4645 1.0000 1.0000 1.0000 0.4471 1.0000 1.0000 1.0000 0.9998 0.4464 1.0000 1.0000 0.5538 1.0000 1.0000 1.0000 1.0000 1.0000 1.0000 1.0000 1.0000 1.0000 1.0000 1.0000 1.0000
1.0000 1.0000 1.0000 1.0000 1.0000 0.4645 1.0000 1.0000 1.0000 0.4471 1.0000 1.0000 1.0000 0.9998 0.4464 1.0000 1.0000 0.5538 1.0000 1.0000 1.0000 1.0000 1.0000 1.0000 1.0000 1.0000 1.0000 1.0000 1.0000 1.0000
0.4471 0.4471 0.4471 0.4471 0.4471 0.3270 0.4471 0.4471 0.4471 1.0000 0.4471 0.4471 0.4471 0.4471 0.9797 0.4471 0.4471 0.2958 0.4471 0.4471 0.4471 0.4471 0.4471 0.4471 0.4471 0.4471 0.4471 0.4471 0.4471 0.4471
1.0000 1.0000 1.0000 1.0000 1.0000 0.4645 1.0000 1.0000 1.0000 0.4471 1.0000 1.0000 1.0000 0.9998 0.4464 1.0000 1.0000 0.5538 1.0000 1.0000 1.0000 1.0000 1.0000 1.0000 1.0000 1.0000 1.0000 1.0000 1.0000 1.0000
1.0000 1.0000 1.0000 1.0000 1.0000 0.4645 1.0000 1.0000 1.0000 0.4471 1.0000 1.0000 1.0000 0.9998 0.4464 1.0000 1.0000 0.5538 1.0000 1.0000 1.0000 1.0000 1.0000 1.0000 1.0000 1.0000 1.0000 1.0000 1.0000 1.0000
1.0000 1.0000 1.0000 1.0000 1.0000 0.4645 1.0000 1.0000 1.0000 0.4471 1.0000 1.0000 1.0000 0.9998 0.4464 1.0000 1.0000 0.5538 1.0000 1.0000 1.0000 1.0000 1.0000 1.0000 1.0000 1.0000 1.0000 1.0000 1.0000 1.0000
0.9998 0.9998 0.9998 0.9998 0.9998 0.4645 0.9998 0.9998 0.9998 0.4471 0.9998 0.9998 0.9998 1.0000 0.4464 0.9998 0.9998 0.5537 0.9998 0.9998 0.9998 0.9998 0.9998 0.9998 0.9998 0.9998 0.9998 0.9998 0.9998 0.9998
0.4464 0.4464 0.4464 0.4464 0.4464 0.3268 0.4464 0.4464 0.4464 0.9797 0.4464 0.4464 0.4464 0.4464 1.0000 0.4464 0.4464 0.2952 0.4464 0.4464 0.4464 0.4464 0.4464 0.4464 0.4464 0.4464 0.4464 0.4464 0.4464 0.4464
1.0000 1.0000 1.0000 1.0000 1.0000 0.4645 1.0000 1.0000 1.0000 0.4471 1.0000 1.0000 1.0000 0.9998 0.4464 1.0000 1.0000 0.5538 1.0000 1.0000 1.0000 1.0000 1.0000 1.0000 1.0000 1.0000 1.0000 1.0000 1.0000 1.0000
1.0000 1.0000 1.0000 1.0000 1.0000 0.4645 1.0000 1.0000 1.0000 0.4471 1.0000 1.0000 1.0000 0.9998 0.4464 1.0000 1.0000 0.5538 1.0000 1.0000 1.0000 1.0000 1.0000 1.0000 1.0000 1.0000 1.0000 1.0000 1.0000 1.0000
0.5538 0.5538 0.5538 0.5538 0.5538 0.5664 0.5538 0.5538 0.5538 0.2958 0.5538 0.5538 0.5538 0.5537 0.2952 0.5538 0.5538 1.0000 0.5538 0.5538 0.5538 0.5538 0.5538 0.5538 0.5538 0.5538 0.5538 0.5538 0.5538 0.5538
1.0000 1.0000 1.0000 1.0000 1.0000 0.4645 1.0000 1.0000 1.0000 0.4471 1.0000 1.0000 1.0000 0.9998 0.4464 1.0000 1.0000 0.5538 1.0000 1.0000 1.0000 1.0000 1.0000 1.0000 1.0000 1.0000 1.0000 1.0000 1.0000 1.0000
1.0000 1.0000 1.0000 1.0000 1.0000 0.4645 1.0000 1.0000 1.0000 0.4471 1.0000 1.0000 1.0000 0.9998 0.4464 1.0000 1.0000 0.5538 1.0000 1.0000 1.0000 1.0000 1.0000 1.0000 1.0000 1.0000 1.0000 1.0000 1.0000 1.0000
1.0000 1.0000 1.0000 1.0000 1.0000 0.4645 1.0000 1.0000 1.0000 0.4471 1.0000 1.0000 1.0000 0.9998 0.4464 1.0000 1.0000 0.5538 1.0000 1.0000 1.0000 1.0000 1.0000 1.0000 1.0000 1.0000 1.0000 1.0000 1.0000 1.0000
1.0000 1.0000 1.0000 1.0000 1.0000 0.4645 1.0000 1.0000 1.0000 0.4471 1.0000 1.0000 1.0000 0.9998 0.4464 1.0000 1.0000 0.5538 1.0000 1.0000 1.0000 1.0000 1.0000 1.0000 1.0000 1.0000 1.0000 1.0000 1.0000 1.0000
1.0000 1.0000 1.0000 1.0000 1.0000 0.4645 1.0000 1.0000 1.0000 0.4471 1.0000 1.0000 1.0000 0.9998 0.4464 1.0000 1.0000 0.5538 1.0000 1.0000 1.0000 1.0000 1.0000 1.0000 1.0000 1.0000 1.0000 1.0000 1.0000 1.0000
1.0000 1.0000 1.0000 1.0000 1.0000 0.4645 1.0000 1.0000 1.0000 0.4471 1.0000 1.0000 1.0000 0.9998 0.4464 1.0000 1.0000 0.5538 1.0000 1.0000 1.0000 1.0000 1.0000 1.0000 1.0000 1.0000 1.0000 1.0000 1.0000 1.0000
1.0000 1.0000 1.0000 1.0000 1.0000 0.4645 1.0000 1.0000 1.0000 0.4471 1.0000 1.0000 1.0000 0.9998 0.4464 1.0000 1.0000 0.5538 1.0000 1.0000 1.0000 1.0000 1.0000 1.0000 1.0000 1.0000 1.0000 1.0000 1.0000 1.0000
1.0000 1.0000 1.0000 1.0000 1.0000 0.4645 1.0000 1.0000 1.0000 0.4471 1.0000 1.0000 1.0000 0.9998 0.4464 1.0000 1.0000 0.5538 1.0000 1.0000 1.0000 1.0000 1.0000 1.0000 1.0000 1.0000 1.0000 1.0000 1.0000 1.0000
1.0000 1.0000 1.0000 1.0000 1.0000 0.4645 1.0000 1.0000 1.0000 0.4471 1.0000 1.0000 1.0000 0.9998 0.4464 1.0000 1.0000 0.5538 1.0000 1.0000 1.0000 1.0000 1.0000 1.0000 1.0000 1.0000 1.0000 1.0000 1.0000 1.0000
1.0000 1.0000 1.0000 1.0000 1.0000 0.4645 1.0000 1.0000 1.0000 0.4471 1.0000 1.0000 1.0000 0.9998 0.4464 1.0000 1.0000 0.5538 1.0000 1.0000 1.0000 1.0000 1.0000 1.0000 1.0000 1.0000 1.0000 1.0000 1.0000 1.0000
1.0000 1.0000 1.0000 1.0000 1.0000 0.4645 1.0000 1.0000 1.0000 0.4471 1.0000 1.0000 1.0000 0.9998 0.4464 1.0000 1.0000 0.5538 1.0000 1.0000 1.0000 1.0000 1.0000 1.0000 1.0000 1.0000 1.0000 1.0000 1.0000 1.0000
1.0000 1.0000 1.0000 1.0000 1.0000 0.4645 1.0000 1.0000 1.0000 0.4471 1.0000 1.0000 1.0000 0.9998 0.4464 1.0000 1.0000 0.5538 1.0000 1.0000 1.0000 1.0000 1.0000 1.0000 1.0000 1.0000 1.0000 1.0000 1.0000 1.0000
