1 1 (0) 1 : 0.000010 0.000010 0.000010 0.000010 0.836713 0.163237 0.000010
2 2 (0) 1 : 0.000010 0.000010 0.000011 0.000010 0.460314 0.539635 0.000010
3 3 (0) 1 : 0.000017 0.000010 0.000010 0.000010 0.797623 0.202320 0.000010
4 4 (0) 1 : 0.000015 0.000010 0.000010 0.000010 0.609579 0.390366 0.000010
5 5 (0) 1 : 0.000011 0.000010 0.000010 0.000010 0.755107 0.244842 0.000010
6 6 (0) 1 : 0.000015 0.000010 0.000010 0.000010 0.525362 0.474583 0.000010
7 7 (0) 1 : 0.000010 0.000010 0.000010 0.000010 0.999940 0.000010 0.000010
8 8 (0) 1 : 0.000011 0.000010 0.000011 0.000010 0.666300 0.333648 0.000010
9 9 (0) 1 : 0.000010 0.000010 0.000010 0.000010 0.000010 0.999940 0.000010
10 10 (0) 1 : 0.000010 0.000010 0.000010 0.000010 0.000010 0.999940 0.000010
11 11 (0) 1 : 0.000010 0.000010 0.000010 0.000010 0.759683 0.240267 0.000010
12 12 (0) 1 : 0.000010 0.000010 0.000010 0.000010 0.000010 0.999940 0.000010
13 13 (0) 1 : 0.000011 0.000010 0.000010 0.000010 0.000010 0.999939 0.000010
14 14 (0) 1 : 0.000010 0.000010 0.000010 0.000010 0.000010 0.999940 0.000010
15 15 (0) 1 : 0.000014 0.000010 0.000010 0.000010 0.430380 0.569566 0.000010
16 16 (0) 1 : 0.000010 0.000010 0.000010 0.000010 0.999940 0.000010 0.000010
17 17 (0) 1 : 0.000011 0.000010 0.000010 0.000010 0.808695 0.191254 0.000010
18 18 (0) 1 : 0.000010 0.000010 0.000010 0.000010 0.000010 0.999940 0.000010
19 19 (0) 1 : 0.000015 0.000010 0.000010 0.000010 0.688807 0.311137 0.000010
20 20 (0) 1 : 0.000010 0.000010 0.000010 0.000010 0.796789 0.203161 0.000010
21 21 (0) 1 : 0.000010 0.000010 0.000010 0.000010 0.999940 0.000010 0.000010
22 22 (0) 1 : 0.000010 0.000010 0.000010 0.000010 0.999940 0.000010 0.000010
23 23 (0) 1 : 0.000013 0.000010 0.000010 0.000010 0.870011 0.129936 0.000010
24 24 (0) 1 : 0.000013 0.000010 0.000010 0.000010 0.000010 0.999937 0.000010
25 25 (0) 1 : 0.000014 0.000010 0.000011 0.000010 0.853516 0.146429 0.000010
26 26 (0) 1 : 0.000010 0.000010 0.000010 0.000010 0.999940 0.000010 0.000010
27 27 (0) 1 : 0.000010 0.000010 0.000010 0.000010 0.346392 0.653558 0.000010
28 28 (0) 1 : 0.000011 0.000010 0.000010 0.000010 0.887889 0.112060 0.000010
29 29 (0) 1 : 0.000010 0.000010 0.000010 0.000010 0.667574 0.332376 0.000010
30 30 (0) 1 : 0.000015 0.000010 0.000010 0.000010 0.858628 0.141316 0.000010
31 31 (0) 1 : 0.000013 0.000010 0.000012 0.000010 0.539075 0.460869 0.000010
32 32 (0) 1 : 0.000010 0.000010 0.000010 0.000010 0.999940 0.000010 0.000010
33 33 (0) 1 : 0.000017 0.000010 0.000010 0.000010 0.835544 0.164399 0.000010
34 34 (0) 1 : 0.000017 0.000010 0.000010 0.000010 0.713685 0.286258 0.000010
35 35 (0) 1 : 0.000011 0.000010 0.000011 0.000010 0.000010 0.999938 0.000010
36 36 (0) 1 : 0.000010 0.605511 0.000013 0.394436 0.000010 0.000010 0.000010
37 37 (0) 1 : 0.000010 0.999940 0.000010 0.000010 0.000010 0.000010 0.000010
38 38 (0) 1 : 0.000010 0.999940 0.000010 0.000010 0.000010 0.000010 0.000010
39 39 (0) 1 : 0.000010 0.004809 0.000010 0.995141 0.000010 0.000010 0.000010
40 40 (0) 1 : 0.000010 0.384555 0.000010 0.615395 0.000010 0.000011 0.000010
41 41 (0) 1 : 0.000010 0.835466 0.000010 0.164484 0.000010 0.000010 0.000010
42 42 (0) 1 : 0.000010 0.274610 0.000010 0.725339 0.000011 0.000010 0.000010
43 43 (0) 1 : 0.000010 0.044757 0.000012 0.955191 0.000010 0.000010 0.000010
44 44 (0) 1 : 0.000010 0.569611 0.000010 0.430339 0.000010 0.000010 0.000010
45 45 (0) 1 : 0.000011 0.189870 0.000015 0.810072 0.000012 0.000010 0.000010
46 46 (0) 1 : 0.000010 0.999940 0.000010 0.000010 0.000010 0.000010 0.000010
47 47 (0) 1 : 0.000010 0.999940 0.000010 0.000010 0.000010 0.000010 0.000010
48 48 (0) 1 : 0.000010 0.999940 0.000010 0.000010 0.000010 0.000010 0.000010
49 49 (0) 1 : 0.000013 0.329608 0.000010 0.670340 0.000010 0.000010 0.000010
50 50 (0) 1 : 0.000010 0.999940 0.000010 0.000010 0.000010 0.000010 0.000010
51 51 (0) 1 : 0.000010 0.632407 0.000011 0.367542 0.000010 0.000010 0.000010
52 52 (0) 1 : 0.000010 0.999940 0.000010 0.000010 0.000010 0.000010 0.000010
53 53 (0) 1 : 0.000010 0.000010 0.000010 0.999940 0.000010 0.000010 0.000010
54 54 (0) 1 : 0.000010 0.000017 0.000010 0.999933 0.000010 0.000010 0.000010
55 55 (0) 1 : 0.000010 0.469919 0.000010 0.530031 0.000010 0.000010 0.000010
56 56 (0) 1 : 0.000011 0.999938 0.000010 0.000010 0.000010 0.000010 0.000010
57 57 (0) 1 : 0.000010 0.000010 0.000010 0.999940 0.000010 0.000010 0.000010
58 58 (0) 1 : 0.000010 0.312082 0.000010 0.687868 0.000010 0.000010 0.000010
59 59 (0) 1 : 0.000010 0.329966 0.000010 0.669984 0.000010 0.000010 0.000010
60 60 (0) 1 : 0.000010 0.000010 0.000010 0.999940 0.000010 0.000010 0.000010
61 61 (0) 1 : 0.000010 0.000010 0.000010 0.999940 0.000010 0.000010 0.000010
62 62 (0) 1 : 0.000010 0.999940 0.000010 0.000010 0.000010 0.000010 0.000010
63 63 (0) 1 : 0.000010 0.654764 0.000010 0.345186 0.000010 0.000010 0.000010
64 64 (0) 1 : 0.000010 0.000010 0.000010 0.999940 0.000010 0.000010 0.000010
65 65 (0) 1 : 0.000010 0.285596 0.000010 0.714354 0.000010 0.000010 0.000010
66 66 (0) 1 : 0.000010 0.000010 0.000010 0.999940 0.000010 0.000010 0.000010
67 67 (0) 1 : 0.000010 0.123350 0.000010 0.876600 0.000010 0.000010 0.000010
68 68 (0) 1 : 0.000010 0.999940 0.000010 0.000010 0.000010 0.000010 0.000010
69 69 (0) 1 : 0.000010 0.400464 0.000011 0.599485 0.000010 0.000010 0.000010
70 70 (0) 1 : 0.000010 0.875696 0.000010 0.124254 0.000010 0.000010 0.000010
71 71 (0) 1 : 0.000010 0.694756 0.000010 0.305194 0.000010 0.000010 0.000010
72 72 (0) 1 : 0.000010 0.000010 0.000010 0.999940 0.000010 0.000010 0.000010
73 73 (0) 1 : 0.000010 0.000010 0.000010 0.999940 0.000010 0.000010 0.000010
74 74 (0) 1 : 0.000010 0.289164 0.000010 0.710786 0.000010 0.000010 0.000010
75 75 (0) 1 : 0.000010 0.387101 0.000010 0.612849 0.000010 0.000010 0.000010
76 76 (0) 1 : 0.000010 0.999938 0.000012 0.000010 0.000010 0.000010 0.000010
77 77 (0) 1 : 0.000010 0.999940 0.000010 0.000010 0.000010 0.000010 0.000010
78 78 (0) 1 : 0.000010 0.000016 0.999933 0.000010 0.000010 0.000010 0.000010
79 79 (0) 1 : 0.000010 0.000015 0.999935 0.000010 0.000010 0.000010 0.000010
80 80 (0) 1 : 0.000010 0.000010 0.999940 0.000010 0.000010 0.000010 0.000010
81 81 (0) 1 : 0.000010 0.000010 0.999940 0.000010 0.000010 0.000010 0.000010
82 82 (0) 1 : 0.000010 0.000010 0.999940 0.000010 0.000010 0.000010 0.000010
83 83 (0) 1 : 0.000010 0.000010 0.999940 0.000010 0.000010 0.000010 0.000010
84 84 (0) 1 : 0.000010 0.000010 0.999936 0.000014 0.000010 0.000010 0.000010
85 85 (0) 1 : 0.000014 0.000019 0.999922 0.000010 0.000015 0.000010 0.000010
86 86 (0) 1 : 0.000010 0.000010 0.999940 0.000010 0.000010 0.000010 0.000010
87 87 (0) 1 : 0.000012 0.000018 0.999927 0.000010 0.000010 0.000013 0.000010
88 88 (0) 1 : 0.000010 0.000011 0.999939 0.000010 0.000010 0.000010 0.000010
89 89 (0) 1 : 0.000010 0.000010 0.999940 0.000010 0.000010 0.000010 0.000010
90 90 (0) 1 : 0.000010 0.000010 0.999940 0.000010 0.000010 0.000010 0.000010
91 91 (0) 1 : 0.000010 0.000010 0.999935 0.000015 0.000010 0.000010 0.000010
92 92 (0) 1 : 0.000010 0.000010 0.999939 0.000011 0.000010 0.000010 0.000010
93 93 (0) 1 : 0.000010 0.000010 0.999940 0.000010 0.000010 0.000010 0.000010
94 94 (0) 1 : 0.000010 0.000012 0.999938 0.000010 0.000010 0.000010 0.000010
95 95 (0) 1 : 0.000010 0.000010 0.999937 0.000013 0.000010 0.000010 0.000010
96 96 (0) 1 : 0.000010 0.000010 0.000010 0.000010 0.000010 0.000010 0.999940
97 97 (0) 1 : 0.000011 0.000010 0.000010 0.000010 0.000010 0.000010 0.999939
98 98 (0) 1 : 0.000018 0.000010 0.000013 0.000010 0.000017 0.000010 0.999922
99 99 (0) 1 : 0.000011 0.000010 0.000010 0.000012 0.000011 0.000010 0.999937
100 100 (0) 1 : 0.000010 0.000010 0.000013 0.000010 0.000010 0.000010 0.999936
101 101 (0) 1 : 0.000010 0.000010 0.000014 0.000010 0.000010 0.000010 0.999936
102 102 (0) 1 : 0.000010 0.000010 0.000010 0.000010 0.000010 0.000010 0.999940
103 103 (0) 1 : 0.000010 0.000010 0.000010 0.000011 0.000010 0.000010 0.999939
104 104 (0) 1 : 0.000010 0.000010 0.000015 0.000010 0.000013 0.000010 0.999931
105 105 (0) 1 : 0.000011 0.000010 0.000010 0.000012 0.000010 0.000010 0.999937
106 106 (0) 1 : 0.000013 0.000010 0.000015 0.000010 0.000011 0.000010 0.999931
107 107 (0) 1 : 0.000011 0.000010 0.000012 0.000010 0.000010 0.000010 0.999937
108 108 (0) 1 : 0.000011 0.000010 0.000010 0.000010 0.000010 0.000010 0.999939
109 109 (0) 1 : 0.000010 0.000014 0.000010 0.000010 0.000010 0.000010 0.999935
110 110 (0) 1 : 0.000010 0.000010 0.000015 0.000010 0.000010 0.000010 0.999935
111 111 (0) 1 : 0.000012 0.000010 0.000010 0.000011 0.000012 0.000010 0.999935
112 112 (0) 1 : 0.000010 0.000010 0.000012 0.000010 0.000014 0.000010 0.999934
113 113 (0) 1 : 0.000011 0.000010 0.000010 0.000010 0.000010 0.000010 0.999939
114 114 (0) 1 : 0.999940 0.000010 0.000010 0.000010 0.000010 0.000010 0.000010
115 115 (0) 1 : 0.999940 0.000010 0.000010 0.000010 0.000010 0.000010 0.000010
116 116 (0) 1 : 0.999940 0.000010 0.000010 0.000010 0.000010 0.000010 0.000010
117 117 (0) 1 : 0.999940 0.000010 0.000010 0.000010 0.000010 0.000010 0.000010
118 118 (0) 1 : 0.999940 0.000010 0.000010 0.000010 0.000010 0.000010 0.000010
119 119 (0) 1 : 0.999940 0.000010 0.000010 0.000010 0.000010 0.000010 0.000010
120 120 (0) 1 : 0.999940 0.000010 0.000010 0.000010 0.000010 0.000010 0.000010
121 121 (0) 1 : 0.999937 0.000010 0.000010 0.000013 0.000010 0.000010 0.000010
1 1 (0) 1 : 0.774061 0.000010 0.225889 0.000010 0.000010 0.000010 0.000010
2 2 (0) 1 : 0.738087 0.000010 0.261863 0.000010 0.000010 0.000010 0.000010
3 3 (0) 1 : 0.612451 0.000010 0.387499 0.000010 0.000010 0.000010 0.000010
4 4 (0) 1 : 0.569491 0.000010 0.430459 0.000010 0.000010 0.000010 0.000010
5 5 (0) 1 : 0.550664 0.000010 0.449286 0.000010 0.000010 0.000010 0.000010
6 6 (0) 1 : 0.446323 0.000010 0.553624 0.000010 0.000013 0.000010 0.000010
7 7 (0) 1 : 0.999940 0.000010 0.000010 0.000010 0.000010 0.000010 0.000010
8 8 (0) 1 : 0.602084 0.000010 0.397866 0.000010 0.000010 0.000010 0.000010
9 9 (0) 1 : 0.000010 0.000010 0.999940 0.000010 0.000010 0.000010 0.000010
10 10 (0) 1 : 0.999940 0.000010 0.000010 0.000010 0.000010 0.000010 0.000010
11 11 (0) 1 : 0.568427 0.000010 0.431523 0.000010 0.000010 0.000010 0.000010
12 12 (0) 1 : 0.999940 0.000010 0.000010 0.000010 0.000010 0.000010 0.000010
13 13 (0) 1 : 0.000010 0.000010 0.999940 0.000010 0.000010 0.000010 0.000010
14 14 (0) 1 : 0.999932 0.000013 0.000010 0.000015 0.000010 0.000010 0.000010
15 15 (0) 1 : 0.432819 0.000010 0.567131 0.000010 0.000010 0.000010 0.000010
16 16 (0) 1 : 0.999939 0.000011 0.000010 0.000010 0.000010 0.000010 0.000010
17 17 (0) 1 : 0.732468 0.000010 0.267482 0.000010 0.000010 0.000010 0.000010
18 18 (0) 1 : 0.000010 0.000010 0.999940 0.000010 0.000010 0.000010 0.000010
19 19 (0) 1 : 0.523839 0.000010 0.476111 0.000010 0.000010 0.000010 0.000010
20 20 (0) 1 : 0.815730 0.000010 0.184220 0.000010 0.000010 0.000010 0.000010
21 21 (0) 1 : 0.826748 0.000010 0.173202 0.000010 0.000010 0.000010 0.000010
22 22 (0) 1 : 0.999940 0.000010 0.000010 0.000010 0.000010 0.000010 0.000010
23 23 (0) 1 : 0.999938 0.000012 0.000010 0.000010 0.000010 0.000010 0.000010
24 24 (0) 1 : 0.000010 0.000010 0.999940 0.000010 0.000010 0.000010 0.000010
25 25 (0) 1 : 0.801564 0.000010 0.198386 0.000010 0.000010 0.000010 0.000010
26 26 (0) 1 : 0.842800 0.000010 0.157150 0.000010 0.000010 0.000010 0.000010
27 27 (0) 1 : 0.475077 0.000010 0.524873 0.000010 0.000010 0.000010 0.000010
28 28 (0) 1 : 0.849327 0.000010 0.150623 0.000010 0.000010 0.000010 0.000010
29 29 (0) 1 : 0.580268 0.000010 0.419677 0.000015 0.000010 0.000010 0.000010
30 30 (0) 1 : 0.999937 0.000013 0.000010 0.000010 0.000010 0.000010 0.000010
31 31 (0) 1 : 0.529172 0.000010 0.470778 0.000010 0.000010 0.000010 0.000010
32 32 (0) 1 : 0.999940 0.000010 0.000010 0.000010 0.000010 0.000010 0.000010
33 33 (0) 1 : 0.999940 0.000010 0.000010 0.000010 0.000010 0.000010 0.000010
34 34 (0) 1 : 0.618158 0.000010 0.381792 0.000010 0.000010 0.000010 0.000010
35 35 (0) 1 : 0.000010 0.000010 0.999940 0.000010 0.000010 0.000010 0.000010
36 36 (0) 1 : 0.000010 0.000010 0.000010 0.386116 0.000010 0.613834 0.000010
37 37 (0) 1 : 0.000014 0.000010 0.000010 0.000010 0.000010 0.999936 0.000010
38 38 (0) 1 : 0.000010 0.000010 0.000010 0.000010 0.000010 0.999940 0.000010
39 39 (0) 1 : 0.000010 0.000010 0.000010 0.997622 0.000010 0.002328 0.000010
40 40 (0) 1 : 0.000010 0.000010 0.000010 0.617782 0.000010 0.382168 0.000010
41 41 (0) 1 : 0.000010 0.000010 0.000010 0.176310 0.000010 0.823640 0.000010
42 42 (0) 1 : 0.000010 0.000010 0.000016 0.720960 0.000010 0.278984 0.000010
43 43 (0) 1 : 0.000010 0.000010 0.000010 0.948554 0.000010 0.051396 0.000010
44 44 (0) 1 : 0.000010 0.000010 0.000010 0.609129 0.000010 0.390821 0.000010
45 45 (0) 1 : 0.000010 0.000010 0.000010 0.799358 0.000010 0.200592 0.000010
46 46 (0) 1 : 0.000010 0.000010 0.000010 0.000020 0.000010 0.999930 0.000010
47 47 (0) 1 : 0.000010 0.000010 0.000010 0.000010 0.000010 0.999940 0.000010
48 48 (0) 1 : 0.000013 0.000010 0.000010 0.000016 0.000010 0.999931 0.000010
49 49 (0) 1 : 0.000010 0.000010 0.000010 0.678376 0.000010 0.321574 0.000010
50 50 (0) 1 : 0.000010 0.000010 0.000010 0.000010 0.000010 0.999940 0.000010
51 51 (0) 1 : 0.000010 0.000010 0.000010 0.365678 0.000010 0.634272 0.000010
52 52 (0) 1 : 0.000010 0.000010 0.000010 0.000010 0.000010 0.999940 0.000010
53 53 (0) 1 : 0.000010 0.000010 0.000010 0.999940 0.000010 0.000010 0.000010
54 54 (0) 1 : 0.000010 0.000010 0.000010 0.999940 0.000010 0.000010 0.000010
55 55 (0) 1 : 0.000010 0.000010 0.000010 0.553266 0.000010 0.446684 0.000010
56 56 (0) 1 : 0.000010 0.000010 0.000012 0.000010 0.000010 0.999938 0.000010
57 57 (0) 1 : 0.000010 0.000010 0.000010 0.999940 0.000010 0.000010 0.000010
58 58 (0) 1 : 0.000010 0.000010 0.000010 0.690294 0.000010 0.309656 0.000010
59 59 (0) 1 : 0.000010 0.000010 0.000010 0.687093 0.000010 0.312857 0.000010
60 60 (0) 1 : 0.000010 0.000010 0.000010 0.999940 0.000010 0.000010 0.000010
61 61 (0) 1 : 0.000010 0.000010 0.000010 0.999940 0.000010 0.000010 0.000010
62 62 (0) 1 : 0.000010 0.000010 0.000010 0.000010 0.000010 0.999940 0.000010
63 63 (0) 1 : 0.000010 0.000010 0.000010 0.355443 0.000010 0.644507 0.000010
64 64 (0) 1 : 0.000010 0.000010 0.000010 0.999940 0.000010 0.000010 0.000010
65 65 (0) 1 : 0.000010 0.000010 0.000010 0.719855 0.000010 0.280095 0.000010
66 66 (0) 1 : 0.000010 0.000010 0.000010 0.999940 0.000010 0.000010 0.000010
67 67 (0) 1 : 0.000010 0.000010 0.000010 0.890590 0.000010 0.109360 0.000010
68 68 (0) 1 : 0.000010 0.000010 0.000010 0.000010 0.000010 0.999940 0.000010
69 69 (0) 1 : 0.000010 0.000010 0.000010 0.605178 0.000010 0.394772 0.000010
70 70 (0) 1 : 0.000014 0.000010 0.000010 0.125687 0.000010 0.874259 0.000010
71 71 (0) 1 : 0.000011 0.000010 0.000010 0.310124 0.000010 0.689826 0.000010
72 72 (0) 1 : 0.000010 0.000010 0.000010 0.999940 0.000010 0.000010 0.000010
73 73 (0) 1 : 0.000012 0.000013 0.000010 0.999935 0.000010 0.000010 0.000010
74 74 (0) 1 : 0.000010 0.000010 0.000010 0.720988 0.000010 0.278962 0.000010
75 75 (0) 1 : 0.000010 0.000010 0.000010 0.599385 0.000010 0.400565 0.000010
76 76 (0) 1 : 0.000012 0.000010 0.000010 0.000010 0.000010 0.999938 0.000010
77 77 (0) 1 : 0.000010 0.000010 0.000010 0.000010 0.000010 0.999940 0.000010
78 78 (0) 1 : 0.000010 0.000010 0.000010 0.000011 0.000010 0.000010 0.999939
79 79 (0) 1 : 0.000010 0.000010 0.000010 0.000010 0.000010 0.000010 0.999940
80 80 (0) 1 : 0.000010 0.000010 0.000011 0.000010 0.000010 0.000010 0.999939
81 81 (0) 1 : 0.000010 0.000016 0.000010 0.000010 0.000010 0.000010 0.999934
82 82 (0) 1 : 0.000010 0.000010 0.000010 0.000010 0.000010 0.000010 0.999940
83 83 (0) 1 : 0.000010 0.000010 0.000010 0.000010 0.000010 0.000010 0.999940
84 84 (0) 1 : 0.000010 0.000010 0.000010 0.000010 0.000010 0.000010 0.999940
85 85 (0) 1 : 0.000010 0.000010 0.000010 0.000010 0.000010 0.000010 0.999940
86 86 (0) 1 : 0.000010 0.000010 0.000010 0.000010 0.000010 0.000010 0.999940
87 87 (0) 1 : 0.000010 0.000010 0.000010 0.000010 0.000010 0.000010 0.999940
88 88 (0) 1 : 0.000010 0.000010 0.000010 0.000010 0.000019 0.000010 0.999931
89 89 (0) 1 : 0.000010 0.000010 0.000010 0.000010 0.000010 0.000010 0.999940
90 90 (0) 1 : 0.000010 0.000010 0.000010 0.000010 0.000010 0.000010 0.999940
91 91 (0) 1 : 0.000010 0.000010 0.000010 0.000010 0.000010 0.000010 0.999940
92 92 (0) 1 : 0.000010 0.000010 0.000010 0.000010 0.000010 0.000010 0.999940
93 93 (0) 1 : 0.000010 0.000010 0.000010 0.000010 0.000010 0.000010 0.999940
94 94 (0) 1 : 0.000010 0.000010 0.000010 0.000010 0.000010 0.000010 0.999940
95 95 (0) 1 : 0.000010 0.000010 0.000010 0.000010 0.000010 0.000010 0.999940
96 96 (0) 1 : 0.000010 0.999940 0.000010 0.000010 0.000010 0.000010 0.000010
97 97 (0) 1 : 0.000010 0.999940 0.000010 0.000010 0.000010 0.000010 0.000010
98 98 (0) 1 : 0.000010 0.999940 0.000010 0.000010 0.000010 0.000010 0.000010
99 99 (0) 1 : 0.000013 0.999921 0.000020 0.000010 0.000016 0.000010 0.000010
100 100 (0) 1 : 0.000010 0.999940 0.000010 0.000010 0.000010 0.000010 0.000010
101 101 (0) 1 : 0.000010 0.999940 0.000010 0.000010 0.000010 0.000010 0.000010
102 102 (0) 1 : 0.000010 0.999940 0.000010 0.000010 0.000010 0.000010 0.000010
103 103 (0) 1 : 0.000010 0.999940 0.000010 0.000010 0.000010 0.000010 0.000010
104 104 (0) 1 : 0.000010 0.999940 0.000010 0.000010 0.000010 0.000010 0.000010
105 105 (0) 1 : 0.000010 0.999937 0.000010 0.000010 0.000013 0.000010 0.000010
106 106 (0) 1 : 0.000010 0.999938 0.000010 0.000010 0.000012 0.000010 0.000010
107 107 (0) 1 : 0.000010 0.999940 0.000010 0.000010 0.000010 0.000010 0.000010
108 108 (0) 1 : 0.000010 0.999940 0.000010 0.000010 0.000010 0.000010 0.000010
109 109 (0) 1 : 0.000010 0.999933 0.000010 0.000011 0.000016 0.000010 0.000010
110 110 (0) 1 : 0.000010 0.999940 0.000010 0.000010 0.000010 0.000010 0.000010
111 111 (0) 1 : 0.000017 0.999929 0.000010 0.000010 0.000014 0.000010 0.000010
112 112 (0) 1 : 0.000018 0.999926 0.000010 0.000013 0.000012 0.000010 0.000010
113 113 (0) 1 : 0.000010 0.999940 0.000010 0.000010 0.000010 0.000010 0.000010
114 114 (0) 1 : 0.000010 0.000020 0.000010 0.000010 0.999930 0.000010 0.000010
115 115 (0) 1 : 0.000010 0.000017 0.000010 0.000015 0.999927 0.000010 0.000010
116 116 (0) 1 : 0.000010 0.000010 0.000010 0.000010 0.999936 0.000014 0.000010
117 117 (0) 1 : 0.000010 0.000010 0.000010 0.000010 0.999940 0.000010 0.000010
118 118 (0) 1 : 0.000010 0.000010 0.000014 0.000010 0.999936 0.000010 0.000010
119 119 (0) 1 : 0.000012 0.000010 0.000010 0.000010 0.999938 0.000010 0.000010
120 120 (0) 1 : 0.000013 0.000010 0.000010 0.000010 0.999937 0.000010 0.000010
121 121 (0) 1 : 0.000010 0.000010 0.000010 0.000010 0.999940 0.000010 0.000010
1 1 (0) 1 : 0.000010 0.778790 0.000010 0.000010 0.000010 0.000010 0.221160
2 2 (0) 1 : 0.000010 0.740793 0.000010 0.000010 0.000010 0.000010 0.259157
3 3 (0) 1 : 0.000010 0.619094 0.000010 0.000010 0.000010 0.000010 0.380856
4 4 (0) 1 : 0.000010 0.572296 0.000010 0.000010 0.000010 0.000010 0.427654
5 5 (0) 1 : 0.000010 0.557542 0.000010 0.000010 0.000010 0.000010 0.442408
6 6 (0) 1 : 0.000010 0.451552 0.000010 0.000010 0.000010 0.000010 0.548398
7 7 (0) 1 : 0.000010 0.999940 0.000010 0.000010 0.000010 0.000010 0.000010
8 8 (0) 1 : 0.000010 0.609396 0.000010 0.000010 0.000010 0.000010 0.390554
9 9 (0) 1 : 0.000010 0.000010 0.000010 0.000010 0.000010 0.000010 0.999940
10 10 (0) 1 : 0.000010 0.999940 0.000010 0.000010 0.000010 0.000010 0.000010
11 11 (0) 1 : 0.000010 0.576921 0.000010 0.000010 0.000010 0.000010 0.423029
12 12 (0) 1 : 0.000010 0.999940 0.000010 0.000010 0.000010 0.000010 0.000010
13 13 (0) 1 : 0.000010 0.000010 0.000010 0.000010 0.000010 0.000010 0.999940
14 14 (0) 1 : 0.000010 0.999940 0.000010 0.000010 0.000010 0.000010 0.000010
15 15 (0) 1 : 0.000010 0.436179 0.000010 0.000010 0.000010 0.000010 0.563771
16 16 (0) 1 : 0.000010 0.999940 0.000010 0.000010 0.000010 0.000010 0.000010
17 17 (0) 1 : 0.000010 0.737694 0.000010 0.000010 0.000010 0.000010 0.262256
18 18 (0) 1 : 0.000010 0.000015 0.000010 0.000010 0.000010 0.000010 0.999935
19 19 (0) 1 : 0.000010 0.532421 0.000010 0.000010 0.000010 0.000010 0.467529
20 20 (0) 1 : 0.000010 0.817772 0.000010 0.000010 0.000010 0.000010 0.182178
21 21 (0) 1 : 0.000010 0.827471 0.000010 0.000010 0.000010 0.000010 0.172479
22 22 (0) 1 : 0.000010 0.999940 0.000010 0.000010 0.000010 0.000010 0.000010
23 23 (0) 1 : 0.000010 0.999940 0.000010 0.000010 0.000010 0.000010 0.000010
24 24 (0) 1 : 0.000010 0.000010 0.000010 0.000010 0.000010 0.000010 0.999940
25 25 (0) 1 : 0.000010 0.802515 0.000010 0.000010 0.000010 0.000010 0.197435
26 26 (0) 1 : 0.000010 0.842193 0.000010 0.000010 0.000010 0.000010 0.157757
27 27 (0) 1 : 0.000010 0.478515 0.000010 0.000010 0.000010 0.000010 0.521435
28 28 (0) 1 : 0.000010 0.857011 0.000010 0.000010 0.000010 0.000010 0.142939
29 29 (0) 1 : 0.000010 0.582550 0.000010 0.000010 0.000010 0.000010 0.417400
30 30 (0) 1 : 0.000010 0.999940 0.000010 0.000010 0.000010 0.000010 0.000010
31 31 (0) 1 : 0.000010 0.532371 0.000010 0.000010 0.000010 0.000010 0.467579
32 32 (0) 1 : 0.000010 0.999940 0.000010 0.000010 0.000010 0.000010 0.000010
33 33 (0) 1 : 0.000013 0.999936 0.000010 0.000011 0.000010 0.000010 0.000010
34 34 (0) 1 : 0.000010 0.622468 0.000010 0.000010 0.000010 0.000010 0.377482
35 35 (0) 1 : 0.000010 0.000010 0.000010 0.000010 0.000010 0.000010 0.999940
36 36 (0) 1 : 0.614202 0.000010 0.000010 0.385748 0.000010 0.000010 0.000010
37 37 (0) 1 : 0.999933 0.000010 0.000010 0.000015 0.000010 0.000012 0.000010
38 38 (0) 1 : 0.999940 0.000010 0.000010 0.000010 0.000010 0.000010 0.000010
39 39 (0) 1 : 0.001275 0.000010 0.000010 0.998675 0.000010 0.000010 0.000010
40 40 (0) 1 : 0.381959 0.000010 0.000011 0.617991 0.000010 0.000010 0.000010
41 41 (0) 1 : 0.823031 0.000010 0.000010 0.176919 0.000010 0.000010 0.000010
42 42 (0) 1 : 0.278140 0.000010 0.000010 0.721810 0.000010 0.000010 0.000010
43 43 (0) 1 : 0.050648 0.000010 0.000010 0.949302 0.000010 0.000010 0.000010
44 44 (0) 1 : 0.390824 0.000010 0.000010 0.609126 0.000010 0.000010 0.000010
45 45 (0) 1 : 0.200209 0.000010 0.000010 0.799741 0.000010 0.000010 0.000010
46 46 (0) 1 : 0.999940 0.000010 0.000010 0.000010 0.000010 0.000010 0.000010
47 47 (0) 1 : 0.999930 0.000010 0.000014 0.000016 0.000010 0.000010 0.000010
48 48 (0) 1 : 0.999940 0.000010 0.000010 0.000010 0.000010 0.000010 0.000010
49 49 (0) 1 : 0.323030 0.000010 0.000010 0.676920 0.000010 0.000010 0.000010
50 50 (0) 1 : 0.999940 0.000010 0.000010 0.000010 0.000010 0.000010 0.000010
51 51 (0) 1 : 0.633842 0.000010 0.000010 0.366108 0.000010 0.000010 0.000010
52 52 (0) 1 : 0.999939 0.000010 0.000010 0.000010 0.000010 0.000010 0.000010
53 53 (0) 1 : 0.000010 0.000010 0.000010 0.999940 0.000010 0.000010 0.000010
54 54 (0) 1 : 0.000010 0.000010 0.000010 0.999940 0.000010 0.000010 0.000010
55 55 (0) 1 : 0.446585 0.000010 0.000010 0.553365 0.000010 0.000010 0.000010
56 56 (0) 1 : 0.999940 0.000010 0.000010 0.000010 0.000010 0.000010 0.000010
57 57 (0) 1 : 0.000010 0.000010 0.000010 0.999940 0.000010 0.000010 0.000010
58 58 (0) 1 : 0.309377 0.000010 0.000010 0.690573 0.000010 0.000010 0.000010
59 59 (0) 1 : 0.312676 0.000010 0.000010 0.687274 0.000010 0.000010 0.000010
60 60 (0) 1 : 0.000013 0.000010 0.000010 0.999937 0.000010 0.000010 0.000010
61 61 (0) 1 : 0.000012 0.000010 0.000010 0.999938 0.000010 0.000010 0.000010
62 62 (0) 1 : 0.999940 0.000010 0.000010 0.000010 0.000010 0.000010 0.000010
63 63 (0) 1 : 0.644177 0.000010 0.000010 0.355773 0.000010 0.000010 0.000010
64 64 (0) 1 : 0.000010 0.000010 0.000010 0.999940 0.000010 0.000010 0.000010
65 65 (0) 1 : 0.280135 0.000010 0.000016 0.719810 0.000010 0.000010 0.000010
66 66 (0) 1 : 0.000010 0.000010 0.000010 0.999940 0.000010 0.000010 0.000010
67 67 (0) 1 : 0.110739 0.000010 0.000010 0.889211 0.000010 0.000010 0.000010
68 68 (0) 1 : 0.999940 0.000010 0.000010 0.000010 0.000010 0.000010 0.000010
69 69 (0) 1 : 0.394357 0.000010 0.000010 0.605593 0.000010 0.000010 0.000010
70 70 (0) 1 : 0.875572 0.000010 0.000010 0.124378 0.000010 0.000010 0.000010
71 71 (0) 1 : 0.690162 0.000010 0.000010 0.309788 0.000010 0.000010 0.000010
72 72 (0) 1 : 0.000010 0.000010 0.000010 0.999940 0.000010 0.000010 0.000010
73 73 (0) 1 : 0.000010 0.000010 0.000010 0.999940 0.000010 0.000010 0.000010
74 74 (0) 1 : 0.279300 0.000010 0.000010 0.720650 0.000010 0.000010 0.000010
75 75 (0) 1 : 0.399841 0.000010 0.000010 0.600109 0.000010 0.000010 0.000010
76 76 (0) 1 : 0.999940 0.000010 0.000010 0.000010 0.000010 0.000010 0.000010
77 77 (0) 1 : 0.999939 0.000010 0.000010 0.000010 0.000011 0.000010 0.000010
78 78 (0) 1 : 0.000010 0.000010 0.999940 0.000010 0.000010 0.000010 0.000010
79 79 (0) 1 : 0.000010 0.000010 0.999940 0.000010 0.000010 0.000010 0.000010
80 80 (0) 1 : 0.000010 0.000010 0.999940 0.000010 0.000010 0.000010 0.000010
81 81 (0) 1 : 0.000010 0.000010 0.999940 0.000010 0.000010 0.000010 0.000010
82 82 (0) 1 : 0.000010 0.000010 0.999940 0.000010 0.000010 0.000010 0.000010
83 83 (0) 1 : 0.000010 0.000010 0.999940 0.000010 0.000010 0.000010 0.000010
84 84 (0) 1 : 0.000010 0.000010 0.999940 0.000010 0.000010 0.000010 0.000010
85 85 (0) 1 : 0.000010 0.000010 0.999940 0.000010 0.000010 0.000010 0.000010
86 86 (0) 1 : 0.000010 0.000010 0.999940 0.000010 0.000010 0.000010 0.000010
87 87 (0) 1 : 0.000010 0.000010 0.999932 0.000010 0.000010 0.000018 0.000010
88 88 (0) 1 : 0.000010 0.000010 0.999940 0.000010 0.000010 0.000010 0.000010
89 89 (0) 1 : 0.000010 0.000010 0.999940 0.000010 0.000010 0.000010 0.000010
90 90 (0) 1 : 0.000010 0.000010 0.999940 0.000010 0.000010 0.000010 0.000010
91 91 (0) 1 : 0.000010 0.000010 0.999940 0.000010 0.000010 0.000010 0.000010
92 92 (0) 1 : 0.000010 0.000010 0.999940 0.000010 0.000010 0.000010 0.000010
93 93 (0) 1 : 0.000010 0.000010 0.999940 0.000010 0.000010 0.000010 0.000010
94 94 (0) 1 : 0.000010 0.000010 0.999940 0.000010 0.000010 0.000010 0.000010
95 95 (0) 1 : 0.000010 0.000010 0.999940 0.000010 0.000010 0.000010 0.000010
96 96 (0) 1 : 0.000010 0.000010 0.000010 0.000010 0.999936 0.000014 0.000010
97 97 (0) 1 : 0.000010 0.000010 0.000010 0.000010 0.999940 0.000010 0.000010
98 98 (0) 1 : 0.000010 0.000010 0.000010 0.000010 0.999940 0.000010 0.000010
99 99 (0) 1 : 0.000010 0.000010 0.000010 0.000010 0.999940 0.000010 0.000010
100 100 (0) 1 : 0.000010 0.000010 0.000010 0.000010 0.999940 0.000010 0.000010
101 101 (0) 1 : 0.000010 0.000010 0.000010 0.000010 0.999940 0.000010 0.000010
102 102 (0) 1 : 0.000010 0.000010 0.000010 0.000010 0.999940 0.000010 0.000010
103 103 (0) 1 : 0.000010 0.000010 0.000010 0.000010 0.999940 0.000010 0.000010
104 104 (0) 1 : 0.000010 0.000010 0.000010 0.000010 0.999940 0.000010 0.000010
105 105 (0) 1 : 0.000010 0.000010 0.000010 0.000010 0.999940 0.000010 0.000010
106 106 (0) 1 : 0.000010 0.000010 0.000010 0.000010 0.999940 0.000010 0.000010
107 107 (0) 1 : 0.000010 0.000010 0.000010 0.000010 0.999939 0.000011 0.000010
108 108 (0) 1 : 0.000010 0.000010 0.000010 0.000010 0.999940 0.000010 0.000010
109 109 (0) 1 : 0.000010 0.000010 0.000010 0.000010 0.999940 0.000010 0.000010
110 110 (0) 1 : 0.000010 0.000010 0.000010 0.000010 0.999940 0.000010 0.000010
111 111 (0) 1 : 0.000010 0.000010 0.000010 0.000010 0.999940 0.000010 0.000010
112 112 (0) 1 : 0.000010 0.000010 0.000010 0.000010 0.999940 0.000010 0.000010
113 113 (0) 1 : 0.000010 0.000010 0.000010 0.000010 0.999940 0.000010 0.000010
114 114 (0) 1 : 0.000010 0.000010 0.000010 0.000010 0.000010 0.999940 0.000010
115 115 (0) 1 : 0.000010 0.000010 0.000010 0.000010 0.000010 0.999940 0.000010
116 116 (0) 1 : 0.000010 0.000010 0.000010 0.000010 0.000010 0.999940 0.000010
117 117 (0) 1 : 0.000010 0.000010 0.000010 0.000010 0.000010 0.999940 0.000010
118 118 (0) 1 : 0.000010 0.000010 0.000010 0.000010 0.000010 0.999940 0.000010
119 119 (0) 1 : 0.000010 0.000013 0.000010 0.000010 0.000010 0.999936 0.000010
120 120 (0) 1 : 0.000010 0.000010 0.000010 0.000010 0.000010 0.999940 0.000010
121 121 (0) 1 : 0.000010 0.000010 0.000010 0.000010 0.000010 0.999940 0.000010
1 1 (0) 1 : 0.000010 0.000010 0.238025 0.761925 0.000010 0.000010 0.000010
2 2 (0) 1 : 0.000010 0.000010 0.579318 0.420632 0.000010 0.000010 0.000010
3 3 (0) 1 : 0.000010 0.000010 0.356566 0.643384 0.000010 0.000010 0.000010
4 4 (0) 1 : 0.000010 0.000010 0.508688 0.491262 0.000010 0.000010 0.000010
5 5 (0) 1 : 0.000010 0.000010 0.351431 0.648519 0.000010 0.000010 0.000010
6 6 (0) 1 : 0.000010 0.000010 0.556928 0.443022 0.000010 0.000010 0.000010
7 7 (0) 1 : 0.000010 0.000010 0.000010 0.999940 0.000010 0.000010 0.000010
8 8 (0) 1 : 0.000010 0.000010 0.384482 0.615468 0.000010 0.000010 0.000010
9 9 (0) 1 : 0.000010 0.000010 0.999940 0.000010 0.000010 0.000010 0.000010
10 10 (0) 1 : 0.000010 0.000010 0.999940 0.000010 0.000010 0.000010 0.000010
11 11 (0) 1 : 0.000010 0.000010 0.347510 0.652440 0.000010 0.000010 0.000010
12 12 (0) 1 : 0.000010 0.000010 0.999940 0.000010 0.000010 0.000010 0.000010
13 13 (0) 1 : 0.000010 0.000010 0.999940 0.000010 0.000010 0.000010 0.000010
14 14 (0) 1 : 0.000010 0.000010 0.999940 0.000010 0.000010 0.000010 0.000010
15 15 (0) 1 : 0.000010 0.000010 0.660599 0.339351 0.000010 0.000010 0.000010
16 16 (0) 1 : 0.000010 0.000010 0.000010 0.999940 0.000010 0.000010 0.000010
17 17 (0) 1 : 0.000010 0.000010 0.310487 0.689463 0.000010 0.000010 0.000010
18 18 (0) 1 : 0.000010 0.000010 0.999940 0.000010 0.000010 0.000010 0.000010
19 19 (0) 1 : 0.000010 0.000010 0.470950 0.529000 0.000010 0.000010 0.000010
20 20 (0) 1 : 0.000010 0.000010 0.251324 0.748626 0.000010 0.000010 0.000010
21 21 (0) 1 : 0.000010 0.000010 0.104683 0.895267 0.000010 0.000010 0.000010
22 22 (0) 1 : 0.000010 0.000010 0.036960 0.962990 0.000010 0.000010 0.000010
23 23 (0) 1 : 0.000010 0.000010 0.191588 0.808362 0.000010 0.000010 0.000010
24 24 (0) 1 : 0.000010 0.000010 0.999940 0.000010 0.000010 0.000010 0.000010
25 25 (0) 1 : 0.000010 0.000010 0.233259 0.766691 0.000010 0.000010 0.000010
26 26 (0) 1 : 0.000010 0.000010 0.000010 0.999940 0.000010 0.000010 0.000010
27 27 (0) 1 : 0.000010 0.000010 0.715897 0.284053 0.000010 0.000010 0.000010
28 28 (0) 1 : 0.000010 0.000010 0.222574 0.777376 0.000010 0.000010 0.000010
29 29 (0) 1 : 0.000010 0.000010 0.407170 0.592780 0.000010 0.000010 0.000010
30 30 (0) 1 : 0.000010 0.000010 0.179687 0.820263 0.000010 0.000010 0.000010
31 31 (0) 1 : 0.000010 0.000010 0.568116 0.431834 0.000010 0.000010 0.000010
32 32 (0) 1 : 0.000010 0.000010 0.000010 0.999940 0.000010 0.000010 0.000010
33 33 (0) 1 : 0.000010 0.000010 0.199932 0.800018 0.000010 0.000010 0.000010
34 34 (0) 1 : 0.000010 0.000010 0.397569 0.602381 0.000010 0.000010 0.000010
35 35 (0) 1 : 0.000010 0.000010 0.999940 0.000010 0.000010 0.000010 0.000010
36 36 (0) 1 : 0.423829 0.576121 0.000010 0.000010 0.000010 0.000010 0.000010
37 37 (0) 1 : 0.082680 0.917270 0.000010 0.000010 0.000010 0.000010 0.000010
38 38 (0) 1 : 0.000010 0.999940 0.000010 0.000010 0.000010 0.000010 0.000010
39 39 (0) 1 : 0.997653 0.002297 0.000010 0.000010 0.000010 0.000010 0.000010
40 40 (0) 1 : 0.604510 0.395440 0.000010 0.000010 0.000010 0.000010 0.000010
41 41 (0) 1 : 0.188874 0.811074 0.000010 0.000010 0.000010 0.000011 0.000010
42 42 (0) 1 : 0.743439 0.256503 0.000018 0.000010 0.000010 0.000010 0.000010
43 43 (0) 1 : 0.922224 0.077726 0.000010 0.000010 0.000010 0.000010 0.000010
44 44 (0) 1 : 0.385961 0.613989 0.000010 0.000010 0.000010 0.000010 0.000010
45 45 (0) 1 : 0.815677 0.184273 0.000010 0.000010 0.000010 0.000010 0.000010
46 46 (0) 1 : 0.000010 0.999940 0.000010 0.000010 0.000010 0.000010 0.000010
47 47 (0) 1 : 0.000010 0.999940 0.000010 0.000010 0.000010 0.000010 0.000010
48 48 (0) 1 : 0.000010 0.999940 0.000010 0.000010 0.000010 0.000010 0.000010
49 49 (0) 1 : 0.430949 0.569001 0.000010 0.000010 0.000010 0.000010 0.000010
50 50 (0) 1 : 0.000010 0.999940 0.000010 0.000010 0.000010 0.000010 0.000010
51 51 (0) 1 : 0.367210 0.632740 0.000010 0.000010 0.000010 0.000010 0.000010
52 52 (0) 1 : 0.000010 0.999940 0.000010 0.000010 0.000010 0.000010 0.000010
53 53 (0) 1 : 0.999940 0.000010 0.000010 0.000010 0.000010 0.000010 0.000010
54 54 (0) 1 : 0.999940 0.000010 0.000010 0.000010 0.000010 0.000010 0.000010
55 55 (0) 1 : 0.486220 0.513730 0.000010 0.000010 0.000010 0.000010 0.000010
56 56 (0) 1 : 0.000010 0.999940 0.000010 0.000010 0.000010 0.000010 0.000010
57 57 (0) 1 : 0.999940 0.000010 0.000010 0.000010 0.000010 0.000010 0.000010
58 58 (0) 1 : 0.695034 0.304916 0.000010 0.000010 0.000010 0.000010 0.000010
59 59 (0) 1 : 0.656654 0.343296 0.000010 0.000010 0.000010 0.000010 0.000010
60 60 (0) 1 : 0.999940 0.000010 0.000010 0.000010 0.000010 0.000010 0.000010
61 61 (0) 1 : 0.986644 0.013306 0.000010 0.000010 0.000010 0.000010 0.000010
62 62 (0) 1 : 0.000010 0.999940 0.000010 0.000010 0.000010 0.000010 0.000010
63 63 (0) 1 : 0.291827 0.708123 0.000010 0.000010 0.000010 0.000010 0.000010
64 64 (0) 1 : 0.979740 0.020210 0.000010 0.000010 0.000010 0.000010 0.000010
65 65 (0) 1 : 0.714142 0.285808 0.000010 0.000010 0.000010 0.000010 0.000010
66 66 (0) 1 : 0.928971 0.070979 0.000010 0.000010 0.000010 0.000010 0.000010
67 67 (0) 1 : 0.871775 0.128175 0.000010 0.000010 0.000010 0.000010 0.000010
68 68 (0) 1 : 0.000010 0.999940 0.000010 0.000010 0.000010 0.000010 0.000010
69 69 (0) 1 : 0.585358 0.414592 0.000010 0.000010 0.000010 0.000010 0.000010
70 70 (0) 1 : 0.000010 0.999940 0.000010 0.000010 0.000010 0.000010 0.000010
71 71 (0) 1 : 0.308212 0.691738 0.000010 0.000010 0.000010 0.000010 0.000010
72 72 (0) 1 : 0.999940 0.000010 0.000010 0.000010 0.000010 0.000010 0.000010
73 73 (0) 1 : 0.999940 0.000010 0.000010 0.000010 0.000010 0.000010 0.000010
74 74 (0) 1 : 0.670337 0.329613 0.000010 0.000010 0.000010 0.000010 0.000010
75 75 (0) 1 : 0.627197 0.372753 0.000010 0.000010 0.000011 0.000010 0.000010
76 76 (0) 1 : 0.000010 0.999940 0.000010 0.000010 0.000010 0.000010 0.000010
77 77 (0) 1 : 0.000010 0.999940 0.000010 0.000010 0.000010 0.000010 0.000010
78 78 (0) 1 : 0.000010 0.000010 0.000010 0.000010 0.999940 0.000010 0.000010
79 79 (0) 1 : 0.000010 0.000010 0.000010 0.000010 0.999940 0.000010 0.000010
80 80 (0) 1 : 0.000010 0.000010 0.000010 0.000010 0.999940 0.000010 0.000010
81 81 (0) 1 : 0.000010 0.000010 0.000010 0.000010 0.999940 0.000010 0.000010
82 82 (0) 1 : 0.000010 0.000010 0.000012 0.000010 0.999938 0.000010 0.000010
83 83 (0) 1 : 0.000010 0.000010 0.000010 0.000010 0.999940 0.000010 0.000010
84 84 (0) 1 : 0.000010 0.000010 0.000010 0.000010 0.999940 0.000010 0.000010
85 85 (0) 1 : 0.000010 0.000010 0.000010 0.000011 0.999939 0.000010 0.000010
86 86 (0) 1 : 0.000010 0.000010 0.000010 0.000010 0.999940 0.000010 0.000010
87 87 (0) 1 : 0.000010 0.000010 0.000010 0.000010 0.999940 0.000010 0.000010
88 88 (0) 1 : 0.000010 0.000010 0.000010 0.000010 0.999940 0.000010 0.000010
89 89 (0) 1 : 0.000010 0.000010 0.000018 0.000019 0.999923 0.000010 0.000010
90 90 (0) 1 : 0.000010 0.000010 0.000010 0.000010 0.999940 0.000010 0.000010
91 91 (0) 1 : 0.000010 0.000010 0.000010 0.000010 0.999940 0.000010 0.000010
92 92 (0) 1 : 0.000010 0.000010 0.000010 0.000010 0.999940 0.000010 0.000010
93 93 (0) 1 : 0.000010 0.000010 0.000010 0.000010 0.999940 0.000010 0.000010
94 94 (0) 1 : 0.000010 0.000010 0.000010 0.000010 0.999940 0.000010 0.000010
95 95 (0) 1 : 0.000010 0.000010 0.000010 0.000010 0.999940 0.000010 0.000010
96 96 (0) 1 : 0.000010 0.000010 0.000010 0.000010 0.000010 0.999940 0.000010
97 97 (0) 1 : 0.000010 0.000010 0.000010 0.000010 0.000010 0.999940 0.000010
98 98 (0) 1 : 0.000010 0.000010 0.000010 0.000010 0.000010 0.999940 0.000010
99 99 (0) 1 : 0.000010 0.000010 0.000010 0.000010 0.000010 0.999940 0.000010
100 100 (0) 1 : 0.000010 0.000010 0.000010 0.000010 0.000010 0.999940 0.000010
101 101 (0) 1 : 0.000010 0.000010 0.000010 0.000010 0.000010 0.999940 0.000010
102 102 (0) 1 : 0.000010 0.000010 0.000010 0.000010 0.000010 0.999940 0.000010
103 103 (0) 1 : 0.000010 0.000010 0.000010 0.000010 0.000010 0.999940 0.000010
104 104 (0) 1 : 0.000010 0.000010 0.000010 0.000010 0.000010 0.999940 0.000010
105 105 (0) 1 : 0.000010 0.000010 0.000010 0.000010 0.000010 0.999940 0.000010
106 106 (0) 1 : 0.000010 0.000010 0.000010 0.000010 0.000010 0.999940 0.000010
107 107 (0) 1 : 0.000010 0.000010 0.000010 0.000010 0.000010 0.999940 0.000010
108 108 (0) 1 : 0.000010 0.000010 0.000010 0.000010 0.000010 0.999940 0.000010
109 109 (0) 1 : 0.000010 0.000010 0.000010 0.000010 0.000010 0.999940 0.000010
110 110 (0) 1 : 0.000010 0.000010 0.000010 0.000010 0.000010 0.999940 0.000010
111 111 (0) 1 : 0.000010 0.000010 0.000010 0.000010 0.000010 0.999940 0.000010
112 112 (0) 1 : 0.000010 0.000010 0.000010 0.000010 0.000010 0.999940 0.000010
113 113 (0) 1 : 0.000010 0.000010 0.000010 0.000010 0.000010 0.999940 0.000010
114 114 (0) 1 : 0.000010 0.000010 0.000010 0.000010 0.000010 0.000010 0.999940
115 115 (0) 1 : 0.000010 0.000010 0.000010 0.000010 0.000010 0.000010 0.999940
116 116 (0) 1 : 0.000010 0.000010 0.000010 0.000010 0.000010 0.000010 0.999940
117 117 (0) 1 : 0.000010 0.000010 0.000010 0.000010 0.000010 0.000010 0.999940
118 118 (0) 1 : 0.000010 0.000010 0.000010 0.000010 0.000010 0.000010 0.999940
119 119 (0) 1 : 0.000010 0.000010 0.000010 0.000010 0.000010 0.000010 0.999940
120 120 (0) 1 : 0.000010 0.000010 0.000010 0.000010 0.000010 0.000010 0.999940
121 121 (0) 1 : 0.000010 0.000010 0.000010 0.000012 0.000010 0.000010 0.999938
1 1 (0) 1 : 0.000010 0.834426 0.165524 0.000010 0.000010 0.000010 0.000010
2 2 (0) 1 : 0.000012 0.457101 0.542844 0.000010 0.000013 0.000010 0.000010
3 3 (0) 1 : 0.000010 0.793823 0.206127 0.000010 0.000010 0.000010 0.000010
4 4 (0) 1 : 0.000010 0.553728 0.446222 0.000010 0.000010 0.000010 0.000010
5 5 (0) 1 : 0.000010 0.768801 0.231149 0.000010 0.000010 0.000010 0.000010
6 6 (0) 1 : 0.000010 0.505788 0.494162 0.000010 0.000010 0.000010 0.000010
7 7 (0) 1 : 0.000010 0.999940 0.000010 0.000010 0.000010 0.000010 0.000010
8 8 (0) 1 : 0.000010 0.664967 0.334974 0.000010 0.000019 0.000010 0.000010
9 9 (0) 1 : 0.000010 0.000010 0.999940 0.000010 0.000010 0.000010 0.000010
10 10 (0) 1 : 0.000010 0.000010 0.999940 0.000010 0.000010 0.000010 0.000010
11 11 (0) 1 : 0.000010 0.768044 0.231906 0.000010 0.000010 0.000010 0.000010
12 12 (0) 1 : 0.000010 0.000010 0.999940 0.000010 0.000010 0.000010 0.000010
13 13 (0) 1 : 0.000010 0.000010 0.999940 0.000010 0.000010 0.000010 0.000010
14 14 (0) 1 : 0.000010 0.000010 0.999940 0.000010 0.000010 0.000010 0.000010
15 15 (0) 1 : 0.000010 0.429140 0.570804 0.000011 0.000016 0.000010 0.000010
16 16 (0) 1 : 0.000010 0.999940 0.000010 0.000010 0.000010 0.000010 0.000010
17 17 (0) 1 : 0.000010 0.808028 0.191922 0.000010 0.000010 0.000010 0.000010
18 18 (0) 1 : 0.000010 0.000010 0.999940 0.000010 0.000010 0.000010 0.000010
19 19 (0) 1 : 0.000010 0.682806 0.317144 0.000010 0.000010 0.000010 0.000010
20 20 (0) 1 : 0.000010 0.807394 0.192556 0.000010 0.000010 0.000010 0.000010
21 21 (0) 1 : 0.000010 0.999940 0.000010 0.000010 0.000010 0.000010 0.000010
22 22 (0) 1 : 0.000010 0.999940 0.000010 0.000010 0.000010 0.000010 0.000010
23 23 (0) 1 : 0.000010 0.897542 0.102408 0.000010 0.000010 0.000010 0.000010
24 24 (0) 1 : 0.000010 0.000010 0.999940 0.000010 0.000010 0.000010 0.000010
25 25 (0) 1 : 0.000010 0.869814 0.130136 0.000010 0.000010 0.000010 0.000010
26 26 (0) 1 : 0.000010 0.999940 0.000010 0.000010 0.000010 0.000010 0.000010
27 27 (0) 1 : 0.000010 0.330766 0.669184 0.000010 0.000010 0.000010 0.000010
28 28 (0) 1 : 0.000010 0.896879 0.103071 0.000010 0.000010 0.000010 0.000010
29 29 (0) 1 : 0.000012 0.669469 0.330480 0.000010 0.000010 0.000010 0.000010
30 30 (0) 1 : 0.000010 0.899246 0.100704 0.000010 0.000010 0.000010 0.000010
31 31 (0) 1 : 0.000010 0.530385 0.469563 0.000010 0.000012 0.000010 0.000010
32 32 (0) 1 : 0.000010 0.999940 0.000010 0.000010 0.000010 0.000010 0.000010
33 33 (0) 1 : 0.000010 0.852024 0.147926 0.000010 0.000010 0.000010 0.000010
34 34 (0) 1 : 0.000010 0.711895 0.288055 0.000010 0.000010 0.000010 0.000010
35 35 (0) 1 : 0.000010 0.000010 0.999940 0.000010 0.000010 0.000010 0.000010
36 36 (0) 1 : 0.607599 0.000010 0.000014 0.000010 0.000010 0.392346 0.000010
37 37 (0) 1 : 0.999940 0.000010 0.000010 0.000010 0.000010 0.000010 0.000010
38 38 (0) 1 : 0.999940 0.000010 0.000010 0.000010 0.000010 0.000010 0.000010
39 39 (0) 1 : 0.001100 0.000010 0.000010 0.000010 0.000010 0.998850 0.000010
40 40 (0) 1 : 0.384643 0.000010 0.000010 0.000010 0.000010 0.615307 0.000010
41 41 (0) 1 : 0.840004 0.000010 0.000010 0.000010 0.000010 0.159946 0.000010
42 42 (0) 1 : 0.272363 0.000010 0.000010 0.000010 0.000010 0.727587 0.000010
43 43 (0) 1 : 0.053375 0.000010 0.000019 0.000012 0.000010 0.946564 0.000010
44 44 (0) 1 : 0.388886 0.000019 0.000014 0.000011 0.000010 0.611050 0.000010
45 45 (0) 1 : 0.196106 0.000010 0.000010 0.000010 0.000010 0.803844 0.000010
46 46 (0) 1 : 0.999940 0.000010 0.000010 0.000010 0.000010 0.000010 0.000010
47 47 (0) 1 : 0.999940 0.000010 0.000010 0.000010 0.000010 0.000010 0.000010
48 48 (0) 1 : 0.999940 0.000010 0.000010 0.000010 0.000010 0.000010 0.000010
49 49 (0) 1 : 0.320464 0.000010 0.000010 0.000010 0.000010 0.679486 0.000010
50 50 (0) 1 : 0.999940 0.000010 0.000010 0.000010 0.000010 0.000010 0.000010
51 51 (0) 1 : 0.632807 0.000010 0.000018 0.000013 0.000010 0.367132 0.000010
52 52 (0) 1 : 0.999940 0.000010 0.000010 0.000010 0.000010 0.000010 0.000010
53 53 (0) 1 : 0.000010 0.000010 0.000010 0.000010 0.000010 0.999940 0.000010
54 54 (0) 1 : 0.000010 0.000010 0.000010 0.000010 0.000010 0.999940 0.000010
55 55 (0) 1 : 0.447480 0.000010 0.000010 0.000010 0.000010 0.552470 0.000010
56 56 (0) 1 : 0.999940 0.000010 0.000010 0.000010 0.000010 0.000010 0.000010
57 57 (0) 1 : 0.000010 0.000010 0.000010 0.000010 0.000010 0.999940 0.000010
58 58 (0) 1 : 0.303890 0.000010 0.000010 0.000010 0.000010 0.696060 0.000010
59 59 (0) 1 : 0.309041 0.000010 0.000010 0.000010 0.000010 0.690909 0.000010
60 60 (0) 1 : 0.000010 0.000010 0.000010 0.000010 0.000010 0.999940 0.000010
61 61 (0) 1 : 0.000010 0.000010 0.000010 0.000010 0.000010 0.999940 0.000010
62 62 (0) 1 : 0.999940 0.000010 0.000010 0.000010 0.000010 0.000010 0.000010
63 63 (0) 1 : 0.641850 0.000010 0.000010 0.000010 0.000010 0.358100 0.000010
64 64 (0) 1 : 0.000010 0.000010 0.000010 0.000010 0.000010 0.999940 0.000010
65 65 (0) 1 : 0.275191 0.000010 0.000010 0.000010 0.000010 0.724759 0.000010
66 66 (0) 1 : 0.000010 0.000010 0.000010 0.000010 0.000010 0.999940 0.000010
67 67 (0) 1 : 0.110120 0.000010 0.000010 0.000010 0.000010 0.889830 0.000010
68 68 (0) 1 : 0.999940 0.000010 0.000010 0.000010 0.000010 0.000010 0.000010
69 69 (0) 1 : 0.529517 0.000010 0.000010 0.000010 0.000010 0.470433 0.000010
70 70 (0) 1 : 0.858743 0.000010 0.000012 0.000010 0.000010 0.141206 0.000010
71 71 (0) 1 : 0.684910 0.000010 0.000010 0.000010 0.000010 0.315040 0.000010
72 72 (0) 1 : 0.000010 0.000010 0.000010 0.000010 0.000010 0.999940 0.000010
73 73 (0) 1 : 0.000010 0.000010 0.000010 0.000010 0.000010 0.999940 0.000010
74 74 (0) 1 : 0.288374 0.000010 0.000010 0.000010 0.000010 0.711576 0.000010
75 75 (0) 1 : 0.403972 0.000010 0.000010 0.000010 0.000010 0.595977 0.000010
76 76 (0) 1 : 0.999940 0.000010 0.000010 0.000010 0.000010 0.000010 0.000010
77 77 (0) 1 : 0.999940 0.000010 0.000010 0.000010 0.000010 0.000010 0.000010
78 78 (0) 1 : 0.000010 0.000010 0.000010 0.999940 0.000010 0.000010 0.000010
79 79 (0) 1 : 0.000010 0.000010 0.000010 0.999940 0.000010 0.000010 0.000010
80 80 (0) 1 : 0.000010 0.000010 0.000010 0.999940 0.000010 0.000010 0.000010
81 81 (0) 1 : 0.000010 0.000010 0.000010 0.999940 0.000010 0.000010 0.000010
82 82 (0) 1 : 0.000010 0.000010 0.000010 0.999940 0.000010 0.000010 0.000010
83 83 (0) 1 : 0.000010 0.000010 0.000010 0.999940 0.000010 0.000010 0.000010
84 84 (0) 1 : 0.000010 0.000010 0.000010 0.999940 0.000010 0.000010 0.000010
85 85 (0) 1 : 0.000010 0.000010 0.000010 0.999940 0.000010 0.000010 0.000010
86 86 (0) 1 : 0.000010 0.000010 0.000010 0.999940 0.000010 0.000010 0.000010
87 87 (0) 1 : 0.000010 0.000010 0.000010 0.999940 0.000010 0.000010 0.000010
88 88 (0) 1 : 0.000010 0.000010 0.000010 0.999940 0.000010 0.000010 0.000010
89 89 (0) 1 : 0.000010 0.000010 0.000010 0.999940 0.000010 0.000010 0.000010
90 90 (0) 1 : 0.000010 0.000010 0.000010 0.999940 0.000010 0.000010 0.000010
91 91 (0) 1 : 0.000010 0.000010 0.000010 0.999940 0.000010 0.000010 0.000010
92 92 (0) 1 : 0.000010 0.000010 0.000010 0.999940 0.000010 0.000010 0.000010
93 93 (0) 1 : 0.000010 0.000010 0.000010 0.999940 0.000010 0.000010 0.000010
94 94 (0) 1 : 0.000010 0.000010 0.000010 0.999940 0.000010 0.000010 0.000010
95 95 (0) 1 : 0.000010 0.000010 0.000010 0.999940 0.000010 0.000010 0.000010
96 96 (0) 1 : 0.000010 0.000012 0.000010 0.000010 0.000010 0.000010 0.999938
97 97 (0) 1 : 0.000010 0.000010 0.000010 0.000010 0.000020 0.000010 0.999930
98 98 (0) 1 : 0.000010 0.000013 0.000010 0.000010 0.000016 0.000010 0.999930
99 99 (0) 1 : 0.000010 0.000014 0.000010 0.000010 0.000016 0.000010 0.999930
100 100 (0) 1 : 0.000010 0.000010 0.000010 0.000012 0.000010 0.000010 0.999938
101 101 (0) 1 : 0.000010 0.000010 0.000010 0.000010 0.000010 0.000010 0.999940
102 102 (0) 1 : 0.000010 0.000010 0.000010 0.000010 0.000010 0.000010 0.999940
103 103 (0) 1 : 0.000010 0.000016 0.000010 0.000010 0.000018 0.000010 0.999925
104 104 (0) 1 : 0.000010 0.000012 0.000016 0.000010 0.000017 0.000010 0.999925
105 105 (0) 1 : 0.000010 0.000010 0.000010 0.000010 0.000010 0.000010 0.999940
106 106 (0) 1 : 0.000010 0.000013 0.000010 0.000010 0.000010 0.000010 0.999937
107 107 (0) 1 : 0.000010 0.000010 0.000010 0.000010 0.000010 0.000010 0.999940
108 108 (0) 1 : 0.000010 0.000010 0.000010 0.000010 0.000018 0.000010 0.999932
109 109 (0) 1 : 0.000010 0.000010 0.000010 0.000010 0.000010 0.000010 0.999940
110 110 (0) 1 : 0.000010 0.000010 0.000016 0.000010 0.000019 0.000010 0.999925
111 111 (0) 1 : 0.000010 0.000010 0.000010 0.000010 0.000019 0.000010 0.999931
112 112 (0) 1 : 0.000010 0.000010 0.000010 0.000010 0.000010 0.000010 0.999940
113 113 (0) 1 : 0.000010 0.000010 0.000010 0.000015 0.000010 0.000010 0.999935
114 114 (0) 1 : 0.000010 0.000010 0.000010 0.000010 0.999940 0.000010 0.000010
115 115 (0) 1 : 0.000010 0.000010 0.000010 0.000010 0.999940 0.000010 0.000010
116 116 (0) 1 : 0.000010 0.000010 0.000010 0.000010 0.999940 0.000010 0.000010
117 117 (0) 1 : 0.000010 0.000010 0.000010 0.000015 0.999935 0.000010 0.000010
118 118 (0) 1 : 0.000010 0.000010 0.000010 0.000016 0.999934 0.000010 0.000010
119 119 (0) 1 : 0.000010 0.000010 0.000010 0.000019 0.999931 0.000010 0.000010
120 120 (0) 1 : 0.000010 0.000010 0.000010 0.000010 0.999940 0.000010 0.000010
121 121 (0) 1 : 0.000010 0.000010 0.000014 0.000010 0.999936 0.000010 0.000010
1 1 (0) 1 : 0.000010 0.000010 0.000010 0.810458 0.000010 0.189492 0.000010
2 2 (0) 1 : 0.000010 0.000010 0.000010 0.757560 0.000010 0.242390 0.000010
3 3 (0) 1 : 0.000010 0.000010 0.000010 0.768511 0.000010 0.231439 0.000010
4 4 (0) 1 : 0.000010 0.000010 0.000010 0.600347 0.000010 0.399603 0.000010
5 5 (0) 1 : 0.000010 0.000010 0.000010 0.595276 0.000010 0.404674 0.000010
6 6 (0) 1 : 0.000010 0.000010 0.000010 0.487971 0.000010 0.511979 0.000010
7 7 (0) 1 : 0.000010 0.000010 0.000010 0.999940 0.000010 0.000010 0.000010
8 8 (0) 1 : 0.000010 0.000010 0.000010 0.714828 0.000010 0.285122 0.000010
9 9 (0) 1 : 0.000010 0.000010 0.000010 0.000010 0.000010 0.999940 0.000010
10 10 (0) 1 : 0.000010 0.000010 0.000010 0.999940 0.000010 0.000010 0.000010
11 11 (0) 1 : 0.000010 0.000010 0.000010 0.647241 0.000010 0.352709 0.000010
12 12 (0) 1 : 0.000010 0.000010 0.000010 0.999940 0.000010 0.000010 0.000010
13 13 (0) 1 : 0.000010 0.000010 0.000010 0.000010 0.000010 0.999940 0.000010
14 14 (0) 1 : 0.000014 0.000010 0.000012 0.999934 0.000010 0.000010 0.000010
15 15 (0) 1 : 0.000010 0.000010 0.000010 0.486044 0.000010 0.513906 0.000010
16 16 (0) 1 : 0.000010 0.000010 0.000010 0.999940 0.000010 0.000010 0.000010
17 17 (0) 1 : 0.000010 0.000010 0.000010 0.765907 0.000010 0.234043 0.000010
18 18 (0) 1 : 0.000010 0.000010 0.000010 0.000010 0.000010 0.999940 0.000010
19 19 (0) 1 : 0.000010 0.000010 0.000010 0.599406 0.000010 0.400544 0.000010
20 20 (0) 1 : 0.000010 0.000010 0.000012 0.825102 0.000010 0.174846 0.000010
21 21 (0) 1 : 0.000010 0.000010 0.000010 0.829916 0.000010 0.170034 0.000010
22 22 (0) 1 : 0.000010 0.000010 0.000010 0.999940 0.000010 0.000010 0.000010
23 23 (0) 1 : 0.000010 0.000010 0.000010 0.999940 0.000010 0.000010 0.000010
24 24 (0) 1 : 0.000010 0.000010 0.000010 0.000010 0.000010 0.999940 0.000010
25 25 (0) 1 : 0.000010 0.000011 0.000010 0.809293 0.000014 0.190652 0.000010
26 26 (0) 1 : 0.000010 0.000010 0.000010 0.835164 0.000010 0.164786 0.000010
27 27 (0) 1 : 0.000010 0.000010 0.000010 0.499152 0.000010 0.500798 0.000010
28 28 (0) 1 : 0.000010 0.000010 0.000010 0.873036 0.000010 0.126914 0.000010
29 29 (0) 1 : 0.000010 0.000010 0.000010 0.605266 0.000010 0.394684 0.000010
30 30 (0) 1 : 0.000010 0.000010 0.000010 0.999940 0.000010 0.000010 0.000010
31 31 (0) 1 : 0.000010 0.000010 0.000010 0.579238 0.000010 0.420712 0.000010
32 32 (0) 1 : 0.000010 0.000010 0.000010 0.999940 0.000010 0.000010 0.000010
33 33 (0) 1 : 0.000010 0.000010 0.000010 0.999940 0.000010 0.000010 0.000010
34 34 (0) 1 : 0.000010 0.000010 0.000010 0.728013 0.000010 0.271937 0.000010
35 35 (0) 1 : 0.000010 0.000010 0.000010 0.000010 0.000010 0.999940 0.000010
36 36 (0) 1 : 0.384148 0.000013 0.615794 0.000011 0.000011 0.000012 0.000010
37 37 (0) 1 : 0.000010 0.000010 0.999940 0.000010 0.000010 0.000010 0.000010
38 38 (0) 1 : 0.000010 0.000010 0.999939 0.000010 0.000010 0.000011 0.000010
39 39 (0) 1 : 0.999940 0.000010 0.000010 0.000010 0.000010 0.000010 0.000010
40 40 (0) 1 : 0.618317 0.000010 0.381633 0.000010 0.000010 0.000010 0.000010
41 41 (0) 1 : 0.180342 0.000010 0.819608 0.000010 0.000010 0.000010 0.000010
42 42 (0) 1 : 0.732039 0.000011 0.267910 0.000011 0.000010 0.000010 0.000010
43 43 (0) 1 : 0.941359 0.000012 0.058581 0.000010 0.000018 0.000010 0.000010
44 44 (0) 1 : 0.615972 0.000011 0.383969 0.000017 0.000010 0.000010 0.000010
45 45 (0) 1 : 0.798518 0.000010 0.201432 0.000010 0.000010 0.000010 0.000010
46 46 (0) 1 : 0.000010 0.000010 0.999940 0.000010 0.000010 0.000010 0.000010
47 47 (0) 1 : 0.000010 0.000011 0.999939 0.000010 0.000010 0.000010 0.000010
48 48 (0) 1 : 0.000010 0.000010 0.999940 0.000010 0.000010 0.000010 0.000010
49 49 (0) 1 : 0.679969 0.000012 0.319979 0.000010 0.000010 0.000010 0.000010
50 50 (0) 1 : 0.000010 0.000010 0.999940 0.000010 0.000010 0.000010 0.000010
51 51 (0) 1 : 0.369204 0.000010 0.630746 0.000010 0.000010 0.000010 0.000010
52 52 (0) 1 : 0.000010 0.000010 0.999940 0.000010 0.000010 0.000010 0.000010
53 53 (0) 1 : 0.999940 0.000010 0.000010 0.000010 0.000010 0.000010 0.000010
54 54 (0) 1 : 0.999940 0.000010 0.000010 0.000010 0.000010 0.000010 0.000010
55 55 (0) 1 : 0.564462 0.000018 0.435480 0.000010 0.000010 0.000010 0.000010
56 56 (0) 1 : 0.000010 0.000010 0.999940 0.000010 0.000010 0.000010 0.000010
57 57 (0) 1 : 0.999940 0.000010 0.000010 0.000010 0.000010 0.000010 0.000010
58 58 (0) 1 : 0.696139 0.000018 0.303801 0.000013 0.000010 0.000010 0.000010
59 59 (0) 1 : 0.699536 0.000010 0.300414 0.000010 0.000010 0.000010 0.000010
60 60 (0) 1 : 0.999940 0.000010 0.000010 0.000010 0.000010 0.000010 0.000010
61 61 (0) 1 : 0.999940 0.000010 0.000010 0.000010 0.000010 0.000010 0.000010
62 62 (0) 1 : 0.000010 0.000012 0.999938 0.000010 0.000010 0.000010 0.000010
63 63 (0) 1 : 0.357126 0.000010 0.642824 0.000010 0.000010 0.000010 0.000010
64 64 (0) 1 : 0.999940 0.000010 0.000010 0.000010 0.000010 0.000010 0.000010
65 65 (0) 1 : 0.720536 0.000013 0.279412 0.000010 0.000010 0.000010 0.000010
66 66 (0) 1 : 0.999940 0.000010 0.000010 0.000010 0.000010 0.000010 0.000010
67 67 (0) 1 : 0.893324 0.000010 0.106626 0.000010 0.000010 0.000010 0.000010
68 68 (0) 1 : 0.000010 0.000010 0.999939 0.000010 0.000010 0.000010 0.000010
69 69 (0) 1 : 0.612585 0.000014 0.387360 0.000010 0.000010 0.000011 0.000010
70 70 (0) 1 : 0.127134 0.000010 0.872816 0.000010 0.000010 0.000010 0.000010
71 71 (0) 1 : 0.310598 0.000010 0.689352 0.000010 0.000010 0.000010 0.000010
72 72 (0) 1 : 0.999940 0.000010 0.000010 0.000010 0.000010 0.000010 0.000010
73 73 (0) 1 : 0.999940 0.000010 0.000010 0.000010 0.000010 0.000010 0.000010
74 74 (0) 1 : 0.723869 0.000016 0.276071 0.000013 0.000010 0.000010 0.000010
75 75 (0) 1 : 0.600463 0.000010 0.399485 0.000010 0.000011 0.000010 0.000010
76 76 (0) 1 : 0.000010 0.000010 0.999940 0.000010 0.000010 0.000010 0.000010
77 77 (0) 1 : 0.000010 0.000010 0.999940 0.000010 0.000010 0.000010 0.000010
78 78 (0) 1 : 0.000010 0.000010 0.000010 0.000010 0.999940 0.000010 0.000010
79 79 (0) 1 : 0.000010 0.000010 0.000010 0.000010 0.999940 0.000010 0.000010
80 80 (0) 1 : 0.000010 0.000010 0.000010 0.000010 0.999940 0.000010 0.000010
81 81 (0) 1 : 0.000010 0.000010 0.000010 0.000010 0.999940 0.000010 0.000010
82 82 (0) 1 : 0.000010 0.000010 0.000010 0.000010 0.999940 0.000010 0.000010
83 83 (0) 1 : 0.000010 0.000010 0.000010 0.000010 0.999940 0.000010 0.000010
84 84 (0) 1 : 0.000010 0.000010 0.000010 0.000010 0.999940 0.000010 0.000010
85 85 (0) 1 : 0.000010 0.000010 0.000010 0.000010 0.999940 0.000010 0.000010
86 86 (0) 1 : 0.000010 0.000010 0.000010 0.000010 0.999940 0.000010 0.000010
87 87 (0) 1 : 0.000010 0.000010 0.000010 0.000010 0.999940 0.000010 0.000010
88 88 (0) 1 : 0.000010 0.000010 0.000010 0.000010 0.999940 0.000010 0.000010
89 89 (0) 1 : 0.000010 0.000010 0.000010 0.000010 0.999940 0.000010 0.000010
90 90 (0) 1 : 0.000010 0.000010 0.000010 0.000010 0.999940 0.000010 0.000010
91 91 (0) 1 : 0.000010 0.000010 0.000010 0.000010 0.999940 0.000010 0.000010
92 92 (0) 1 : 0.000010 0.000010 0.000010 0.000010 0.999940 0.000010 0.000010
93 93 (0) 1 : 0.000010 0.000010 0.000010 0.000010 0.999940 0.000010 0.000010
94 94 (0) 1 : 0.000010 0.000010 0.000010 0.000010 0.999940 0.000010 0.000010
95 95 (0) 1 : 0.000010 0.000010 0.000010 0.000010 0.999940 0.000010 0.000010
96 96 (0) 1 : 0.000011 0.999931 0.000013 0.000010 0.000015 0.000010 0.000010
97 97 (0) 1 : 0.000010 0.999940 0.000010 0.000010 0.000010 0.000010 0.000010
98 98 (0) 1 : 0.000010 0.999937 0.000013 0.000010 0.000010 0.000010 0.000010
99 99 (0) 1 : 0.000012 0.999938 0.000010 0.000010 0.000010 0.000010 0.000010
100 100 (0) 1 : 0.000010 0.999931 0.000010 0.000011 0.000010 0.000018 0.000010
101 101 (0) 1 : 0.000010 0.999934 0.000016 0.000010 0.000010 0.000010 0.000010
102 102 (0) 1 : 0.000015 0.999935 0.000010 0.000010 0.000010 0.000010 0.000010
103 103 (0) 1 : 0.000010 0.999940 0.000010 0.000010 0.000010 0.000010 0.000010
104 104 (0) 1 : 0.000015 0.999932 0.000013 0.000010 0.000010 0.000010 0.000010
105 105 (0) 1 : 0.000010 0.999935 0.000010 0.000015 0.000010 0.000010 0.000010
106 106 (0) 1 : 0.000015 0.999935 0.000010 0.000010 0.000010 0.000010 0.000010
107 107 (0) 1 : 0.000018 0.999922 0.000010 0.000019 0.000010 0.000010 0.000010
108 108 (0) 1 : 0.000012 0.999930 0.000010 0.000019 0.000010 0.000010 0.000010
109 109 (0) 1 : 0.000010 0.999940 0.000010 0.000010 0.000010 0.000010 0.000010
110 110 (0) 1 : 0.000010 0.999935 0.000014 0.000011 0.000010 0.000010 0.000010
111 111 (0) 1 : 0.000010 0.999940 0.000010 0.000010 0.000010 0.000010 0.000010
112 112 (0) 1 : 0.000010 0.999940 0.000010 0.000010 0.000010 0.000010 0.000010
113 113 (0) 1 : 0.000010 0.999939 0.000010 0.000010 0.000011 0.000010 0.000010
114 114 (0) 1 : 0.000010 0.000010 0.000010 0.000010 0.000010 0.000010 0.999940
115 115 (0) 1 : 0.000010 0.000010 0.000010 0.000010 0.000010 0.000010 0.999940
116 116 (0) 1 : 0.000010 0.000010 0.000010 0.000010 0.000010 0.000010 0.999940
117 117 (0) 1 : 0.000010 0.000010 0.000010 0.000010 0.000010 0.000010 0.999940
118 118 (0) 1 : 0.000010 0.000010 0.000010 0.000010 0.000010 0.000010 0.999940
119 119 (0) 1 : 0.000010 0.000010 0.000010 0.000011 0.000012 0.000010 0.999936
120 120 (0) 1 : 0.000010 0.000010 0.000010 0.000010 0.000010 0.000010 0.999940
121 121 (0) 1 : 0.000010 0.000010 0.000010 0.000010 0.000010 0.000010 0.999940
1 1 (0) 1 : 0.000010 0.000010 0.221047 0.778903 0.000010 0.000010 0.000010
2 2 (0) 1 : 0.000010 0.000010 0.259063 0.740887 0.000010 0.000010 0.000010
3 3 (0) 1 : 0.000015 0.000010 0.380757 0.619185 0.000010 0.000012 0.000010
4 4 (0) 1 : 0.000010 0.000010 0.427580 0.572370 0.000010 0.000010 0.000010
5 5 (0) 1 : 0.000010 0.000010 0.442275 0.557675 0.000010 0.000010 0.000010
6 6 (0) 1 : 0.000010 0.000010 0.548310 0.451640 0.000010 0.000010 0.000010
7 7 (0) 1 : 0.000010 0.000010 0.000010 0.999940 0.000010 0.000010 0.000010
8 8 (0) 1 : 0.000010 0.000010 0.390371 0.609579 0.000010 0.000010 0.000010
9 9 (0) 1 : 0.000010 0.000010 0.999940 0.000010 0.000010 0.000010 0.000010
10 10 (0) 1 : 0.000010 0.000010 0.000010 0.999940 0.000010 0.000010 0.000010
11 11 (0) 1 : 0.000010 0.000010 0.422907 0.577043 0.000010 0.000010 0.000010
12 12 (0) 1 : 0.000010 0.000010 0.000010 0.999940 0.000010 0.000010 0.000010
13 13 (0) 1 : 0.000010 0.000010 0.999940 0.000010 0.000010 0.000010 0.000010
14 14 (0) 1 : 0.000010 0.000010 0.000010 0.999940 0.000010 0.000010 0.000010
15 15 (0) 1 : 0.000010 0.000010 0.563692 0.436258 0.000010 0.000010 0.000010
16 16 (0) 1 : 0.000010 0.000010 0.000010 0.999940 0.000010 0.000010 0.000010
17 17 (0) 1 : 0.000010 0.000010 0.261984 0.737966 0.000010 0.000010 0.000010
18 18 (0) 1 : 0.000010 0.000010 0.999940 0.000010 0.000010 0.000010 0.000010
19 19 (0) 1 : 0.000010 0.000010 0.467428 0.532522 0.000010 0.000010 0.000010
20 20 (0) 1 : 0.000010 0.000010 0.182151 0.817799 0.000010 0.000010 0.000010
21 21 (0) 1 : 0.000010 0.000010 0.172415 0.827535 0.000010 0.000010 0.000010
22 22 (0) 1 : 0.000010 0.000010 0.000010 0.999940 0.000010 0.000010 0.000010
23 23 (0) 1 : 0.000010 0.000010 0.000010 0.999940 0.000010 0.000010 0.000010
24 24 (0) 1 : 0.000011 0.000010 0.999939 0.000010 0.000010 0.000010 0.000010
25 25 (0) 1 : 0.000010 0.000011 0.197371 0.802578 0.000010 0.000010 0.000010
26 26 (0) 1 : 0.000010 0.000010 0.157745 0.842205 0.000010 0.000010 0.000010
27 27 (0) 1 : 0.000010 0.000010 0.521342 0.478608 0.000010 0.000010 0.000010
28 28 (0) 1 : 0.000010 0.000010 0.142826 0.857124 0.000010 0.000010 0.000010
29 29 (0) 1 : 0.000010 0.000010 0.417304 0.582646 0.000010 0.000010 0.000010
30 30 (0) 1 : 0.000010 0.000010 0.000014 0.999936 0.000010 0.000010 0.000010
31 31 (0) 1 : 0.000010 0.000010 0.467472 0.532478 0.000010 0.000010 0.000010
32 32 (0) 1 : 0.000010 0.000010 0.000010 0.999940 0.000010 0.000010 0.000010
33 33 (0) 1 : 0.000010 0.000010 0.000010 0.999940 0.000010 0.000010 0.000010
34 34 (0) 1 : 0.000010 0.000010 0.377364 0.622586 0.000010 0.000010 0.000010
35 35 (0) 1 : 0.000010 0.000010 0.999940 0.000010 0.000010 0.000010 0.000010
36 36 (0) 1 : 0.000015 0.000010 0.000016 0.000010 0.392942 0.000010 0.606997
37 37 (0) 1 : 0.000010 0.000010 0.000010 0.000010 0.000010 0.000010 0.999940
38 38 (0) 1 : 0.000010 0.000010 0.000010 0.000010 0.000010 0.000010 0.999940
39 39 (0) 1 : 0.000010 0.000010 0.000010 0.000010 0.999940 0.000010 0.000010
40 40 (0) 1 : 0.000010 0.000010 0.000010 0.000010 0.615793 0.000010 0.384157
41 41 (0) 1 : 0.000010 0.000010 0.000010 0.000014 0.161289 0.000010 0.838657
42 42 (0) 1 : 0.000010 0.000010 0.000010 0.000010 0.727632 0.000010 0.272318
43 43 (0) 1 : 0.000010 0.000010 0.000010 0.000010 0.948616 0.000010 0.051334
44 44 (0) 1 : 0.000010 0.000010 0.000010 0.000010 0.610729 0.000010 0.389221
45 45 (0) 1 : 0.000010 0.000010 0.000010 0.000010 0.804873 0.000010 0.195077
46 46 (0) 1 : 0.000010 0.000010 0.000010 0.000010 0.000010 0.000010 0.999940
47 47 (0) 1 : 0.000010 0.000012 0.000010 0.000013 0.000010 0.000010 0.999935
48 48 (0) 1 : 0.000010 0.000011 0.000010 0.000010 0.000010 0.000010 0.999939
49 49 (0) 1 : 0.000010 0.000010 0.000010 0.000010 0.680235 0.000010 0.319715
50 50 (0) 1 : 0.000014 0.000010 0.000010 0.000010 0.000010 0.000010 0.999936
51 51 (0) 1 : 0.000012 0.000010 0.000010 0.000017 0.367804 0.000010 0.632137
52 52 (0) 1 : 0.000010 0.000010 0.000010 0.000010 0.000010 0.000010 0.999940
53 53 (0) 1 : 0.000010 0.000010 0.000010 0.000010 0.999940 0.000010 0.000010
54 54 (0) 1 : 0.000010 0.000010 0.000010 0.000010 0.999940 0.000010 0.000010
55 55 (0) 1 : 0.000010 0.000010 0.000010 0.000010 0.552188 0.000010 0.447762
56 56 (0) 1 : 0.000010 0.000010 0.000010 0.000010 0.000013 0.000010 0.999937
57 57 (0) 1 : 0.000010 0.000010 0.000010 0.000010 0.999940 0.000010 0.000010
58 58 (0) 1 : 0.000010 0.000010 0.000015 0.000010 0.696618 0.000010 0.303328
59 59 (0) 1 : 0.000015 0.000012 0.000018 0.000010 0.691487 0.000010 0.308447
60 60 (0) 1 : 0.000010 0.000010 0.000010 0.000010 0.999940 0.000010 0.000010
61 61 (0) 1 : 0.000010 0.000010 0.000010 0.000010 0.999940 0.000010 0.000010
62 62 (0) 1 : 0.000017 0.000017 0.000012 0.000010 0.000010 0.000010 0.999923
63 63 (0) 1 : 0.000010 0.000014 0.000010 0.000010 0.359010 0.000010 0.640936
64 64 (0) 1 : 0.000010 0.000010 0.000010 0.000010 0.999940 0.000010 0.000010
65 65 (0) 1 : 0.000010 0.000010 0.000010 0.000010 0.724547 0.000010 0.275403
66 66 (0) 1 : 0.000010 0.000010 0.000010 0.000010 0.999940 0.000010 0.000010
67 67 (0) 1 : 0.000010 0.000010 0.000010 0.000017 0.891569 0.000010 0.108374
68 68 (0) 1 : 0.000013 0.000010 0.000010 0.000010 0.000010 0.000010 0.999937
69 69 (0) 1 : 0.000010 0.000010 0.000010 0.000010 0.471180 0.000010 0.528770
70 70 (0) 1 : 0.000015 0.000010 0.000010 0.000010 0.142660 0.000010 0.857284
71 71 (0) 1 : 0.000011 0.000010 0.000010 0.000010 0.315041 0.000010 0.684908
72 72 (0) 1 : 0.000010 0.000010 0.000010 0.000010 0.999940 0.000010 0.000010
73 73 (0) 1 : 0.000010 0.000010 0.000010 0.000010 0.999940 0.000010 0.000010
74 74 (0) 1 : 0.000014 0.000010 0.000010 0.000010 0.711963 0.000010 0.287983
75 75 (0) 1 : 0.000010 0.000012 0.000010 0.000010 0.597983 0.000010 0.401965
76 76 (0) 1 : 0.000010 0.000010 0.000010 0.000010 0.000010 0.000010 0.999940
77 77 (0) 1 : 0.000010 0.000010 0.000018 0.000011 0.000010 0.000010 0.999931
78 78 (0) 1 : 0.999940 0.000010 0.000010 0.000010 0.000010 0.000010 0.000010
79 79 (0) 1 : 0.999940 0.000010 0.000010 0.000010 0.000010 0.000010 0.000010
80 80 (0) 1 : 0.999940 0.000010 0.000010 0.000010 0.000010 0.000010 0.000010
81 81 (0) 1 : 0.999940 0.000010 0.000010 0.000010 0.000010 0.000010 0.000010
82 82 (0) 1 : 0.999940 0.000010 0.000010 0.000010 0.000010 0.000010 0.000010
83 83 (0) 1 : 0.999940 0.000010 0.000010 0.000010 0.000010 0.000010 0.000010
84 84 (0) 1 : 0.999940 0.000010 0.000010 0.000010 0.000010 0.000010 0.000010
85 85 (0) 1 : 0.999940 0.000010 0.000010 0.000010 0.000010 0.000010 0.000010
86 86 (0) 1 : 0.999940 0.000010 0.000010 0.000010 0.000010 0.000010 0.000010
87 87 (0) 1 : 0.999940 0.000010 0.000010 0.000010 0.000010 0.000010 0.000010
88 88 (0) 1 : 0.999940 0.000010 0.000010 0.000010 0.000010 0.000010 0.000010
89 89 (0) 1 : 0.999940 0.000010 0.000010 0.000010 0.000010 0.000010 0.000010
90 90 (0) 1 : 0.999939 0.000011 0.000010 0.000010 0.000010 0.000010 0.000010
91 91 (0) 1 : 0.999940 0.000010 0.000010 0.000010 0.000010 0.000010 0.000010
92 92 (0) 1 : 0.999940 0.000010 0.000010 0.000010 0.000010 0.000010 0.000010
93 93 (0) 1 : 0.999940 0.000010 0.000010 0.000010 0.000010 0.000010 0.000010
94 94 (0) 1 : 0.999940 0.000010 0.000010 0.000010 0.000010 0.000010 0.000010
95 95 (0) 1 : 0.999940 0.000010 0.000010 0.000010 0.000010 0.000010 0.000010
96 96 (0) 1 : 0.000010 0.000010 0.000010 0.000010 0.000010 0.999940 0.000010
97 97 (0) 1 : 0.000010 0.000010 0.000010 0.000010 0.000010 0.999940 0.000010
98 98 (0) 1 : 0.000010 0.000010 0.000010 0.000010 0.000010 0.999940 0.000010
99 99 (0) 1 : 0.000010 0.000010 0.000010 0.000010 0.000010 0.999940 0.000010
100 100 (0) 1 : 0.000010 0.000010 0.000010 0.000010 0.000010 0.999940 0.000010
101 101 (0) 1 : 0.000010 0.000010 0.000010 0.000010 0.000010 0.999940 0.000010
102 102 (0) 1 : 0.000010 0.000010 0.000010 0.000010 0.000010 0.999940 0.000010
103 103 (0) 1 : 0.000010 0.000010 0.000010 0.000010 0.000010 0.999940 0.000010
104 104 (0) 1 : 0.000010 0.000010 0.000010 0.000010 0.000010 0.999940 0.000010
105 105 (0) 1 : 0.000010 0.000010 0.000010 0.000010 0.000010 0.999940 0.000010
106 106 (0) 1 : 0.000010 0.000010 0.000010 0.000010 0.000010 0.999940 0.000010
107 107 (0) 1 : 0.000010 0.000010 0.000010 0.000010 0.000010 0.999940 0.000010
108 108 (0) 1 : 0.000010 0.000010 0.000010 0.000010 0.000010 0.999940 0.000010
109 109 (0) 1 : 0.000010 0.000010 0.000010 0.000010 0.000010 0.999940 0.000010
110 110 (0) 1 : 0.000010 0.000010 0.000010 0.000010 0.000010 0.999940 0.000010
111 111 (0) 1 : 0.000010 0.000010 0.000010 0.000010 0.000010 0.999940 0.000010
112 112 (0) 1 : 0.000010 0.000010 0.000010 0.000010 0.000010 0.999940 0.000010
113 113 (0) 1 : 0.000010 0.000010 0.000010 0.000010 0.000010 0.999940 0.000010
114 114 (0) 1 : 0.000010 0.999940 0.000010 0.000010 0.000010 0.000010 0.000010
115 115 (0) 1 : 0.000010 0.999940 0.000010 0.000010 0.000010 0.000010 0.000010
116 116 (0) 1 : 0.000010 0.999940 0.000010 0.000010 0.000010 0.000010 0.000010
117 117 (0) 1 : 0.000010 0.999940 0.000010 0.000010 0.000010 0.000010 0.000010
118 118 (0) 1 : 0.000010 0.999940 0.000010 0.000010 0.000010 0.000010 0.000010
119 119 (0) 1 : 0.000010 0.999940 0.000010 0.000010 0.000010 0.000010 0.000010
120 120 (0) 1 : 0.000010 0.999940 0.000010 0.000010 0.000010 0.000010 0.000010
121 121 (0) 1 : 0.000010 0.999940 0.000010 0.000010 0.000010 0.000010 0.000010
1 1 (0) 1 : 0.000010 0.000010 0.000010 0.779043 0.220899 0.000018 0.000010
2 2 (0) 1 : 0.000013 0.000010 0.000010 0.740961 0.258986 0.000010 0.000010
3 3 (0) 1 : 0.000010 0.000010 0.000010 0.619293 0.380657 0.000010 0.000010
4 4 (0) 1 : 0.000010 0.000010 0.000010 0.572455 0.427495 0.000010 0.000010
5 5 (0) 1 : 0.000015 0.000010 0.000010 0.557837 0.442108 0.000010 0.000010
6 6 (0) 1 : 0.000010 0.000010 0.000010 0.451790 0.548160 0.000010 0.000010
7 7 (0) 1 : 0.000010 0.000012 0.000010 0.999938 0.000010 0.000010 0.000010
8 8 (0) 1 : 0.000010 0.000010 0.000015 0.609728 0.390217 0.000010 0.000010
9 9 (0) 1 : 0.000010 0.000010 0.000010 0.000010 0.999940 0.000010 0.000010
10 10 (0) 1 : 0.000010 0.000010 0.000010 0.999940 0.000010 0.000010 0.000010
11 11 (0) 1 : 0.000010 0.000010 0.000010 0.577207 0.422743 0.000010 0.000010
12 12 (0) 1 : 0.000010 0.000010 0.000010 0.999940 0.000010 0.000010 0.000010
13 13 (0) 1 : 0.000015 0.000010 0.000016 0.000010 0.999928 0.000010 0.000010
14 14 (0) 1 : 0.000015 0.000010 0.000010 0.999935 0.000010 0.000010 0.000010
15 15 (0) 1 : 0.000010 0.000010 0.000010 0.436474 0.563476 0.000010 0.000010
16 16 (0) 1 : 0.000013 0.000010 0.000010 0.999930 0.000017 0.000010 0.000010
17 17 (0) 1 : 0.000010 0.000010 0.000010 0.738160 0.261790 0.000010 0.000010
18 18 (0) 1 : 0.000010 0.000010 0.000010 0.000010 0.999931 0.000019 0.000010
19 19 (0) 1 : 0.000010 0.000010 0.000010 0.532698 0.467252 0.000010 0.000010
20 20 (0) 1 : 0.000018 0.000010 0.000010 0.817830 0.182112 0.000010 0.000010
21 21 (0) 1 : 0.000013 0.000010 0.000010 0.827590 0.172357 0.000010 0.000010
22 22 (0) 1 : 0.000010 0.000010 0.000010 0.999940 0.000010 0.000010 0.000010
23 23 (0) 1 : 0.000010 0.000010 0.000010 0.999940 0.000010 0.000010 0.000010
24 24 (0) 1 : 0.000010 0.000010 0.000010 0.000010 0.999940 0.000010 0.000010
25 25 (0) 1 : 0.000010 0.000010 0.000010 0.802659 0.197291 0.000010 0.000010
26 26 (0) 1 : 0.000010 0.000010 0.000010 0.842226 0.157716 0.000018 0.000010
27 27 (0) 1 : 0.000010 0.000010 0.000010 0.478707 0.521242 0.000011 0.000010
28 28 (0) 1 : 0.000014 0.000010 0.000012 0.857273 0.142671 0.000010 0.000010
29 29 (0) 1 : 0.000010 0.000010 0.000010 0.582748 0.417202 0.000010 0.000010
30 30 (0) 1 : 0.000010 0.000010 0.000010 0.999940 0.000010 0.000010 0.000010
31 31 (0) 1 : 0.000010 0.000010 0.000010 0.532631 0.467319 0.000010 0.000010
32 32 (0) 1 : 0.000010 0.000010 0.000010 0.999940 0.000010 0.000010 0.000010
33 33 (0) 1 : 0.000010 0.000010 0.000010 0.999940 0.000010 0.000010 0.000010
34 34 (0) 1 : 0.000010 0.000011 0.000010 0.622743 0.377206 0.000010 0.000010
35 35 (0) 1 : 0.000012 0.000010 0.000010 0.000010 0.999938 0.000010 0.000010
36 36 (0) 1 : 0.607016 0.000016 0.000010 0.000010 0.000010 0.000010 0.392928
37 37 (0) 1 : 0.999940 0.000010 0.000010 0.000010 0.000010 0.000010 0.000010
38 38 (0) 1 : 0.999939 0.000011 0.000010 0.000010 0.000010 0.000010 0.000010
39 39 (0) 1 : 0.000010 0.000010 0.000010 0.000010 0.000010 0.000010 0.999940
40 40 (0) 1 : 0.384171 0.000010 0.000010 0.000010 0.000010 0.000010 0.615779
41 41 (0) 1 : 0.838583 0.000010 0.000010 0.000017 0.000010 0.000010 0.161360
42 42 (0) 1 : 0.272349 0.000010 0.000010 0.000010 0.000010 0.000010 0.727601
43 43 (0) 1 : 0.051386 0.000010 0.000010 0.000010 0.000010 0.000010 0.948564
44 44 (0) 1 : 0.389211 0.000016 0.000010 0.000010 0.000010 0.000010 0.610733
45 45 (0) 1 : 0.195095 0.000010 0.000010 0.000010 0.000010 0.000010 0.804855
46 46 (0) 1 : 0.999940 0.000010 0.000010 0.000010 0.000010 0.000010 0.000010
47 47 (0) 1 : 0.999940 0.000010 0.000010 0.000010 0.000010 0.000010 0.000010
48 48 (0) 1 : 0.999940 0.000010 0.000010 0.000010 0.000010 0.000010 0.000010
49 49 (0) 1 : 0.319742 0.000010 0.000010 0.000010 0.000010 0.000010 0.680208
50 50 (0) 1 : 0.999940 0.000010 0.000010 0.000010 0.000010 0.000010 0.000010
51 51 (0) 1 : 0.632148 0.000010 0.000010 0.000010 0.000010 0.000010 0.367802
52 52 (0) 1 : 0.999940 0.000010 0.000010 0.000010 0.000010 0.000010 0.000010
53 53 (0) 1 : 0.000010 0.000010 0.000010 0.000010 0.000010 0.000010 0.999940
54 54 (0) 1 : 0.000010 0.000010 0.000010 0.000010 0.000010 0.000010 0.999940
55 55 (0) 1 : 0.447746 0.000010 0.000010 0.000010 0.000010 0.000010 0.552204
56 56 (0) 1 : 0.999930 0.000010 0.000020 0.000010 0.000010 0.000010 0.000010
57 57 (0) 1 : 0.000010 0.000010 0.000010 0.000010 0.000010 0.000010 0.999940
58 58 (0) 1 : 0.303333 0.000010 0.000010 0.000010 0.000010 0.000010 0.696617
59 59 (0) 1 : 0.308444 0.000010 0.000010 0.000010 0.000010 0.000010 0.691506
60 60 (0) 1 : 0.000010 0.000010 0.000010 0.000010 0.000010 0.000010 0.999940
61 61 (0) 1 : 0.000010 0.000010 0.000010 0.000010 0.000010 0.000010 0.999940
62 62 (0) 1 : 0.999930 0.000019 0.000011 0.000010 0.000010 0.000010 0.000010
63 63 (0) 1 : 0.640951 0.000010 0.000010 0.000010 0.000010 0.000010 0.358999
64 64 (0) 1 : 0.000010 0.000010 0.000010 0.000010 0.000010 0.000010 0.999940
65 65 (0) 1 : 0.275404 0.000010 0.000013 0.000010 0.000010 0.000010 0.724542
66 66 (0) 1 : 0.000010 0.000010 0.000010 0.000010 0.000010 0.000010 0.999940
67 67 (0) 1 : 0.108109 0.000010 0.000010 0.000010 0.000010 0.000010 0.891841
68 68 (0) 1 : 0.999940 0.000010 0.000010 0.000010 0.000010 0.000010 0.000010
69 69 (0) 1 : 0.528760 0.000010 0.000010 0.000010 0.000010 0.000010 0.471190
70 70 (0) 1 : 0.857317 0.000010 0.000010 0.000010 0.000010 0.000010 0.142633
71 71 (0) 1 : 0.684903 0.000010 0.000015 0.000010 0.000010 0.000010 0.315042
72 72 (0) 1 : 0.000011 0.000010 0.000010 0.000018 0.000010 0.000010 0.999932
73 73 (0) 1 : 0.000010 0.000010 0.000010 0.000010 0.000010 0.000010 0.999940
74 74 (0) 1 : 0.287967 0.000010 0.000014 0.000010 0.000010 0.000010 0.711980
75 75 (0) 1 : 0.402006 0.000010 0.000010 0.000010 0.000010 0.000010 0.597944
76 76 (0) 1 : 0.999940 0.000010 0.000010 0.000010 0.000010 0.000010 0.000010
77 77 (0) 1 : 0.999940 0.000010 0.000010 0.000010 0.000010 0.000010 0.000010
78 78 (0) 1 : 0.000010 0.000010 0.000010 0.000010 0.000010 0.999940 0.000010
79 79 (0) 1 : 0.000010 0.000010 0.000010 0.000010 0.000010 0.999940 0.000010
80 80 (0) 1 : 0.000010 0.000010 0.000010 0.000010 0.000010 0.999940 0.000010
81 81 (0) 1 : 0.000010 0.000010 0.000010 0.000010 0.000010 0.999940 0.000010
82 82 (0) 1 : 0.000010 0.000010 0.000010 0.000010 0.000017 0.999933 0.000010
83 83 (0) 1 : 0.000010 0.000010 0.000010 0.000010 0.000010 0.999940 0.000010
84 84 (0) 1 : 0.000010 0.000010 0.000010 0.000010 0.000010 0.999940 0.000010
85 85 (0) 1 : 0.000016 0.000010 0.000010 0.000010 0.000010 0.999934 0.000010
86 86 (0) 1 : 0.000010 0.000010 0.000010 0.000010 0.000010 0.999940 0.000010
87 87 (0) 1 : 0.000010 0.000010 0.000010 0.000010 0.000010 0.999940 0.000010
88 88 (0) 1 : 0.000010 0.000010 0.000010 0.000010 0.000010 0.999940 0.000010
89 89 (0) 1 : 0.000010 0.000010 0.000010 0.000010 0.000010 0.999940 0.000010
90 90 (0) 1 : 0.000010 0.000010 0.000010 0.000010 0.000010 0.999940 0.000010
91 91 (0) 1 : 0.000010 0.000010 0.000010 0.000010 0.000012 0.999938 0.000010
92 92 (0) 1 : 0.000010 0.000010 0.000010 0.000015 0.000017 0.999927 0.000010
93 93 (0) 1 : 0.000010 0.000010 0.000010 0.000010 0.000010 0.999940 0.000010
94 94 (0) 1 : 0.000010 0.000010 0.000010 0.000010 0.000010 0.999940 0.000010
95 95 (0) 1 : 0.000010 0.000010 0.000010 0.000010 0.000010 0.999940 0.000010
96 96 (0) 1 : 0.000010 0.999940 0.000010 0.000010 0.000010 0.000010 0.000010
97 97 (0) 1 : 0.000019 0.999931 0.000010 0.000010 0.000010 0.000010 0.000010
98 98 (0) 1 : 0.000010 0.999940 0.000010 0.000010 0.000010 0.000010 0.000010
99 99 (0) 1 : 0.000010 0.999940 0.000010 0.000010 0.000010 0.000010 0.000010
100 100 (0) 1 : 0.000010 0.999940 0.000010 0.000010 0.000010 0.000010 0.000010
101 101 (0) 1 : 0.000010 0.999931 0.000016 0.000010 0.000012 0.000010 0.000010
102 102 (0) 1 : 0.000010 0.999940 0.000010 0.000010 0.000010 0.000010 0.000010
103 103 (0) 1 : 0.000010 0.999937 0.000013 0.000010 0.000010 0.000010 0.000010
104 104 (0) 1 : 0.000012 0.999929 0.000010 0.000010 0.000010 0.000019 0.000010
105 105 (0) 1 : 0.000011 0.999930 0.000010 0.000010 0.000010 0.000019 0.000010
106 106 (0) 1 : 0.000010 0.999940 0.000010 0.000010 0.000010 0.000010 0.000010
107 107 (0) 1 : 0.000010 0.999940 0.000010 0.000010 0.000010 0.000010 0.000010
108 108 (0) 1 : 0.000010 0.999934 0.000010 0.000010 0.000010 0.000016 0.000010
109 109 (0) 1 : 0.000010 0.999940 0.000010 0.000010 0.000010 0.000010 0.000010
110 110 (0) 1 : 0.000010 0.999940 0.000010 0.000010 0.000010 0.000010 0.000010
111 111 (0) 1 : 0.000010 0.999940 0.000010 0.000010 0.000010 0.000010 0.000010
112 112 (0) 1 : 0.000010 0.999940 0.000010 0.000010 0.000010 0.000010 0.000010
113 113 (0) 1 : 0.000010 0.999940 0.000010 0.000010 0.000010 0.000010 0.000010
114 114 (0) 1 : 0.000019 0.000010 0.999931 0.000010 0.000010 0.000010 0.000010
115 115 (0) 1 : 0.000010 0.000010 0.999940 0.000010 0.000010 0.000010 0.000010
116 116 (0) 1 : 0.000010 0.000010 0.999940 0.000010 0.000010 0.000010 0.000010
117 117 (0) 1 : 0.000010 0.000010 0.999940 0.000010 0.000010 0.000010 0.000010
118 118 (0) 1 : 0.000010 0.000014 0.999936 0.000010 0.000010 0.000010 0.000010
119 119 (0) 1 : 0.000010 0.000010 0.999940 0.000010 0.000010 0.000010 0.000010
120 120 (0) 1 : 0.000010 0.000010 0.999922 0.000019 0.000019 0.000010 0.000010
121 121 (0) 1 : 0.000010 0.000010 0.999937 0.000013 0.000010 0.000010 0.000010
1 1 (0) 1 : 0.000013 0.000010 0.163628 0.000010 0.000010 0.000010 0.836320
2 2 (0) 1 : 0.000010 0.000010 0.536625 0.000010 0.000010 0.000010 0.463325
3 3 (0) 1 : 0.000010 0.000010 0.203558 0.000010 0.000010 0.000010 0.796392
4 4 (0) 1 : 0.000010 0.000010 0.445212 0.000010 0.000010 0.000010 0.554738
5 5 (0) 1 : 0.000010 0.000010 0.234842 0.000010 0.000010 0.000010 0.765108
6 6 (0) 1 : 0.000010 0.000010 0.481203 0.000010 0.000010 0.000010 0.518747
7 7 (0) 1 : 0.000010 0.000010 0.000010 0.000010 0.000010 0.000010 0.999940
8 8 (0) 1 : 0.000010 0.000010 0.328148 0.000020 0.000010 0.000010 0.671792
9 9 (0) 1 : 0.000010 0.000010 0.999940 0.000010 0.000010 0.000010 0.000010
10 10 (0) 1 : 0.000010 0.000010 0.999940 0.000010 0.000010 0.000010 0.000010
11 11 (0) 1 : 0.000010 0.000010 0.232631 0.000010 0.000010 0.000010 0.767319
12 12 (0) 1 : 0.000010 0.000010 0.999940 0.000010 0.000010 0.000010 0.000010
13 13 (0) 1 : 0.000010 0.000010 0.999940 0.000010 0.000010 0.000010 0.000010
14 14 (0) 1 : 0.000010 0.000010 0.999940 0.000010 0.000010 0.000010 0.000010
15 15 (0) 1 : 0.000010 0.000010 0.560147 0.000010 0.000010 0.000010 0.439803
16 16 (0) 1 : 0.000011 0.000010 0.000010 0.000010 0.000010 0.000010 0.999939
17 17 (0) 1 : 0.000010 0.000010 0.188431 0.000010 0.000010 0.000010 0.811519
18 18 (0) 1 : 0.000010 0.000010 0.999940 0.000010 0.000010 0.000010 0.000010
19 19 (0) 1 : 0.000010 0.000010 0.306494 0.000010 0.000010 0.000010 0.693456
20 20 (0) 1 : 0.000011 0.000010 0.196899 0.000010 0.000010 0.000010 0.803050
21 21 (0) 1 : 0.000010 0.000010 0.000010 0.000010 0.000010 0.000010 0.999940
22 22 (0) 1 : 0.000010 0.000010 0.000010 0.000010 0.000010 0.000010 0.999940
23 23 (0) 1 : 0.000010 0.000010 0.119481 0.000010 0.000010 0.000010 0.880469
24 24 (0) 1 : 0.000010 0.000010 0.999932 0.000018 0.000010 0.000010 0.000010
25 25 (0) 1 : 0.000010 0.000010 0.140875 0.000010 0.000010 0.000010 0.859075
26 26 (0) 1 : 0.000010 0.000010 0.000010 0.000010 0.000010 0.000010 0.999940
27 27 (0) 1 : 0.000010 0.000010 0.659900 0.000010 0.000010 0.000010 0.340050
28 28 (0) 1 : 0.000010 0.000010 0.098677 0.000010 0.000010 0.000010 0.901273
29 29 (0) 1 : 0.000010 0.000010 0.326997 0.000010 0.000010 0.000010 0.672953
30 30 (0) 1 : 0.000010 0.000010 0.125918 0.000010 0.000010 0.000010 0.874032
31 31 (0) 1 : 0.000010 0.000010 0.454798 0.000010 0.000010 0.000010 0.545152
32 32 (0) 1 : 0.000010 0.000010 0.000010 0.000017 0.000012 0.000010 0.999931
33 33 (0) 1 : 0.000010 0.000016 0.156776 0.000016 0.000010 0.000010 0.843162
34 34 (0) 1 : 0.000010 0.000010 0.280631 0.000010 0.000010 0.000010 0.719319
35 35 (0) 1 : 0.000010 0.000010 0.999931 0.000019 0.000010 0.000010 0.000010
36 36 (0) 1 : 0.603387 0.000010 0.000011 0.000011 0.396562 0.000010 0.000010
37 37 (0) 1 : 0.999940 0.000010 0.000010 0.000010 0.000010 0.000010 0.000010
38 38 (0) 1 : 0.999940 0.000010 0.000010 0.000010 0.000010 0.000010 0.000010
39 39 (0) 1 : 0.010901 0.000010 0.000012 0.000010 0.989047 0.000010 0.000010
40 40 (0) 1 : 0.384098 0.000010 0.000014 0.000010 0.615848 0.000010 0.000010
41 41 (0) 1 : 0.841449 0.000010 0.000010 0.000010 0.158501 0.000010 0.000010
42 42 (0) 1 : 0.267013 0.000010 0.000017 0.000010 0.732929 0.000010 0.000010
43 43 (0) 1 : 0.049030 0.000010 0.000016 0.000011 0.950913 0.000010 0.000010
44 44 (0) 1 : 0.522719 0.000010 0.000015 0.000010 0.477226 0.000010 0.000010
45 45 (0) 1 : 0.185874 0.000010 0.000017 0.000011 0.814067 0.000010 0.000010
46 46 (0) 1 : 0.999940 0.000010 0.000010 0.000010 0.000010 0.000010 0.000010
47 47 (0) 1 : 0.999940 0.000010 0.000010 0.000010 0.000010 0.000010 0.000010
48 48 (0) 1 : 0.999940 0.000010 0.000010 0.000010 0.000010 0.000010 0.000010
49 49 (0) 1 : 0.325467 0.000010 0.000010 0.000010 0.674483 0.000010 0.000010
50 50 (0) 1 : 0.999936 0.000010 0.000014 0.000010 0.000010 0.000010 0.000010
51 51 (0) 1 : 0.631191 0.000010 0.000010 0.000014 0.368755 0.000010 0.000010
52 52 (0) 1 : 0.999940 0.000010 0.000010 0.000010 0.000010 0.000010 0.000010
53 53 (0) 1 : 0.000010 0.000010 0.000010 0.000010 0.999940 0.000010 0.000010
54 54 (0) 1 : 0.000010 0.000010 0.000010 0.000010 0.999940 0.000010 0.000010
55 55 (0) 1 : 0.447830 0.000013 0.000011 0.000010 0.552115 0.000010 0.000010
56 56 (0) 1 : 0.999940 0.000010 0.000010 0.000010 0.000010 0.000010 0.000010
57 57 (0) 1 : 0.000010 0.000010 0.000010 0.000010 0.999940 0.000010 0.000010
58 58 (0) 1 : 0.300648 0.000010 0.000015 0.000010 0.699297 0.000010 0.000010
59 59 (0) 1 : 0.314043 0.000013 0.000011 0.000010 0.685903 0.000010 0.000010
60 60 (0) 1 : 0.000010 0.000010 0.000010 0.000010 0.999940 0.000010 0.000010
61 61 (0) 1 : 0.000010 0.000010 0.000010 0.000010 0.999940 0.000010 0.000010
62 62 (0) 1 : 0.999940 0.000010 0.000010 0.000010 0.000010 0.000010 0.000010
63 63 (0) 1 : 0.645082 0.000012 0.000011 0.000010 0.354865 0.000010 0.000010
64 64 (0) 1 : 0.000010 0.000010 0.000010 0.000010 0.999940 0.000010 0.000010
65 65 (0) 1 : 0.273873 0.000010 0.000010 0.000010 0.726077 0.000010 0.000010
66 66 (0) 1 : 0.000010 0.000011 0.000016 0.000010 0.999932 0.000011 0.000010
67 67 (0) 1 : 0.110798 0.000011 0.000010 0.000010 0.889151 0.000010 0.000010
68 68 (0) 1 : 0.999940 0.000010 0.000010 0.000010 0.000010 0.000010 0.000010
69 69 (0) 1 : 0.528599 0.000011 0.000010 0.000010 0.471350 0.000010 0.000010
70 70 (0) 1 : 0.856688 0.000010 0.000010 0.000018 0.143252 0.000013 0.000010
71 71 (0) 1 : 0.687047 0.000010 0.000011 0.000010 0.312902 0.000010 0.000010
72 72 (0) 1 : 0.000010 0.000018 0.000010 0.000010 0.999931 0.000010 0.000010
73 73 (0) 1 : 0.000010 0.000010 0.000010 0.000010 0.999940 0.000010 0.000010
74 74 (0) 1 : 0.289702 0.000010 0.000010 0.000010 0.710248 0.000010 0.000010
75 75 (0) 1 : 0.393757 0.000010 0.000010 0.000010 0.606193 0.000010 0.000010
76 76 (0) 1 : 0.999940 0.000010 0.000010 0.000010 0.000010 0.000010 0.000010
77 77 (0) 1 : 0.999939 0.000011 0.000010 0.000010 0.000010 0.000010 0.000010
78 78 (0) 1 : 0.000010 0.000010 0.000010 0.999940 0.000010 0.000010 0.000010
79 79 (0) 1 : 0.000013 0.000010 0.000010 0.999929 0.000018 0.000010 0.000010
80 80 (0) 1 : 0.000010 0.000010 0.000010 0.999940 0.000010 0.000010 0.000010
81 81 (0) 1 : 0.000010 0.000010 0.000010 0.999940 0.000010 0.000010 0.000010
82 82 (0) 1 : 0.000010 0.000010 0.000018 0.999932 0.000010 0.000010 0.000010
83 83 (0) 1 : 0.000010 0.000019 0.000010 0.999926 0.000010 0.000015 0.000010
84 84 (0) 1 : 0.000010 0.000010 0.000010 0.999940 0.000010 0.000010 0.000010
85 85 (0) 1 : 0.000018 0.000010 0.000010 0.999930 0.000012 0.000010 0.000010
86 86 (0) 1 : 0.000017 0.000010 0.000010 0.999933 0.000010 0.000010 0.000010
87 87 (0) 1 : 0.000010 0.000010 0.000010 0.999940 0.000010 0.000010 0.000010
88 88 (0) 1 : 0.000010 0.000010 0.000010 0.999940 0.000010 0.000010 0.000010
89 89 (0) 1 : 0.000010 0.000010 0.000015 0.999935 0.000010 0.000010 0.000010
90 90 (0) 1 : 0.000010 0.000010 0.000010 0.999940 0.000010 0.000010 0.000010
91 91 (0) 1 : 0.000010 0.000010 0.000010 0.999940 0.000010 0.000010 0.000010
92 92 (0) 1 : 0.000010 0.000010 0.000010 0.999934 0.000016 0.000010 0.000010
93 93 (0) 1 : 0.000010 0.000010 0.000010 0.999940 0.000010 0.000010 0.000010
94 94 (0) 1 : 0.000010 0.000014 0.000010 0.999936 0.000010 0.000010 0.000010
95 95 (0) 1 : 0.000010 0.000010 0.000010 0.999940 0.000010 0.000010 0.000010
96 96 (0) 1 : 0.000015 0.000010 0.000010 0.000010 0.000010 0.999935 0.000010
97 97 (0) 1 : 0.000010 0.000012 0.000010 0.000010 0.000010 0.999938 0.000010
98 98 (0) 1 : 0.000013 0.000010 0.000010 0.000010 0.000010 0.999937 0.000010
99 99 (0) 1 : 0.000010 0.000010 0.000010 0.000010 0.000010 0.999940 0.000010
100 100 (0) 1 : 0.000010 0.000010 0.000010 0.000010 0.000010 0.999940 0.000010
101 101 (0) 1 : 0.000010 0.000011 0.000015 0.000010 0.000010 0.999934 0.000010
102 102 (0) 1 : 0.000012 0.000011 0.000010 0.000010 0.000010 0.999937 0.000010
103 103 (0) 1 : 0.000010 0.000010 0.000011 0.000010 0.000010 0.999939 0.000010
104 104 (0) 1 : 0.000010 0.000010 0.000010 0.000010 0.000010 0.999940 0.000010
105 105 (0) 1 : 0.000010 0.000010 0.000010 0.000010 0.000010 0.999940 0.000010
106 106 (0) 1 : 0.000010 0.000010 0.000010 0.000010 0.000010 0.999940 0.000010
107 107 (0) 1 : 0.000014 0.000010 0.000010 0.000010 0.000010 0.999936 0.000010
108 108 (0) 1 : 0.000017 0.000010 0.000010 0.000010 0.000010 0.999933 0.000010
109 109 (0) 1 : 0.000010 0.000010 0.000010 0.000010 0.000010 0.999940 0.000010
110 110 (0) 1 : 0.000010 0.000011 0.000010 0.000010 0.000010 0.999939 0.000010
111 111 (0) 1 : 0.000010 0.000010 0.000010 0.000010 0.000010 0.999940 0.000010
112 112 (0) 1 : 0.000010 0.000010 0.000010 0.000010 0.000010 0.999940 0.000010
113 113 (0) 1 : 0.000010 0.000011 0.000010 0.000010 0.000010 0.999939 0.000010
114 114 (0) 1 : 0.000010 0.999936 0.000010 0.000010 0.000010 0.000014 0.000010
115 115 (0) 1 : 0.000010 0.999935 0.000010 0.000015 0.000010 0.000010 0.000010
116 116 (0) 1 : 0.000010 0.999916 0.000014 0.000014 0.000018 0.000018 0.000010
117 117 (0) 1 : 0.000010 0.999929 0.000010 0.000014 0.000010 0.000017 0.000010
118 118 (0) 1 : 0.000017 0.999927 0.000010 0.000010 0.000010 0.000016 0.000010
119 119 (0) 1 : 0.000014 0.999922 0.000016 0.000010 0.000010 0.000018 0.000010
120 120 (0) 1 : 0.000010 0.999940 0.000010 0.000010 0.000010 0.000010 0.000010
121 121 (0) 1 : 0.000010 0.999939 0.000010 0.000010 0.000011 0.000010 0.000010
