-------------------------------------------------------------------------------
 L       Percentage of nodes in the largest component
 D       Percentage of nodes in components of size at most 3 [-div option]
 R       Percentage of nodes not in L or D: 100 - L -D
 S       Percentage of nodes that are singletons
 E       Fraction of edges retained (input graph has 870)
 cce     Expected size of component, nodewise [ sum(sz^2) / sum^2(sz) ]
 EW      Edge weight traits (mean, median and IQR)
 ND      Node degree traits [mean, median and IQR]
 CCF     Clustering coefficient (scale 1-100)
 eff     Induced component efficiency relative to start graph (scale 1-1000)
Total number of nodes: 30
----------------------------------------------------------------------------------------------
  L   D   R   S     E     cce  EWmean   EWmed   EWiqr  NDmean   NDmed  NDiqr CCF  eff  Cutoff 
----------------------------------------------------------------------------------------------
 97   3   0   3 0.490      28    0.56    0.55    0.06    14.2    14.5    5.5   -    -     0.50
 97   3   0   3 0.430      28    0.57    0.55    0.07    12.5    12.5    6.0   -    -     0.51
 93   7   0   7 0.384      26    0.57    0.56    0.06    11.1    11.5    7.5   -    -     0.52
 93   7   0   7 0.322      26    0.58    0.57    0.06     9.3     9.5    5.5   -    -     0.53
 93   7   0   7 0.290      26    0.59    0.58    0.06     8.4     8.5    5.5   -    -     0.54
 93   7   0   7 0.234      26    0.60    0.59    0.06     6.8     7.5    7.0   -    -     0.55
 93   7   0   7 0.198      26    0.61    0.60    0.05     5.7     6.5    5.5   -    -     0.56
 87  13   0   7 0.161      23    0.62    0.61    0.05     4.7     5.5    5.0   -    -     0.57
 80  20   0  13 0.140      19    0.62    0.62    0.04     4.1     4.5    5.5   -    -     0.58
 73  27   0  27 0.117      16    0.63    0.62    0.04     3.4     3.5    5.5   -    -     0.59
 73  27   0  27 0.101      16    0.64    0.63    0.04     2.9     2.5    5.0   -    -     0.60
 47  27  27  27 0.083       9    0.65    0.64    0.05     2.4     2.5    4.0   -    -     0.61
 40  37  23  37 0.069       7    0.65    0.64    0.04     2.0     1.5    4.0   -    -     0.62
 23  53  23  47 0.044       4    0.67    0.67    0.04     1.3     1.5    3.0   -    -     0.63
 23  53  23  47 0.034       4    0.67    0.67    0.03     1.0     1.5    2.0   -    -     0.64
 23  63  13  57 0.028       3    0.68    0.68    0.02     0.8     0.5    1.5   -    -     0.65
 20  67  13  60 0.023       2    0.69    0.68    0.02     0.7     0.5    1.5   -    -     0.66
 20  80   0  60 0.018       2    0.69    0.68    0.01     0.5     0.5    1.5   -    -     0.67
 13  87   0  67 0.014       2    0.70    0.69    0.02     0.4     0.5    1.5   -    -     0.68
 13  87   0  87 0.007       1    0.72    0.70    0.03     0.2     0.5    0.5   -    -     0.69
  0 100   0  90 0.005       1    0.73    0.73    0.05     0.1     0.5    0.5   -    -     0.70
  0 100   0  93 0.002       1    0.76    0.76    0.00     0.1     0.5    0.5   -    -     0.71
  0 100   0  93 0.002       1    0.76    0.76    0.00     0.1     0.5    0.5   -    -     0.72
  0 100   0  93 0.002       1    0.76    0.76    0.00     0.1     0.5    0.5   -    -     0.73
  0 100   0  93 0.002       1    0.76    0.76    0.00     0.1     0.5    0.5   -    -     0.74
  0 100   0  93 0.002       1    0.76    0.76    0.00     0.1     0.5    0.5   -    -     0.75
  0 100   0 100 0.000       1    0.00    0.00    0.00     0.0     0.5    0.5   -    -     0.76
  0 100   0 100 0.000       1    0.00    0.00    0.00     0.0     0.5    0.5   -    -     0.77
  0 100   0 100 0.000       1    0.00    0.00    0.00     0.0     0.5    0.5   -    -     0.78
  0 100   0 100 0.000       1    0.00    0.00    0.00     0.0     0.5    0.5   -    -     0.79
  0 100   0 100 0.000       1    0.00    0.00    0.00     0.0     0.5    0.5   -    -     0.80
  0 100   0 100 0.000       1    0.00    0.00    0.00     0.0     0.5    0.5   -    -     0.81
  0 100   0 100 0.000       1    0.00    0.00    0.00     0.0     0.5    0.5   -    -     0.82
  0 100   0 100 0.000       1    0.00    0.00    0.00     0.0     0.5    0.5   -    -     0.83
  0 100   0 100 0.000       1    0.00    0.00    0.00     0.0     0.5    0.5   -    -     0.84
  0 100   0 100 0.000       1    0.00    0.00    0.00     0.0     0.5    0.5   -    -     0.85
  0 100   0 100 0.000       1    0.00    0.00    0.00     0.0     0.5    0.5   -    -     0.86
  0 100   0 100 0.000       1    0.00    0.00    0.00     0.0     0.5    0.5   -    -     0.87
  0 100   0 100 0.000       1    0.00    0.00    0.00     0.0     0.5    0.5   -    -     0.88
  0 100   0 100 0.000       1    0.00    0.00    0.00     0.0     0.5    0.5   -    -     0.89
  0 100   0 100 0.000       1    0.00    0.00    0.00     0.0     0.5    0.5   -    -     0.90
  0 100   0 100 0.000       1    0.00    0.00    0.00     0.0     0.5    0.5   -    -     0.91
  0 100   0 100 0.000       1    0.00    0.00    0.00     0.0     0.5    0.5   -    -     0.92
  0 100   0 100 0.000       1    0.00    0.00    0.00     0.0     0.5    0.5   -    -     0.93
  0 100   0 100 0.000       1    0.00    0.00    0.00     0.0     0.5    0.5   -    -     0.94
  0 100   0 100 0.000       1    0.00    0.00    0.00     0.0     0.5    0.5   -    -     0.95
  0 100   0 100 0.000       1    0.00    0.00    0.00     0.0     0.5    0.5   -    -     0.96
  0 100   0 100 0.000       1    0.00    0.00    0.00     0.0     0.5    0.5   -    -     0.97
  0 100   0 100 0.000       1    0.00    0.00    0.00     0.0     0.5    0.5   -    -     0.98
  0 100   0 100 0.000       1    0.00    0.00    0.00     0.0     0.5    0.5   -    -     0.99
---------------------------------------------------------------------------------------------
