1 1 (0) 1 : 0.000010 0.000010 0.000010 0.000010 0.000010 0.999940 0.000010
2 2 (0) 1 : 0.000010 0.000010 0.000010 0.000010 0.000010 0.999940 0.000010
3 3 (0) 1 : 0.000010 0.000010 0.000010 0.000010 0.000010 0.999940 0.000010
4 4 (0) 1 : 0.000010 0.000010 0.000010 0.000010 0.000010 0.999940 0.000010
5 5 (0) 1 : 0.000010 0.000010 0.000010 0.000010 0.000010 0.999940 0.000010
6 6 (0) 1 : 0.000010 0.000010 0.000010 0.000010 0.000010 0.999940 0.000010
7 7 (0) 1 : 0.000010 0.000010 0.000010 0.000010 0.000010 0.999940 0.000010
8 8 (0) 1 : 0.000010 0.000010 0.000010 0.000010 0.000010 0.999940 0.000010
9 9 (0) 1 : 0.000010 0.000010 0.000010 0.000010 0.000010 0.999940 0.000010
10 10 (0) 1 : 0.000010 0.000010 0.000010 0.000010 0.000010 0.999940 0.000010
11 11 (0) 1 : 0.000010 0.000010 0.000010 0.000010 0.000010 0.999940 0.000010
12 12 (0) 1 : 0.000010 0.000010 0.000010 0.000010 0.000010 0.999940 0.000010
13 13 (0) 1 : 0.000010 0.000010 0.000010 0.000010 0.000010 0.999940 0.000010
14 14 (0) 1 : 0.000010 0.000010 0.000010 0.000010 0.000010 0.999940 0.000010
15 15 (0) 1 : 0.000010 0.000010 0.000010 0.000010 0.000010 0.999940 0.000010
16 16 (0) 1 : 0.000010 0.000010 0.000010 0.000010 0.000010 0.999940 0.000010
17 17 (0) 1 : 0.000010 0.000010 0.000010 0.000010 0.000010 0.999940 0.000010
18 18 (0) 1 : 0.000010 0.000010 0.000010 0.000010 0.000010 0.999940 0.000010
19 19 (0) 1 : 0.000010 0.000010 0.000010 0.000010 0.000010 0.999940 0.000010
20 20 (0) 1 : 0.000010 0.000010 0.000010 0.000010 0.000010 0.999940 0.000010
21 21 (0) 1 : 0.000010 0.000010 0.000010 0.000010 0.000010 0.999940 0.000010
22 22 (0) 1 : 0.000010 0.000010 0.000010 0.000010 0.000010 0.999940 0.000010
23 23 (0) 1 : 0.000010 0.000010 0.000010 0.000010 0.000010 0.999940 0.000010
24 24 (0) 1 : 0.000010 0.000010 0.000010 0.000010 0.000010 0.999940 0.000010
25 25 (0) 1 : 0.000010 0.000010 0.000010 0.000010 0.000010 0.999940 0.000010
26 26 (0) 1 : 0.000010 0.000010 0.000010 0.000010 0.000010 0.999940 0.000010
27 27 (0) 1 : 0.000010 0.000010 0.000010 0.000010 0.000010 0.999940 0.000010
28 28 (0) 1 : 0.000010 0.000010 0.000010 0.000010 0.000010 0.999940 0.000010
29 29 (0) 1 : 0.000010 0.000010 0.000010 0.000010 0.000010 0.999940 0.000010
30 30 (0) 1 : 0.000010 0.000010 0.000010 0.000010 0.000010 0.999940 0.000010
31 31 (0) 1 : 0.000010 0.000015 0.000010 0.000010 0.000010 0.999935 0.000010
32 32 (0) 1 : 0.000010 0.000010 0.000010 0.000010 0.000010 0.999940 0.000010
33 33 (0) 1 : 0.000010 0.000010 0.000010 0.000010 0.000010 0.999940 0.000010
34 34 (0) 1 : 0.000010 0.000010 0.000010 0.000010 0.000010 0.999940 0.000010
35 35 (0) 1 : 0.000010 0.000010 0.000010 0.000010 0.000010 0.999940 0.000010
36 36 (0) 1 : 0.605724 0.000010 0.000010 0.394226 0.000010 0.000010 0.000010
37 37 (0) 1 : 0.999940 0.000010 0.000010 0.000010 0.000010 0.000010 0.000010
38 38 (0) 1 : 0.999940 0.000010 0.000010 0.000010 0.000010 0.000010 0.000010
39 39 (0) 1 : 0.003353 0.000010 0.000010 0.996597 0.000010 0.000010 0.000010
40 40 (0) 1 : 0.385050 0.000018 0.000012 0.614883 0.000010 0.000018 0.000010
41 41 (0) 1 : 0.842081 0.000010 0.000010 0.157869 0.000010 0.000010 0.000010
42 42 (0) 1 : 0.274938 0.000010 0.000010 0.725012 0.000010 0.000010 0.000010
43 43 (0) 1 : 0.055002 0.000010 0.000010 0.944948 0.000010 0.000010 0.000010
44 44 (0) 1 : 0.389132 0.000012 0.000010 0.610811 0.000010 0.000016 0.000010
45 45 (0) 1 : 0.196427 0.000013 0.000020 0.803509 0.000011 0.000010 0.000010
46 46 (0) 1 : 0.999940 0.000010 0.000010 0.000010 0.000010 0.000010 0.000010
47 47 (0) 1 : 0.999940 0.000010 0.000010 0.000010 0.000010 0.000010 0.000010
48 48 (0) 1 : 0.999940 0.000010 0.000010 0.000010 0.000010 0.000010 0.000010
49 49 (0) 1 : 0.314526 0.000010 0.000010 0.685421 0.000014 0.000010 0.000010
50 50 (0) 1 : 0.999940 0.000010 0.000010 0.000010 0.000010 0.000010 0.000010
51 51 (0) 1 : 0.633374 0.000010 0.000010 0.366576 0.000010 0.000010 0.000010
52 52 (0) 1 : 0.999940 0.000010 0.000010 0.000010 0.000010 0.000010 0.000010
53 53 (0) 1 : 0.000010 0.000010 0.000010 0.999940 0.000010 0.000010 0.000010
54 54 (0) 1 : 0.000010 0.000010 0.000010 0.999940 0.000010 0.000010 0.000010
55 55 (0) 1 : 0.447914 0.000010 0.000010 0.552036 0.000010 0.000010 0.000010
56 56 (0) 1 : 0.999940 0.000010 0.000010 0.000010 0.000010 0.000010 0.000010
57 57 (0) 1 : 0.000010 0.000010 0.000010 0.999940 0.000010 0.000010 0.000010
58 58 (0) 1 : 0.304733 0.000010 0.000016 0.695211 0.000010 0.000010 0.000010
59 59 (0) 1 : 0.309381 0.000010 0.000010 0.690569 0.000010 0.000010 0.000010
60 60 (0) 1 : 0.000010 0.000010 0.000010 0.999936 0.000014 0.000010 0.000010
61 61 (0) 1 : 0.000010 0.000010 0.000010 0.999940 0.000010 0.000010 0.000010
62 62 (0) 1 : 0.999940 0.000010 0.000010 0.000010 0.000010 0.000010 0.000010
63 63 (0) 1 : 0.641547 0.000010 0.000010 0.358399 0.000014 0.000010 0.000010
64 64 (0) 1 : 0.000010 0.000010 0.000010 0.999940 0.000010 0.000010 0.000010
65 65 (0) 1 : 0.275621 0.000010 0.000010 0.724329 0.000010 0.000010 0.000010
66 66 (0) 1 : 0.000010 0.000010 0.000010 0.999940 0.000010 0.000010 0.000010
67 67 (0) 1 : 0.105658 0.000018 0.000016 0.894273 0.000010 0.000015 0.000010
68 68 (0) 1 : 0.999940 0.000010 0.000010 0.000010 0.000010 0.000010 0.000010
69 69 (0) 1 : 0.529821 0.000010 0.000010 0.470129 0.000010 0.000010 0.000010
70 70 (0) 1 : 0.850792 0.000010 0.000014 0.149151 0.000013 0.000010 0.000010
71 71 (0) 1 : 0.683823 0.000012 0.000010 0.316126 0.000010 0.000010 0.000010
72 72 (0) 1 : 0.000010 0.000010 0.000010 0.999940 0.000010 0.000010 0.000010
73 73 (0) 1 : 0.000010 0.000010 0.000010 0.999940 0.000010 0.000010 0.000010
74 74 (0) 1 : 0.286669 0.000010 0.000010 0.713281 0.000010 0.000010 0.000010
75 75 (0) 1 : 0.404977 0.000010 0.000011 0.594970 0.000012 0.000010 0.000010
76 76 (0) 1 : 0.999940 0.000010 0.000010 0.000010 0.000010 0.000010 0.000010
77 77 (0) 1 : 0.999939 0.000010 0.000011 0.000010 0.000010 0.000010 0.000010
78 78 (0) 1 : 0.000010 0.000010 0.000010 0.000010 0.000010 0.000010 0.999940
79 79 (0) 1 : 0.000010 0.999930 0.000011 0.000019 0.000010 0.000010 0.000010
80 80 (0) 1 : 0.000010 0.999938 0.000012 0.000010 0.000010 0.000010 0.000010
81 81 (0) 1 : 0.000010 0.999940 0.000010 0.000010 0.000010 0.000010 0.000010
82 82 (0) 1 : 0.000010 0.000010 0.000010 0.000010 0.000010 0.000010 0.999940
83 83 (0) 1 : 0.000010 0.000010 0.000010 0.000010 0.000010 0.000010 0.999940
84 84 (0) 1 : 0.000010 0.000010 0.000010 0.000010 0.000010 0.000010 0.999940
85 85 (0) 1 : 0.000010 0.999937 0.000010 0.000013 0.000010 0.000010 0.000010
86 86 (0) 1 : 0.000010 0.999940 0.000010 0.000010 0.000010 0.000010 0.000010
87 87 (0) 1 : 0.000019 0.632762 0.000010 0.000010 0.000010 0.000010 0.367179
88 88 (0) 1 : 0.000010 0.000010 0.000010 0.000010 0.000010 0.000010 0.999940
89 89 (0) 1 : 0.000010 0.999940 0.000010 0.000010 0.000010 0.000010 0.000010
90 90 (0) 1 : 0.000010 0.000010 0.000010 0.000010 0.000010 0.000010 0.999940
91 91 (0) 1 : 0.000010 0.999940 0.000010 0.000010 0.000010 0.000010 0.000010
92 92 (0) 1 : 0.000010 0.999940 0.000010 0.000010 0.000010 0.000010 0.000010
93 93 (0) 1 : 0.000010 0.999940 0.000010 0.000010 0.000010 0.000010 0.000010
94 94 (0) 1 : 0.000010 0.000010 0.000010 0.000010 0.000010 0.000010 0.999940
95 95 (0) 1 : 0.000010 0.000010 0.000010 0.000010 0.000010 0.000010 0.999940
96 96 (0) 1 : 0.000012 0.000010 0.000012 0.000010 0.999936 0.000010 0.000010
97 97 (0) 1 : 0.000010 0.000010 0.000010 0.000010 0.999940 0.000010 0.000010
98 98 (0) 1 : 0.000010 0.000010 0.000010 0.000015 0.999934 0.000011 0.000010
99 99 (0) 1 : 0.000010 0.000010 0.000010 0.000010 0.999940 0.000010 0.000010
100 100 (0) 1 : 0.000010 0.000010 0.000010 0.000010 0.999940 0.000010 0.000010
101 101 (0) 1 : 0.000014 0.000010 0.000011 0.000015 0.999928 0.000012 0.000010
102 102 (0) 1 : 0.000010 0.000010 0.000010 0.000010 0.999938 0.000012 0.000010
103 103 (0) 1 : 0.000015 0.000010 0.000010 0.000010 0.999935 0.000010 0.000010
104 104 (0) 1 : 0.000010 0.000010 0.000011 0.000010 0.999939 0.000010 0.000010
105 105 (0) 1 : 0.000013 0.000010 0.000010 0.000018 0.999929 0.000010 0.000010
106 106 (0) 1 : 0.000010 0.000010 0.000010 0.000010 0.999940 0.000010 0.000010
107 107 (0) 1 : 0.000012 0.000010 0.000010 0.000010 0.999938 0.000010 0.000010
108 108 (0) 1 : 0.000010 0.000012 0.000010 0.000010 0.999938 0.000010 0.000010
109 109 (0) 1 : 0.000010 0.000011 0.000013 0.000010 0.999934 0.000012 0.000010
110 110 (0) 1 : 0.000010 0.000010 0.000010 0.000010 0.999940 0.000010 0.000010
111 111 (0) 1 : 0.000010 0.000010 0.000010 0.000011 0.999939 0.000010 0.000010
112 112 (0) 1 : 0.000010 0.000010 0.000010 0.000010 0.999940 0.000010 0.000010
113 113 (0) 1 : 0.000010 0.000010 0.000010 0.000010 0.999939 0.000011 0.000010
114 114 (0) 1 : 0.000010 0.000016 0.999915 0.000020 0.000019 0.000010 0.000010
115 115 (0) 1 : 0.000010 0.000010 0.999940 0.000010 0.000010 0.000010 0.000010
116 116 (0) 1 : 0.000010 0.000010 0.999931 0.000010 0.000019 0.000010 0.000010
117 117 (0) 1 : 0.000010 0.000016 0.999934 0.000010 0.000010 0.000010 0.000010
118 118 (0) 1 : 0.000018 0.000010 0.999932 0.000010 0.000010 0.000010 0.000010
119 119 (0) 1 : 0.000010 0.000010 0.999940 0.000010 0.000010 0.000010 0.000010
120 120 (0) 1 : 0.000010 0.000010 0.999940 0.000010 0.000010 0.000010 0.000010
121 121 (0) 1 : 0.000010 0.000015 0.999933 0.000010 0.000013 0.000010 0.000010
1 1 (0) 1 : 0.999932 0.000010 0.000010 0.000010 0.000010 0.000018 0.000010
2 2 (0) 1 : 0.999940 0.000010 0.000010 0.000010 0.000010 0.000010 0.000010
3 3 (0) 1 : 0.999940 0.000010 0.000010 0.000010 0.000010 0.000010 0.000010
4 4 (0) 1 : 0.999933 0.000010 0.000010 0.000011 0.000010 0.000016 0.000010
5 5 (0) 1 : 0.999939 0.000010 0.000010 0.000010 0.000010 0.000011 0.000010
6 6 (0) 1 : 0.999940 0.000010 0.000010 0.000010 0.000010 0.000010 0.000010
7 7 (0) 1 : 0.999937 0.000010 0.000010 0.000013 0.000010 0.000010 0.000010
8 8 (0) 1 : 0.999940 0.000010 0.000010 0.000010 0.000010 0.000010 0.000010
9 9 (0) 1 : 0.999938 0.000010 0.000010 0.000012 0.000010 0.000010 0.000010
10 10 (0) 1 : 0.999940 0.000010 0.000010 0.000010 0.000010 0.000010 0.000010
11 11 (0) 1 : 0.999940 0.000010 0.000010 0.000010 0.000010 0.000010 0.000010
12 12 (0) 1 : 0.999940 0.000010 0.000010 0.000010 0.000010 0.000010 0.000010
13 13 (0) 1 : 0.999940 0.000010 0.000010 0.000010 0.000010 0.000010 0.000010
14 14 (0) 1 : 0.999933 0.000010 0.000010 0.000010 0.000017 0.000010 0.000010
15 15 (0) 1 : 0.999939 0.000010 0.000010 0.000010 0.000010 0.000010 0.000010
16 16 (0) 1 : 0.999940 0.000010 0.000010 0.000010 0.000010 0.000010 0.000010
17 17 (0) 1 : 0.999940 0.000010 0.000010 0.000010 0.000010 0.000010 0.000010
18 18 (0) 1 : 0.999936 0.000010 0.000010 0.000010 0.000010 0.000013 0.000010
19 19 (0) 1 : 0.999940 0.000010 0.000010 0.000010 0.000010 0.000010 0.000010
20 20 (0) 1 : 0.999939 0.000010 0.000010 0.000010 0.000010 0.000011 0.000010
21 21 (0) 1 : 0.999940 0.000010 0.000010 0.000010 0.000010 0.000010 0.000010
22 22 (0) 1 : 0.999940 0.000010 0.000010 0.000010 0.000010 0.000010 0.000010
23 23 (0) 1 : 0.999940 0.000010 0.000010 0.000010 0.000010 0.000010 0.000010
24 24 (0) 1 : 0.999937 0.000010 0.000010 0.000013 0.000010 0.000010 0.000010
25 25 (0) 1 : 0.999940 0.000010 0.000010 0.000010 0.000010 0.000010 0.000010
26 26 (0) 1 : 0.999930 0.000020 0.000010 0.000010 0.000010 0.000010 0.000010
27 27 (0) 1 : 0.999924 0.000016 0.000010 0.000010 0.000010 0.000019 0.000010
28 28 (0) 1 : 0.999940 0.000010 0.000010 0.000010 0.000010 0.000010 0.000010
29 29 (0) 1 : 0.999940 0.000010 0.000010 0.000010 0.000010 0.000010 0.000010
30 30 (0) 1 : 0.999940 0.000010 0.000010 0.000010 0.000010 0.000010 0.000010
31 31 (0) 1 : 0.999940 0.000010 0.000010 0.000010 0.000010 0.000010 0.000010
32 32 (0) 1 : 0.999940 0.000010 0.000010 0.000010 0.000010 0.000010 0.000010
33 33 (0) 1 : 0.999937 0.000010 0.000010 0.000013 0.000010 0.000010 0.000010
34 34 (0) 1 : 0.999938 0.000012 0.000010 0.000010 0.000010 0.000010 0.000010
35 35 (0) 1 : 0.999926 0.000017 0.000010 0.000010 0.000010 0.000017 0.000010
36 36 (0) 1 : 0.000010 0.000010 0.608831 0.000010 0.391119 0.000010 0.000010
37 37 (0) 1 : 0.000010 0.000010 0.999940 0.000010 0.000010 0.000010 0.000010
38 38 (0) 1 : 0.000016 0.000010 0.999934 0.000010 0.000010 0.000010 0.000010
39 39 (0) 1 : 0.000010 0.000010 0.005300 0.000010 0.994650 0.000010 0.000010
40 40 (0) 1 : 0.000011 0.000010 0.378892 0.000010 0.621056 0.000010 0.000010
41 41 (0) 1 : 0.000010 0.000010 0.824003 0.000010 0.175947 0.000010 0.000010
42 42 (0) 1 : 0.000010 0.000010 0.268305 0.000010 0.731645 0.000010 0.000010
43 43 (0) 1 : 0.000010 0.000010 0.040267 0.000010 0.959683 0.000010 0.000010
44 44 (0) 1 : 0.000010 0.000013 0.565335 0.000010 0.434612 0.000010 0.000010
45 45 (0) 1 : 0.000010 0.000013 0.185036 0.000010 0.814906 0.000014 0.000010
46 46 (0) 1 : 0.000010 0.000011 0.999939 0.000010 0.000010 0.000010 0.000010
47 47 (0) 1 : 0.000010 0.000010 0.999940 0.000010 0.000010 0.000010 0.000010
48 48 (0) 1 : 0.000010 0.000010 0.999940 0.000010 0.000010 0.000010 0.000010
49 49 (0) 1 : 0.000010 0.000010 0.334706 0.000010 0.665244 0.000010 0.000010
50 50 (0) 1 : 0.000010 0.000010 0.999940 0.000010 0.000010 0.000010 0.000010
51 51 (0) 1 : 0.000010 0.000010 0.632090 0.000010 0.367860 0.000010 0.000010
52 52 (0) 1 : 0.000010 0.000010 0.999940 0.000010 0.000010 0.000010 0.000010
53 53 (0) 1 : 0.000010 0.000012 0.000010 0.000010 0.999938 0.000010 0.000010
54 54 (0) 1 : 0.000010 0.000010 0.000010 0.000010 0.999940 0.000010 0.000010
55 55 (0) 1 : 0.000010 0.000010 0.463705 0.000010 0.536245 0.000010 0.000010
56 56 (0) 1 : 0.000010 0.000010 0.999940 0.000010 0.000010 0.000010 0.000010
57 57 (0) 1 : 0.000010 0.000010 0.000010 0.000010 0.999940 0.000010 0.000010
58 58 (0) 1 : 0.000010 0.000019 0.304460 0.000010 0.695481 0.000010 0.000010
59 59 (0) 1 : 0.000010 0.000010 0.322548 0.000010 0.677402 0.000010 0.000010
60 60 (0) 1 : 0.000010 0.000010 0.000010 0.000010 0.999940 0.000010 0.000010
61 61 (0) 1 : 0.000010 0.000010 0.000010 0.000010 0.999940 0.000010 0.000010
62 62 (0) 1 : 0.000010 0.000010 0.999940 0.000010 0.000010 0.000010 0.000010
63 63 (0) 1 : 0.000020 0.000010 0.650244 0.000014 0.349689 0.000013 0.000010
64 64 (0) 1 : 0.000010 0.000010 0.000010 0.000010 0.999940 0.000010 0.000010
65 65 (0) 1 : 0.000010 0.000010 0.277823 0.000010 0.722125 0.000012 0.000010
66 66 (0) 1 : 0.000010 0.000010 0.000010 0.000010 0.999940 0.000010 0.000010
67 67 (0) 1 : 0.000010 0.000010 0.118456 0.000010 0.881494 0.000010 0.000010
68 68 (0) 1 : 0.000010 0.000010 0.999940 0.000010 0.000010 0.000010 0.000010
69 69 (0) 1 : 0.000010 0.000010 0.397411 0.000011 0.602538 0.000010 0.000010
70 70 (0) 1 : 0.000010 0.000010 0.878597 0.000010 0.121353 0.000010 0.000010
71 71 (0) 1 : 0.000010 0.000011 0.692721 0.000012 0.307226 0.000010 0.000010
72 72 (0) 1 : 0.000010 0.000010 0.000010 0.000010 0.999940 0.000010 0.000010
73 73 (0) 1 : 0.000010 0.000010 0.000019 0.000010 0.999931 0.000010 0.000010
74 74 (0) 1 : 0.000010 0.000010 0.281541 0.000010 0.718409 0.000010 0.000010
75 75 (0) 1 : 0.000010 0.000010 0.385543 0.000010 0.614407 0.000010 0.000010
76 76 (0) 1 : 0.000010 0.000010 0.999940 0.000010 0.000010 0.000010 0.000010
77 77 (0) 1 : 0.000010 0.000010 0.999940 0.000010 0.000010 0.000010 0.000010
78 78 (0) 1 : 0.000010 0.999940 0.000010 0.000010 0.000010 0.000010 0.000010
79 79 (0) 1 : 0.000010 0.999940 0.000010 0.000010 0.000010 0.000010 0.000010
80 80 (0) 1 : 0.000011 0.000010 0.000010 0.000010 0.000010 0.000010 0.999939
81 81 (0) 1 : 0.000010 0.000010 0.000010 0.000010 0.000010 0.000010 0.999940
82 82 (0) 1 : 0.000010 0.000010 0.000010 0.000010 0.000010 0.000010 0.999940
83 83 (0) 1 : 0.000010 0.999939 0.000010 0.000011 0.000010 0.000010 0.000010
84 84 (0) 1 : 0.000010 0.000010 0.000010 0.000010 0.000010 0.000010 0.999940
85 85 (0) 1 : 0.000010 0.999940 0.000010 0.000010 0.000010 0.000010 0.000010
86 86 (0) 1 : 0.000010 0.000010 0.000010 0.000010 0.000010 0.000010 0.999940
87 87 (0) 1 : 0.000018 0.000010 0.000012 0.000017 0.000010 0.000010 0.999924
88 88 (0) 1 : 0.000010 0.000010 0.000010 0.000010 0.000010 0.000010 0.999940
89 89 (0) 1 : 0.000010 0.999940 0.000010 0.000010 0.000010 0.000010 0.000010
90 90 (0) 1 : 0.000010 0.000010 0.000010 0.000010 0.000010 0.000010 0.999940
91 91 (0) 1 : 0.000010 0.000010 0.000010 0.000010 0.000010 0.000010 0.999940
92 92 (0) 1 : 0.000010 0.000010 0.000010 0.000010 0.000010 0.000010 0.999940
93 93 (0) 1 : 0.000012 0.000010 0.000010 0.000019 0.000010 0.000010 0.999929
94 94 (0) 1 : 0.000010 0.999940 0.000010 0.000010 0.000010 0.000010 0.000010
95 95 (0) 1 : 0.000011 0.999939 0.000010 0.000010 0.000010 0.000010 0.000010
96 96 (0) 1 : 0.000010 0.000010 0.000010 0.999940 0.000010 0.000010 0.000010
97 97 (0) 1 : 0.000010 0.000010 0.000010 0.999940 0.000010 0.000010 0.000010
98 98 (0) 1 : 0.000012 0.000016 0.000017 0.999925 0.000010 0.000010 0.000010
99 99 (0) 1 : 0.000010 0.000010 0.000010 0.999933 0.000017 0.000010 0.000010
100 100 (0) 1 : 0.000010 0.000010 0.000019 0.999931 0.000010 0.000010 0.000010
101 101 (0) 1 : 0.000016 0.000012 0.000010 0.999931 0.000010 0.000010 0.000010
102 102 (0) 1 : 0.000010 0.000010 0.000010 0.999935 0.000015 0.000010 0.000010
103 103 (0) 1 : 0.000011 0.000010 0.000020 0.999930 0.000010 0.000010 0.000010
104 104 (0) 1 : 0.000010 0.000010 0.000010 0.999936 0.000014 0.000010 0.000010
105 105 (0) 1 : 0.000015 0.000010 0.000017 0.999921 0.000017 0.000010 0.000010
106 106 (0) 1 : 0.000010 0.000011 0.000010 0.999932 0.000017 0.000010 0.000010
107 107 (0) 1 : 0.000018 0.000010 0.000010 0.999921 0.000020 0.000011 0.000010
108 108 (0) 1 : 0.000010 0.000010 0.000010 0.999940 0.000010 0.000010 0.000010
109 109 (0) 1 : 0.000010 0.000010 0.000010 0.999940 0.000010 0.000010 0.000010
110 110 (0) 1 : 0.000013 0.000010 0.000017 0.999930 0.000010 0.000010 0.000010
111 111 (0) 1 : 0.000010 0.000010 0.000010 0.999940 0.000010 0.000010 0.000010
112 112 (0) 1 : 0.000010 0.000010 0.000010 0.999934 0.000016 0.000010 0.000010
113 113 (0) 1 : 0.000010 0.000010 0.000010 0.999940 0.000010 0.000010 0.000010
114 114 (0) 1 : 0.000010 0.000017 0.000010 0.000010 0.000010 0.999933 0.000010
115 115 (0) 1 : 0.000010 0.000016 0.000010 0.000010 0.000010 0.999934 0.000010
116 116 (0) 1 : 0.000010 0.000015 0.000010 0.000010 0.000010 0.999935 0.000010
117 117 (0) 1 : 0.000010 0.000010 0.000010 0.000010 0.000010 0.999940 0.000010
118 118 (0) 1 : 0.000010 0.000010 0.000010 0.000010 0.000010 0.999940 0.000010
119 119 (0) 1 : 0.000010 0.000010 0.000010 0.000010 0.000010 0.999940 0.000010
120 120 (0) 1 : 0.000010 0.000010 0.000010 0.000010 0.000010 0.999940 0.000010
121 121 (0) 1 : 0.000010 0.000010 0.000010 0.000010 0.000010 0.999940 0.000010
1 1 (0) 1 : 0.000010 0.000010 0.999940 0.000010 0.000010 0.000010 0.000010
2 2 (0) 1 : 0.000010 0.000010 0.999940 0.000010 0.000010 0.000010 0.000010
3 3 (0) 1 : 0.000010 0.000010 0.999940 0.000010 0.000010 0.000010 0.000010
4 4 (0) 1 : 0.000010 0.000010 0.999940 0.000010 0.000010 0.000010 0.000010
5 5 (0) 1 : 0.000010 0.000010 0.999940 0.000010 0.000010 0.000010 0.000010
6 6 (0) 1 : 0.000011 0.000010 0.999939 0.000010 0.000010 0.000010 0.000010
7 7 (0) 1 : 0.000010 0.000010 0.999940 0.000010 0.000010 0.000010 0.000010
8 8 (0) 1 : 0.000010 0.000010 0.999940 0.000010 0.000010 0.000010 0.000010
9 9 (0) 1 : 0.000010 0.000010 0.999940 0.000010 0.000010 0.000010 0.000010
10 10 (0) 1 : 0.000010 0.000010 0.999940 0.000010 0.000010 0.000010 0.000010
11 11 (0) 1 : 0.000010 0.000010 0.999940 0.000010 0.000010 0.000010 0.000010
12 12 (0) 1 : 0.000010 0.000010 0.999940 0.000010 0.000010 0.000010 0.000010
13 13 (0) 1 : 0.000010 0.000010 0.999940 0.000010 0.000010 0.000010 0.000010
14 14 (0) 1 : 0.000010 0.000010 0.999940 0.000010 0.000010 0.000010 0.000010
15 15 (0) 1 : 0.000010 0.000010 0.999940 0.000010 0.000010 0.000010 0.000010
16 16 (0) 1 : 0.000010 0.000010 0.999940 0.000010 0.000010 0.000010 0.000010
17 17 (0) 1 : 0.000010 0.000010 0.999940 0.000010 0.000010 0.000010 0.000010
18 18 (0) 1 : 0.000010 0.000010 0.999940 0.000010 0.000010 0.000010 0.000010
19 19 (0) 1 : 0.000010 0.000010 0.999940 0.000010 0.000010 0.000010 0.000010
20 20 (0) 1 : 0.000015 0.000010 0.999935 0.000010 0.000010 0.000010 0.000010
21 21 (0) 1 : 0.000010 0.000010 0.999940 0.000010 0.000010 0.000010 0.000010
22 22 (0) 1 : 0.000014 0.000010 0.999936 0.000010 0.000010 0.000010 0.000010
23 23 (0) 1 : 0.000010 0.000010 0.999940 0.000010 0.000010 0.000010 0.000010
24 24 (0) 1 : 0.000010 0.000010 0.999940 0.000010 0.000010 0.000010 0.000010
25 25 (0) 1 : 0.000010 0.000010 0.999940 0.000010 0.000010 0.000010 0.000010
26 26 (0) 1 : 0.000010 0.000010 0.999940 0.000010 0.000010 0.000010 0.000010
27 27 (0) 1 : 0.000010 0.000010 0.999937 0.000010 0.000013 0.000010 0.000010
28 28 (0) 1 : 0.000010 0.000011 0.999939 0.000010 0.000010 0.000010 0.000010
29 29 (0) 1 : 0.000010 0.000010 0.999940 0.000010 0.000010 0.000010 0.000010
30 30 (0) 1 : 0.000010 0.000010 0.999940 0.000010 0.000010 0.000010 0.000010
31 31 (0) 1 : 0.000010 0.000010 0.999940 0.000010 0.000010 0.000010 0.000010
32 32 (0) 1 : 0.000018 0.000010 0.999932 0.000010 0.000010 0.000010 0.000010
33 33 (0) 1 : 0.000010 0.000010 0.999940 0.000010 0.000010 0.000010 0.000010
34 34 (0) 1 : 0.000010 0.000010 0.999940 0.000010 0.000010 0.000010 0.000010
35 35 (0) 1 : 0.000010 0.000010 0.999940 0.000010 0.000010 0.000010 0.000010
36 36 (0) 1 : 0.606654 0.000010 0.000010 0.000010 0.000010 0.393296 0.000010
37 37 (0) 1 : 0.999940 0.000010 0.000010 0.000010 0.000010 0.000010 0.000010
38 38 (0) 1 : 0.999940 0.000010 0.000010 0.000010 0.000010 0.000010 0.000010
39 39 (0) 1 : 0.000010 0.000010 0.000010 0.000010 0.000010 0.999940 0.000010
40 40 (0) 1 : 0.377435 0.000010 0.000010 0.000010 0.000010 0.622515 0.000010
41 41 (0) 1 : 0.845554 0.000010 0.000010 0.000010 0.000010 0.154396 0.000010
42 42 (0) 1 : 0.251669 0.000010 0.000010 0.000010 0.000010 0.748281 0.000010
43 43 (0) 1 : 0.112368 0.000020 0.000010 0.000019 0.000010 0.887563 0.000010
44 44 (0) 1 : 0.367466 0.000010 0.000015 0.000010 0.000010 0.632479 0.000010
45 45 (0) 1 : 0.204496 0.000010 0.000010 0.000010 0.000010 0.795454 0.000010
46 46 (0) 1 : 0.999940 0.000010 0.000010 0.000010 0.000010 0.000010 0.000010
47 47 (0) 1 : 0.999934 0.000016 0.000010 0.000010 0.000010 0.000010 0.000010
48 48 (0) 1 : 0.999940 0.000010 0.000010 0.000010 0.000010 0.000010 0.000010
49 49 (0) 1 : 0.297859 0.000010 0.000010 0.000010 0.000010 0.702091 0.000010
50 50 (0) 1 : 0.999940 0.000010 0.000010 0.000010 0.000010 0.000010 0.000010
51 51 (0) 1 : 0.627075 0.000010 0.000010 0.000010 0.000010 0.372875 0.000010
52 52 (0) 1 : 0.999940 0.000010 0.000010 0.000010 0.000010 0.000010 0.000010
53 53 (0) 1 : 0.000010 0.000010 0.000010 0.000010 0.000010 0.999940 0.000010
54 54 (0) 1 : 0.000010 0.000010 0.000010 0.000010 0.000010 0.999940 0.000010
55 55 (0) 1 : 0.432178 0.000010 0.000010 0.000010 0.000010 0.567772 0.000010
56 56 (0) 1 : 0.999940 0.000010 0.000010 0.000010 0.000010 0.000010 0.000010
57 57 (0) 1 : 0.000010 0.000010 0.000010 0.000010 0.000010 0.999940 0.000010
58 58 (0) 1 : 0.312917 0.000010 0.000019 0.000010 0.000010 0.687024 0.000010
59 59 (0) 1 : 0.266651 0.000010 0.000010 0.000010 0.000010 0.733299 0.000010
60 60 (0) 1 : 0.000010 0.000010 0.000010 0.000010 0.000010 0.999940 0.000010
61 61 (0) 1 : 0.000010 0.000010 0.000010 0.000010 0.000010 0.999940 0.000010
62 62 (0) 1 : 0.999935 0.000015 0.000010 0.000010 0.000010 0.000010 0.000010
63 63 (0) 1 : 0.635291 0.000010 0.000010 0.000010 0.000010 0.364659 0.000010
64 64 (0) 1 : 0.000010 0.000010 0.000010 0.000010 0.000010 0.999940 0.000010
65 65 (0) 1 : 0.285699 0.000010 0.000010 0.000010 0.000010 0.714251 0.000010
66 66 (0) 1 : 0.000010 0.000010 0.000010 0.000010 0.000010 0.999940 0.000010
67 67 (0) 1 : 0.133349 0.000010 0.000010 0.000010 0.000010 0.866601 0.000010
68 68 (0) 1 : 0.999940 0.000010 0.000010 0.000010 0.000010 0.000010 0.000010
69 69 (0) 1 : 0.535098 0.000010 0.000010 0.000010 0.000010 0.464852 0.000010
70 70 (0) 1 : 0.819667 0.000010 0.000010 0.000010 0.000010 0.180283 0.000010
71 71 (0) 1 : 0.685036 0.000010 0.000010 0.000010 0.000010 0.314914 0.000010
72 72 (0) 1 : 0.000010 0.000010 0.000010 0.000010 0.000010 0.999940 0.000010
73 73 (0) 1 : 0.000010 0.000010 0.000010 0.000010 0.000010 0.999940 0.000010
74 74 (0) 1 : 0.290914 0.000010 0.000010 0.000010 0.000010 0.709036 0.000010
75 75 (0) 1 : 0.412452 0.000010 0.000010 0.000010 0.000010 0.587498 0.000010
76 76 (0) 1 : 0.999940 0.000010 0.000010 0.000010 0.000010 0.000010 0.000010
77 77 (0) 1 : 0.999940 0.000010 0.000010 0.000010 0.000010 0.000010 0.000010
78 78 (0) 1 : 0.000010 0.000010 0.000011 0.999939 0.000010 0.000010 0.000010
79 79 (0) 1 : 0.000010 0.000011 0.000010 0.999939 0.000010 0.000010 0.000010
80 80 (0) 1 : 0.000010 0.000010 0.000010 0.000010 0.999940 0.000010 0.000010
81 81 (0) 1 : 0.000010 0.000010 0.000010 0.000010 0.999940 0.000010 0.000010
82 82 (0) 1 : 0.000010 0.000010 0.000010 0.000010 0.999940 0.000010 0.000010
83 83 (0) 1 : 0.000010 0.000010 0.000010 0.399182 0.600768 0.000010 0.000010
84 84 (0) 1 : 0.000010 0.000010 0.000010 0.000010 0.999940 0.000010 0.000010
85 85 (0) 1 : 0.000010 0.000010 0.000010 0.999940 0.000010 0.000010 0.000010
86 86 (0) 1 : 0.000010 0.000010 0.000010 0.000010 0.999940 0.000010 0.000010
87 87 (0) 1 : 0.000010 0.000010 0.000010 0.999940 0.000010 0.000010 0.000010
88 88 (0) 1 : 0.000010 0.000010 0.000010 0.000010 0.999940 0.000010 0.000010
89 89 (0) 1 : 0.000010 0.000010 0.000010 0.999940 0.000010 0.000010 0.000010
90 90 (0) 1 : 0.000010 0.000010 0.000010 0.999940 0.000010 0.000010 0.000010
91 91 (0) 1 : 0.000010 0.000010 0.000010 0.000010 0.999940 0.000010 0.000010
92 92 (0) 1 : 0.000010 0.000010 0.000010 0.000010 0.999940 0.000010 0.000010
93 93 (0) 1 : 0.000010 0.000010 0.000010 0.000010 0.999940 0.000010 0.000010
94 94 (0) 1 : 0.000010 0.000010 0.000010 0.999940 0.000010 0.000010 0.000010
95 95 (0) 1 : 0.000010 0.000010 0.000010 0.999940 0.000010 0.000010 0.000010
96 96 (0) 1 : 0.000011 0.999939 0.000010 0.000010 0.000010 0.000010 0.000010
97 97 (0) 1 : 0.000010 0.999940 0.000010 0.000010 0.000010 0.000010 0.000010
98 98 (0) 1 : 0.000010 0.999940 0.000010 0.000010 0.000010 0.000010 0.000010
99 99 (0) 1 : 0.000010 0.999940 0.000010 0.000010 0.000010 0.000010 0.000010
100 100 (0) 1 : 0.000010 0.999931 0.000010 0.000019 0.000010 0.000010 0.000010
101 101 (0) 1 : 0.000010 0.999940 0.000010 0.000010 0.000010 0.000010 0.000010
102 102 (0) 1 : 0.000010 0.999940 0.000010 0.000010 0.000010 0.000010 0.000010
103 103 (0) 1 : 0.000010 0.999929 0.000010 0.000020 0.000010 0.000012 0.000010
104 104 (0) 1 : 0.000010 0.999940 0.000010 0.000010 0.000010 0.000010 0.000010
105 105 (0) 1 : 0.000010 0.999940 0.000010 0.000010 0.000010 0.000010 0.000010
106 106 (0) 1 : 0.000010 0.999940 0.000010 0.000010 0.000010 0.000010 0.000010
107 107 (0) 1 : 0.000010 0.999940 0.000010 0.000010 0.000010 0.000010 0.000010
108 108 (0) 1 : 0.000010 0.999940 0.000010 0.000010 0.000010 0.000010 0.000010
109 109 (0) 1 : 0.000015 0.999935 0.000010 0.000010 0.000010 0.000010 0.000010
110 110 (0) 1 : 0.000010 0.999940 0.000010 0.000010 0.000010 0.000010 0.000010
111 111 (0) 1 : 0.000010 0.999940 0.000010 0.000010 0.000010 0.000010 0.000010
112 112 (0) 1 : 0.000010 0.999940 0.000010 0.000010 0.000010 0.000010 0.000010
113 113 (0) 1 : 0.000010 0.999940 0.000010 0.000010 0.000010 0.000010 0.000010
114 114 (0) 1 : 0.000010 0.000010 0.000010 0.000010 0.000010 0.000010 0.999940
115 115 (0) 1 : 0.000010 0.000010 0.000010 0.000010 0.000010 0.000010 0.999940
116 116 (0) 1 : 0.000010 0.000010 0.000010 0.000010 0.000010 0.000010 0.999940
117 117 (0) 1 : 0.000010 0.000010 0.000010 0.000010 0.000010 0.000010 0.999940
118 118 (0) 1 : 0.000010 0.000010 0.000010 0.000010 0.000010 0.000010 0.999940
119 119 (0) 1 : 0.000010 0.000010 0.000010 0.000010 0.000010 0.000010 0.999940
120 120 (0) 1 : 0.000010 0.000010 0.000010 0.000010 0.000010 0.000010 0.999940
121 121 (0) 1 : 0.000010 0.000010 0.000010 0.000010 0.000010 0.000010 0.999940
1 1 (0) 1 : 0.000010 0.999940 0.000010 0.000010 0.000010 0.000010 0.000010
2 2 (0) 1 : 0.000010 0.999940 0.000010 0.000010 0.000010 0.000010 0.000010
3 3 (0) 1 : 0.000015 0.999925 0.000010 0.000010 0.000010 0.000020 0.000010
4 4 (0) 1 : 0.000010 0.999940 0.000010 0.000010 0.000010 0.000010 0.000010
5 5 (0) 1 : 0.000010 0.999940 0.000010 0.000010 0.000010 0.000010 0.000010
6 6 (0) 1 : 0.000010 0.999940 0.000010 0.000010 0.000010 0.000010 0.000010
7 7 (0) 1 : 0.000010 0.999934 0.000010 0.000010 0.000010 0.000016 0.000010
8 8 (0) 1 : 0.000010 0.999940 0.000010 0.000010 0.000010 0.000010 0.000010
9 9 (0) 1 : 0.000010 0.999940 0.000010 0.000010 0.000010 0.000010 0.000010
10 10 (0) 1 : 0.000010 0.999931 0.000010 0.000013 0.000010 0.000016 0.000010
11 11 (0) 1 : 0.000010 0.999940 0.000010 0.000010 0.000010 0.000010 0.000010
12 12 (0) 1 : 0.000010 0.999940 0.000010 0.000010 0.000010 0.000010 0.000010
13 13 (0) 1 : 0.000010 0.999931 0.000010 0.000010 0.000010 0.000019 0.000010
14 14 (0) 1 : 0.000010 0.999940 0.000010 0.000010 0.000010 0.000010 0.000010
15 15 (0) 1 : 0.000010 0.999940 0.000010 0.000010 0.000010 0.000010 0.000010
16 16 (0) 1 : 0.000012 0.999931 0.000010 0.000016 0.000010 0.000010 0.000010
17 17 (0) 1 : 0.000010 0.999940 0.000010 0.000010 0.000010 0.000010 0.000010
18 18 (0) 1 : 0.000010 0.999940 0.000010 0.000010 0.000010 0.000010 0.000010
19 19 (0) 1 : 0.000010 0.999938 0.000010 0.000012 0.000010 0.000010 0.000010
20 20 (0) 1 : 0.000010 0.999940 0.000010 0.000010 0.000010 0.000010 0.000010
21 21 (0) 1 : 0.000010 0.999931 0.000010 0.000010 0.000010 0.000019 0.000010
22 22 (0) 1 : 0.000010 0.999930 0.000010 0.000020 0.000010 0.000010 0.000010
23 23 (0) 1 : 0.000010 0.999933 0.000010 0.000017 0.000010 0.000010 0.000010
24 24 (0) 1 : 0.000010 0.999940 0.000010 0.000010 0.000010 0.000010 0.000010
25 25 (0) 1 : 0.000010 0.999933 0.000010 0.000010 0.000010 0.000017 0.000010
26 26 (0) 1 : 0.000010 0.999933 0.000010 0.000010 0.000010 0.000017 0.000010
27 27 (0) 1 : 0.000010 0.999940 0.000010 0.000010 0.000010 0.000010 0.000010
28 28 (0) 1 : 0.000010 0.999921 0.000010 0.000017 0.000014 0.000017 0.000010
29 29 (0) 1 : 0.000010 0.999940 0.000010 0.000010 0.000010 0.000010 0.000010
30 30 (0) 1 : 0.000010 0.999940 0.000010 0.000010 0.000010 0.000010 0.000010
31 31 (0) 1 : 0.000010 0.999932 0.000010 0.000018 0.000010 0.000010 0.000010
32 32 (0) 1 : 0.000010 0.999940 0.000010 0.000010 0.000010 0.000010 0.000010
33 33 (0) 1 : 0.000010 0.999940 0.000010 0.000010 0.000010 0.000010 0.000010
34 34 (0) 1 : 0.000010 0.999940 0.000010 0.000010 0.000010 0.000010 0.000010
35 35 (0) 1 : 0.000010 0.999932 0.000010 0.000015 0.000010 0.000014 0.000010
36 36 (0) 1 : 0.000010 0.000010 0.607029 0.000010 0.000010 0.000010 0.392921
37 37 (0) 1 : 0.000010 0.000010 0.999940 0.000010 0.000010 0.000010 0.000010
38 38 (0) 1 : 0.000010 0.000010 0.999940 0.000010 0.000010 0.000010 0.000010
39 39 (0) 1 : 0.000010 0.000010 0.000010 0.000010 0.000010 0.000010 0.999940
40 40 (0) 1 : 0.000010 0.000010 0.384146 0.000010 0.000010 0.000010 0.615804
41 41 (0) 1 : 0.000010 0.000010 0.838358 0.000010 0.000010 0.000010 0.161592
42 42 (0) 1 : 0.000010 0.000010 0.272328 0.000010 0.000011 0.000010 0.727621
43 43 (0) 1 : 0.000010 0.000010 0.051401 0.000010 0.000010 0.000010 0.948549
44 44 (0) 1 : 0.000010 0.000010 0.389222 0.000010 0.000010 0.000010 0.610728
45 45 (0) 1 : 0.000010 0.000014 0.195095 0.000010 0.000010 0.000010 0.804850
46 46 (0) 1 : 0.000010 0.000010 0.999940 0.000010 0.000010 0.000010 0.000010
47 47 (0) 1 : 0.000010 0.000010 0.999940 0.000010 0.000010 0.000010 0.000010
48 48 (0) 1 : 0.000010 0.000010 0.999940 0.000010 0.000010 0.000010 0.000010
49 49 (0) 1 : 0.000010 0.000010 0.319784 0.000010 0.000010 0.000010 0.680166
50 50 (0) 1 : 0.000010 0.000010 0.999940 0.000010 0.000010 0.000010 0.000010
51 51 (0) 1 : 0.000012 0.000010 0.632184 0.000010 0.000010 0.000010 0.367763
52 52 (0) 1 : 0.000010 0.000010 0.999940 0.000010 0.000010 0.000010 0.000010
53 53 (0) 1 : 0.000010 0.000010 0.000010 0.000010 0.000010 0.000010 0.999940
54 54 (0) 1 : 0.000010 0.000010 0.000010 0.000010 0.000014 0.000010 0.999936
55 55 (0) 1 : 0.000010 0.000010 0.447778 0.000010 0.000010 0.000010 0.552172
56 56 (0) 1 : 0.000010 0.000010 0.999940 0.000010 0.000010 0.000010 0.000010
57 57 (0) 1 : 0.000010 0.000010 0.000010 0.000010 0.000010 0.000010 0.999940
58 58 (0) 1 : 0.000010 0.000010 0.303320 0.000010 0.000010 0.000010 0.696630
59 59 (0) 1 : 0.000010 0.000010 0.308443 0.000010 0.000010 0.000010 0.691507
60 60 (0) 1 : 0.000010 0.000010 0.000010 0.000010 0.000010 0.000010 0.999940
61 61 (0) 1 : 0.000010 0.000010 0.000010 0.000010 0.000010 0.000010 0.999940
62 62 (0) 1 : 0.000010 0.000010 0.999940 0.000010 0.000010 0.000010 0.000010
63 63 (0) 1 : 0.000010 0.000010 0.640946 0.000010 0.000014 0.000010 0.359000
64 64 (0) 1 : 0.000010 0.000010 0.000010 0.000010 0.000010 0.000010 0.999940
65 65 (0) 1 : 0.000010 0.000010 0.275442 0.000010 0.000010 0.000010 0.724508
66 66 (0) 1 : 0.000010 0.000010 0.000010 0.000010 0.000010 0.000010 0.999940
67 67 (0) 1 : 0.000010 0.000010 0.108428 0.000010 0.000010 0.000010 0.891522
68 68 (0) 1 : 0.000010 0.000010 0.999940 0.000010 0.000010 0.000010 0.000010
69 69 (0) 1 : 0.000010 0.000010 0.528750 0.000010 0.000010 0.000010 0.471200
70 70 (0) 1 : 0.000010 0.000010 0.857366 0.000010 0.000010 0.000010 0.142584
71 71 (0) 1 : 0.000010 0.000010 0.684920 0.000010 0.000010 0.000010 0.315030
72 72 (0) 1 : 0.000010 0.000010 0.000010 0.000010 0.000010 0.000010 0.999940
73 73 (0) 1 : 0.000010 0.000010 0.000010 0.000010 0.000010 0.000010 0.999940
74 74 (0) 1 : 0.000010 0.000010 0.287994 0.000010 0.000010 0.000010 0.711956
75 75 (0) 1 : 0.000010 0.000010 0.401962 0.000010 0.000010 0.000010 0.597988
76 76 (0) 1 : 0.000010 0.000010 0.999940 0.000010 0.000010 0.000010 0.000010
77 77 (0) 1 : 0.000010 0.000010 0.999940 0.000010 0.000010 0.000010 0.000010
78 78 (0) 1 : 0.000010 0.000010 0.000010 0.000010 0.000010 0.999940 0.000010
79 79 (0) 1 : 0.000010 0.000010 0.000010 0.000010 0.000010 0.999940 0.000010
80 80 (0) 1 : 0.999940 0.000010 0.000010 0.000010 0.000010 0.000010 0.000010
81 81 (0) 1 : 0.999940 0.000010 0.000010 0.000010 0.000010 0.000010 0.000010
82 82 (0) 1 : 0.999940 0.000010 0.000010 0.000010 0.000010 0.000010 0.000010
83 83 (0) 1 : 0.000010 0.000010 0.000010 0.000010 0.000010 0.999940 0.000010
84 84 (0) 1 : 0.999940 0.000010 0.000010 0.000010 0.000010 0.000010 0.000010
85 85 (0) 1 : 0.000010 0.000010 0.000010 0.000010 0.000010 0.999940 0.000010
86 86 (0) 1 : 0.999940 0.000010 0.000010 0.000010 0.000010 0.000010 0.000010
87 87 (0) 1 : 0.000010 0.000010 0.000010 0.000010 0.000010 0.999940 0.000010
88 88 (0) 1 : 0.999940 0.000010 0.000010 0.000010 0.000010 0.000010 0.000010
89 89 (0) 1 : 0.000010 0.000010 0.000010 0.000012 0.000010 0.999938 0.000010
90 90 (0) 1 : 0.999940 0.000010 0.000010 0.000010 0.000010 0.000010 0.000010
91 91 (0) 1 : 0.999940 0.000010 0.000010 0.000010 0.000010 0.000010 0.000010
92 92 (0) 1 : 0.999940 0.000010 0.000010 0.000010 0.000010 0.000010 0.000010
93 93 (0) 1 : 0.999940 0.000010 0.000010 0.000010 0.000010 0.000010 0.000010
94 94 (0) 1 : 0.000010 0.000010 0.000010 0.000010 0.000010 0.999940 0.000010
95 95 (0) 1 : 0.000010 0.000010 0.000010 0.000010 0.000010 0.999940 0.000010
96 96 (0) 1 : 0.000015 0.000010 0.000010 0.999935 0.000010 0.000010 0.000010
97 97 (0) 1 : 0.000016 0.000010 0.000017 0.999919 0.000010 0.000018 0.000010
98 98 (0) 1 : 0.000010 0.000010 0.000010 0.999940 0.000010 0.000010 0.000010
99 99 (0) 1 : 0.000010 0.000012 0.000010 0.999923 0.000015 0.000019 0.000010
100 100 (0) 1 : 0.000010 0.000010 0.000010 0.999931 0.000019 0.000010 0.000010
101 101 (0) 1 : 0.000010 0.000010 0.000010 0.999940 0.000010 0.000010 0.000010
102 102 (0) 1 : 0.000010 0.000018 0.000010 0.999931 0.000010 0.000012 0.000010
103 103 (0) 1 : 0.000010 0.000010 0.000010 0.999940 0.000010 0.000010 0.000010
104 104 (0) 1 : 0.000010 0.000010 0.000010 0.999933 0.000016 0.000011 0.000010
105 105 (0) 1 : 0.000010 0.000016 0.000010 0.999932 0.000012 0.000010 0.000010
106 106 (0) 1 : 0.000010 0.000018 0.000010 0.999922 0.000019 0.000010 0.000010
107 107 (0) 1 : 0.000010 0.000010 0.000017 0.999929 0.000010 0.000014 0.000010
108 108 (0) 1 : 0.000018 0.000010 0.000011 0.999931 0.000010 0.000010 0.000010
109 109 (0) 1 : 0.000010 0.000010 0.000010 0.999931 0.000019 0.000010 0.000010
110 110 (0) 1 : 0.000012 0.000018 0.000010 0.999930 0.000010 0.000010 0.000010
111 111 (0) 1 : 0.000011 0.000019 0.000010 0.999930 0.000010 0.000010 0.000010
112 112 (0) 1 : 0.000010 0.000010 0.000010 0.999940 0.000010 0.000010 0.000010
113 113 (0) 1 : 0.000010 0.000010 0.000010 0.999940 0.000010 0.000010 0.000010
114 114 (0) 1 : 0.000010 0.000010 0.000010 0.000010 0.999940 0.000010 0.000010
115 115 (0) 1 : 0.000010 0.000010 0.000010 0.000010 0.999940 0.000010 0.000010
116 116 (0) 1 : 0.000010 0.000010 0.000010 0.000010 0.999940 0.000010 0.000010
117 117 (0) 1 : 0.000010 0.000010 0.000010 0.000010 0.999940 0.000010 0.000010
118 118 (0) 1 : 0.000010 0.000010 0.000010 0.000010 0.999940 0.000010 0.000010
119 119 (0) 1 : 0.000010 0.000010 0.000010 0.000010 0.999940 0.000010 0.000010
120 120 (0) 1 : 0.000010 0.000010 0.000010 0.000020 0.999930 0.000010 0.000010
121 121 (0) 1 : 0.000010 0.000010 0.000010 0.000010 0.999940 0.000010 0.000010
