-------------------------------------------------------------------------------
 L       Percentage of nodes in the largest component
 D       Percentage of nodes in components of size at most 3 [-div option]
 R       Percentage of nodes not in L or D: 100 - L -D
 S       Percentage of nodes that are singletons
 E       Fraction of edges retained (input graph has 870)
 cce     Expected size of component, nodewise [ sum(sz^2) / sum^2(sz) ]
 EW      Edge weight traits (mean, median and IQR)
 ND      Node degree traits [mean, median and IQR]
 CCF     Clustering coefficient (scale 1-100)
 eff     Induced component efficiency relative to start graph (scale 1-1000)
Total number of nodes: 30
----------------------------------------------------------------------------------------------
  L   D   R   S     E     cce  EWmean   EWmed   EWiqr  NDmean   NDmed  NDiqr CCF  eff  Cutoff 
----------------------------------------------------------------------------------------------
100   0   0   0 0.968      30    0.69    0.67    0.08    28.1    28.5    1.5   -    -     0.50
100   0   0   0 0.966      30    0.69    0.67    0.08    28.0    28.5    1.5   -    -     0.51
100   0   0   0 0.959      30    0.70    0.67    0.08    27.8    28.5    1.5   -    -     0.52
100   0   0   0 0.952      30    0.70    0.67    0.08    27.6    28.5    1.0   -    -     0.53
100   0   0   0 0.945      30    0.70    0.67    0.08    27.4    28.5    0.5   -    -     0.54
100   0   0   0 0.943      30    0.70    0.67    0.08    27.3    28.5    0.5   -    -     0.55
100   0   0   0 0.943      30    0.70    0.67    0.08    27.3    28.5    0.5   -    -     0.56
100   0   0   0 0.943      30    0.70    0.67    0.08    27.3    28.5    0.5   -    -     0.57
100   0   0   0 0.938      30    0.70    0.67    0.08    27.2    28.5    0.5   -    -     0.58
100   0   0   0 0.926      30    0.70    0.67    0.08    26.9    28.5    1.0   -    -     0.59
 97   3   0   3 0.910      28    0.70    0.67    0.08    26.4    28.5    1.5   -    -     0.60
 97   3   0   3 0.871      28    0.71    0.67    0.08    25.3    28.5    4.5   -    -     0.61
 97   3   0   3 0.830      28    0.71    0.68    0.08    24.1    27.5    5.5   -    -     0.62
 97   3   0   3 0.777      28    0.72    0.69    0.08    22.5    24.5    6.5   -    -     0.63
 97   3   0   3 0.706      28    0.73    0.70    0.08    20.5    22.5    9.0   -    -     0.64
 97   3   0   3 0.616      28    0.74    0.70    0.09    17.9    19.5   10.5   -    -     0.65
 97   3   0   3 0.568      28    0.74    0.71    0.09    16.5    14.5   11.0   -    -     0.66
 97   3   0   3 0.478      28    0.76    0.72    0.13    13.9    12.5    7.5   -    -     0.67
 97   3   0   3 0.418      28    0.77    0.73    0.13    12.1    11.5    4.5   -    -     0.68
 97   3   0   3 0.379      28    0.78    0.74    0.13    11.0    10.5    4.5   -    -     0.69
 97   3   0   3 0.329      28    0.79    0.75    0.12     9.5    10.5    4.0   -    -     0.70
 97   3   0   3 0.255      28    0.82    0.81    0.14     7.4     8.5    6.0   -    -     0.71
 83   3  13   3 0.232      21    0.83    0.83    0.14     6.7     8.5    5.5   -    -     0.72
 80   7  13   7 0.209      20    0.84    0.83    0.15     6.1     7.5    5.5   -    -     0.73
 60   7  33   7 0.182      13    0.86    0.83    0.17     5.3     4.5    5.5   -    -     0.74
 43   7  50   7 0.168       8    0.86    0.83    0.13     4.9     4.5    5.5   -    -     0.75
 43  10  47  10 0.159       8    0.87    0.83    0.12     4.6     4.5    5.5   -    -     0.76
 30  27  43  17 0.136       5    0.89    0.86    0.14     3.9     3.5    6.5   -    -     0.77
 30  40  30  17 0.129       5    0.90    0.87    0.14     3.7     3.5    7.5   -    -     0.78
 30  40  30  17 0.129       5    0.90    0.87    0.14     3.7     3.5    7.5   -    -     0.79
 30  40  30  17 0.129       5    0.90    0.87    0.14     3.7     3.5    7.5   -    -     0.80
 30  40  30  17 0.129       5    0.90    0.87    0.14     3.7     3.5    7.5   -    -     0.81
 30  40  30  17 0.126       5    0.90    0.88    0.14     3.7     3.5    7.5   -    -     0.82
 30  43  27  20 0.115       5    0.90    0.89    0.14     3.3     3.5    5.5   -    -     0.83
 17  43  40  20 0.076       3    0.94    0.95    0.08     2.2     3.5    2.5   -    -     0.84
 17  43  40  20 0.074       3    0.94    0.96    0.07     2.1     2.5    2.5   -    -     0.85
 17  57  27  23 0.067       3    0.95    0.97    0.05     1.9     2.5    2.5   -    -     0.86
 17  57  27  23 0.064       3    0.96    0.97    0.05     1.9     2.5    2.5   -    -     0.87
 17  57  27  23 0.062       3    0.96    0.97    0.04     1.8     2.5    2.5   -    -     0.88
 17  70  13  27 0.060       3    0.96    0.98    0.04     1.7     2.5    3.0   -    -     0.89
 17  70  13  37 0.055       3    0.97    0.98    0.04     1.6     1.5    3.5   -    -     0.90
 17  70  13  43 0.053       3    0.97    0.98    0.04     1.5     1.5    3.5   -    -     0.91
 17  70  13  43 0.053       3    0.97    0.98    0.04     1.5     1.5    3.5   -    -     0.92
 17  70  13  43 0.051       3    0.97    0.98    0.04     1.5     1.5    3.5   -    -     0.93
 17  70  13  47 0.048       2    0.97    0.98    0.01     1.4     1.5    3.5   -    -     0.94
 17  70  13  50 0.039       2    0.98    0.98    0.01     1.1     0.5    2.0   -    -     0.95
 17  83   0  53 0.037       2    0.98    0.98    0.01     1.1     0.5    2.0   -    -     0.96
 17  83   0  53 0.037       2    0.98    0.98    0.01     1.1     0.5    2.0   -    -     0.97
 13  87   0  77 0.018       2    0.99    0.99    0.00     0.5     0.5    0.5   -    -     0.98
  0 100   0  87 0.005       1    1.00    1.00    0.00     0.1     0.5    0.5   -    -     0.99
---------------------------------------------------------------------------------------------
