-------------------------------------------------------------------------------
 L       Percentage of nodes in the largest component
 D       Percentage of nodes in components of size at most 3 [-div option]
 R       Percentage of nodes not in L or D: 100 - L -D
 S       Percentage of nodes that are singletons
 E       Fraction of edges retained (input graph has 870)
 cce     Expected size of component, nodewise [ sum(sz^2) / sum^2(sz) ]
 EW      Edge weight traits (mean, median and IQR)
 ND      Node degree traits [mean, median and IQR]
 CCF     Clustering coefficient (scale 1-100)
 eff     Induced component efficiency relative to start graph (scale 1-1000)
Total number of nodes: 30
----------------------------------------------------------------------------------------------
  L   D   R   S     E     cce  EWmean   EWmed   EWiqr  NDmean   NDmed  NDiqr CCF  eff  Cutoff 
----------------------------------------------------------------------------------------------
 93   7   0   0 0.811      26    0.97    1.00    0.00    23.5    26.5    0.5   -    -     0.50
 93   7   0   0 0.811      26    0.97    1.00    0.00    23.5    26.5    0.5   -    -     0.51
 93   7   0   0 0.811      26    0.97    1.00    0.00    23.5    26.5    0.5   -    -     0.52
 93   7   0   0 0.811      26    0.97    1.00    0.00    23.5    26.5    0.5   -    -     0.53
 93   7   0   0 0.811      26    0.97    1.00    0.00    23.5    26.5    0.5   -    -     0.54
 93   7   0   0 0.811      26    0.97    1.00    0.00    23.5    26.5    0.5   -    -     0.55
 87  13   0   0 0.752      23    1.00    1.00    0.00    21.8    25.5    0.5   -    -     0.56
 87  13   0   7 0.749      23    1.00    1.00    0.00    21.7    25.5    0.5   -    -     0.57
 87  13   0   7 0.749      23    1.00    1.00    0.00    21.7    25.5    0.5   -    -     0.58
 87  13   0   7 0.749      23    1.00    1.00    0.00    21.7    25.5    0.5   -    -     0.59
 87  13   0   7 0.749      23    1.00    1.00    0.00    21.7    25.5    0.5   -    -     0.60
 87  13   0   7 0.749      23    1.00    1.00    0.00    21.7    25.5    0.5   -    -     0.61
 87  13   0   7 0.749      23    1.00    1.00    0.00    21.7    25.5    0.5   -    -     0.62
 87  13   0   7 0.749      23    1.00    1.00    0.00    21.7    25.5    0.5   -    -     0.63
 87  13   0   7 0.749      23    1.00    1.00    0.00    21.7    25.5    0.5   -    -     0.64
 87  13   0   7 0.749      23    1.00    1.00    0.00    21.7    25.5    0.5   -    -     0.65
 87  13   0   7 0.749      23    1.00    1.00    0.00    21.7    25.5    0.5   -    -     0.66
 87  13   0   7 0.749      23    1.00    1.00    0.00    21.7    25.5    0.5   -    -     0.67
 87  13   0   7 0.749      23    1.00    1.00    0.00    21.7    25.5    0.5   -    -     0.68
 87  13   0   7 0.749      23    1.00    1.00    0.00    21.7    25.5    0.5   -    -     0.69
 87  13   0   7 0.749      23    1.00    1.00    0.00    21.7    25.5    0.5   -    -     0.70
 87  13   0   7 0.749      23    1.00    1.00    0.00    21.7    25.5    0.5   -    -     0.71
 87  13   0   7 0.749      23    1.00    1.00    0.00    21.7    25.5    0.5   -    -     0.72
 87  13   0   7 0.749      23    1.00    1.00    0.00    21.7    25.5    0.5   -    -     0.73
 87  13   0   7 0.749      23    1.00    1.00    0.00    21.7    25.5    0.5   -    -     0.74
 87  13   0   7 0.749      23    1.00    1.00    0.00    21.7    25.5    0.5   -    -     0.75
 87  13   0   7 0.749      23    1.00    1.00    0.00    21.7    25.5    0.5   -    -     0.76
 87  13   0   7 0.749      23    1.00    1.00    0.00    21.7    25.5    0.5   -    -     0.77
 87  13   0   7 0.749      23    1.00    1.00    0.00    21.7    25.5    0.5   -    -     0.78
 87  13   0   7 0.749      23    1.00    1.00    0.00    21.7    25.5    0.5   -    -     0.79
 87  13   0   7 0.749      23    1.00    1.00    0.00    21.7    25.5    0.5   -    -     0.80
 87  13   0   7 0.749      23    1.00    1.00    0.00    21.7    25.5    0.5   -    -     0.81
 87  13   0   7 0.749      23    1.00    1.00    0.00    21.7    25.5    0.5   -    -     0.82
 87  13   0   7 0.749      23    1.00    1.00    0.00    21.7    25.5    0.5   -    -     0.83
 87  13   0   7 0.749      23    1.00    1.00    0.00    21.7    25.5    0.5   -    -     0.84
 87  13   0   7 0.749      23    1.00    1.00    0.00    21.7    25.5    0.5   -    -     0.85
 87  13   0   7 0.749      23    1.00    1.00    0.00    21.7    25.5    0.5   -    -     0.86
 87  13   0   7 0.749      23    1.00    1.00    0.00    21.7    25.5    0.5   -    -     0.87
 87  13   0   7 0.749      23    1.00    1.00    0.00    21.7    25.5    0.5   -    -     0.88
 87  13   0   7 0.749      23    1.00    1.00    0.00    21.7    25.5    0.5   -    -     0.89
 87  13   0   7 0.749      23    1.00    1.00    0.00    21.7    25.5    0.5   -    -     0.90
 87  13   0   7 0.749      23    1.00    1.00    0.00    21.7    25.5    0.5   -    -     0.91
 87  13   0   7 0.749      23    1.00    1.00    0.00    21.7    25.5    0.5   -    -     0.92
 87  13   0   7 0.749      23    1.00    1.00    0.00    21.7    25.5    0.5   -    -     0.93
 87  13   0   7 0.749      23    1.00    1.00    0.00    21.7    25.5    0.5   -    -     0.94
 87  13   0   7 0.749      23    1.00    1.00    0.00    21.7    25.5    0.5   -    -     0.95
 87  13   0   7 0.749      23    1.00    1.00    0.00    21.7    25.5    0.5   -    -     0.96
 87  13   0   7 0.749      23    1.00    1.00    0.00    21.7    25.5    0.5   -    -     0.97
 87  13   0  13 0.747      23    1.00    1.00    0.00    21.7    25.5    0.5   -    -     0.98
 87  13   0  13 0.747      23    1.00    1.00    0.00    21.7    25.5    0.5   -    -     0.99
---------------------------------------------------------------------------------------------
