-------------------------------------------------------------------------------
 L       Percentage of nodes in the largest component
 D       Percentage of nodes in components of size at most 3 [-div option]
 R       Percentage of nodes not in L or D: 100 - L -D
 S       Percentage of nodes that are singletons
 E       Fraction of edges retained (input graph has 870)
 cce     Expected size of component, nodewise [ sum(sz^2) / sum^2(sz) ]
 EW      Edge weight traits (mean, median and IQR)
 ND      Node degree traits [mean, median and IQR]
 CCF     Clustering coefficient (scale 1-100)
 eff     Induced component efficiency relative to start graph (scale 1-1000)
Total number of nodes: 30
----------------------------------------------------------------------------------------------
  L   D   R   S     E     cce  EWmean   EWmed   EWiqr  NDmean   NDmed  NDiqr CCF  eff  Cutoff 
----------------------------------------------------------------------------------------------
100   0   0   0 0.448      30    0.55    0.54    0.06    13.0    13.5    6.0   -    -     0.50
 97   3   0   3 0.370      28    0.57    0.55    0.06    10.7    10.5    6.5   -    -     0.51
 93   7   0   7 0.317      26    0.57    0.56    0.06     9.2     8.5    7.0   -    -     0.52
 93   7   0   7 0.274      26    0.58    0.57    0.05     7.9     8.5    5.0   -    -     0.53
 93   7   0   7 0.230      26    0.59    0.57    0.05     6.7     6.5    4.5   -    -     0.54
 90  10   0  10 0.191      24    0.60    0.59    0.05     5.5     5.5    4.0   -    -     0.55
 83  17   0  17 0.166      21    0.61    0.60    0.05     4.8     5.5    5.0   -    -     0.56
 77  23   0  23 0.124      18    0.62    0.60    0.04     3.6     4.5    4.0   -    -     0.57
 77  23   0  23 0.103      18    0.63    0.61    0.05     3.0     3.5    3.0   -    -     0.58
 77  23   0  23 0.092      18    0.63    0.62    0.05     2.7     3.5    3.0   -    -     0.59
 43  33  23  23 0.069       8    0.65    0.63    0.06     2.0     2.5    2.5   -    -     0.60
 23  60  17  30 0.053       4    0.66    0.65    0.08     1.5     1.5    2.5   -    -     0.61
 23  60  17  33 0.046       4    0.67    0.65    0.07     1.3     1.5    2.5   -    -     0.62
 23  77   0  37 0.034       3    0.68    0.67    0.07     1.0     1.5    1.5   -    -     0.63
 20  80   0  43 0.028       2    0.69    0.70    0.05     0.8     1.5    1.5   -    -     0.64
 20  80   0  50 0.025       2    0.70    0.71    0.05     0.7     0.5    1.5   -    -     0.65
 17  83   0  53 0.021       2    0.71    0.71    0.03     0.6     0.5    1.5   -    -     0.66
 17  83   0  53 0.021       2    0.71    0.71    0.03     0.6     0.5    1.5   -    -     0.67
  0 100   0  60 0.016       2    0.72    0.72    0.02     0.5     0.5    1.5   -    -     0.68
  0 100   0  60 0.016       2    0.72    0.72    0.02     0.5     0.5    1.5   -    -     0.69
  0 100   0  63 0.014       1    0.72    0.72    0.03     0.4     0.5    1.5   -    -     0.70
  0 100   0  67 0.011       1    0.73    0.73    0.02     0.3     0.5    1.5   -    -     0.71
  0 100   0  80 0.007       1    0.73    0.74    0.01     0.2     0.5    0.5   -    -     0.72
  0 100   0  87 0.005       1    0.74    0.74    0.00     0.1     0.5    0.5   -    -     0.73
  0 100   0 100 0.000       1    0.00    0.00    0.00     0.0     0.5    0.5   -    -     0.74
  0 100   0 100 0.000       1    0.00    0.00    0.00     0.0     0.5    0.5   -    -     0.75
  0 100   0 100 0.000       1    0.00    0.00    0.00     0.0     0.5    0.5   -    -     0.76
  0 100   0 100 0.000       1    0.00    0.00    0.00     0.0     0.5    0.5   -    -     0.77
  0 100   0 100 0.000       1    0.00    0.00    0.00     0.0     0.5    0.5   -    -     0.78
  0 100   0 100 0.000       1    0.00    0.00    0.00     0.0     0.5    0.5   -    -     0.79
  0 100   0 100 0.000       1    0.00    0.00    0.00     0.0     0.5    0.5   -    -     0.80
  0 100   0 100 0.000       1    0.00    0.00    0.00     0.0     0.5    0.5   -    -     0.81
  0 100   0 100 0.000       1    0.00    0.00    0.00     0.0     0.5    0.5   -    -     0.82
  0 100   0 100 0.000       1    0.00    0.00    0.00     0.0     0.5    0.5   -    -     0.83
  0 100   0 100 0.000       1    0.00    0.00    0.00     0.0     0.5    0.5   -    -     0.84
  0 100   0 100 0.000       1    0.00    0.00    0.00     0.0     0.5    0.5   -    -     0.85
  0 100   0 100 0.000       1    0.00    0.00    0.00     0.0     0.5    0.5   -    -     0.86
  0 100   0 100 0.000       1    0.00    0.00    0.00     0.0     0.5    0.5   -    -     0.87
  0 100   0 100 0.000       1    0.00    0.00    0.00     0.0     0.5    0.5   -    -     0.88
  0 100   0 100 0.000       1    0.00    0.00    0.00     0.0     0.5    0.5   -    -     0.89
  0 100   0 100 0.000       1    0.00    0.00    0.00     0.0     0.5    0.5   -    -     0.90
  0 100   0 100 0.000       1    0.00    0.00    0.00     0.0     0.5    0.5   -    -     0.91
  0 100   0 100 0.000       1    0.00    0.00    0.00     0.0     0.5    0.5   -    -     0.92
  0 100   0 100 0.000       1    0.00    0.00    0.00     0.0     0.5    0.5   -    -     0.93
  0 100   0 100 0.000       1    0.00    0.00    0.00     0.0     0.5    0.5   -    -     0.94
  0 100   0 100 0.000       1    0.00    0.00    0.00     0.0     0.5    0.5   -    -     0.95
  0 100   0 100 0.000       1    0.00    0.00    0.00     0.0     0.5    0.5   -    -     0.96
  0 100   0 100 0.000       1    0.00    0.00    0.00     0.0     0.5    0.5   -    -     0.97
  0 100   0 100 0.000       1    0.00    0.00    0.00     0.0     0.5    0.5   -    -     0.98
  0 100   0 100 0.000       1    0.00    0.00    0.00     0.0     0.5    0.5   -    -     0.99
---------------------------------------------------------------------------------------------
