1.0000 0.9968 0.9861 0.5678 0.9862 0.5678 0.9968 0.5678 0.9968 0.5678 0.5678 0.5678 0.9872 0.5678 0.9803 0.9861 0.9872 0.5869 0.5678 0.9872 0.5678 0.9968 0.9968 0.5678 0.5678 0.9674 0.5678 0.9967 0.9964 0.9979
0.9968 1.0000 0.9877 0.5669 0.9877 0.5669 1.0000 0.5669 1.0000 0.5669 0.5669 0.5669 0.9875 0.5669 0.9814 0.9877 0.9875 0.5859 0.5669 0.9875 0.5669 1.0000 1.0000 0.5669 0.5669 0.9682 0.5669 0.9994 0.9989 0.9989
0.9861 0.9877 1.0000 0.5656 0.9994 0.5656 0.9877 0.5656 0.9876 0.5656 0.5656 0.5656 0.9824 0.5656 0.9876 0.9996 0.9825 0.5845 0.5656 0.9824 0.5656 0.9877 0.9877 0.5656 0.5656 0.9722 0.5656 0.9876 0.9876 0.9872
0.5678 0.5669 0.5656 1.0000 0.5657 1.0000 0.5669 1.0000 0.5669 1.0000 1.0000 1.0000 0.5677 1.0000 0.5662 0.5656 0.5677 0.7090 1.0000 0.5677 1.0000 0.5669 0.5669 1.0000 1.0000 0.5628 1.0000 0.5668 0.5666 0.5672
0.9862 0.9877 0.9994 0.5657 1.0000 0.5657 0.9877 0.5657 0.9877 0.5657 0.5657 0.5657 0.9825 0.5657 0.9877 0.9997 0.9825 0.5847 0.5657 0.9825 0.5657 0.9877 0.9877 0.5657 0.5657 0.9722 0.5657 0.9876 0.9876 0.9873
0.5678 0.5669 0.5656 1.0000 0.5657 1.0000 0.5669 1.0000 0.5669 1.0000 1.0000 1.0000 0.5677 1.0000 0.5662 0.5656 0.5677 0.7090 1.0000 0.5677 1.0000 0.5669 0.5669 1.0000 1.0000 0.5628 1.0000 0.5668 0.5666 0.5672
0.9968 1.0000 0.9877 0.5669 0.9877 0.5669 1.0000 0.5669 1.0000 0.5669 0.5669 0.5669 0.9875 0.5669 0.9814 0.9877 0.9875 0.5859 0.5669 0.9875 0.5669 1.0000 1.0000 0.5669 0.5669 0.9682 0.5669 0.9994 0.9990 0.9989
0.5678 0.5669 0.5656 1.0000 0.5657 1.0000 0.5669 1.0000 0.5669 1.0000 1.0000 1.0000 0.5677 1.0000 0.5662 0.5656 0.5677 0.7090 1.0000 0.5677 1.0000 0.5669 0.5669 1.0000 1.0000 0.5628 1.0000 0.5668 0.5666 0.5672
0.9968 1.0000 0.9876 0.5669 0.9877 0.5669 1.0000 0.5669 1.0000 0.5669 0.5669 0.5669 0.9875 0.5669 0.9814 0.9877 0.9875 0.5859 0.5669 0.9875 0.5669 1.0000 1.0000 0.5669 0.5669 0.9682 0.5669 0.9994 0.9989 0.9989
0.5678 0.5669 0.5656 1.0000 0.5657 1.0000 0.5669 1.0000 0.5669 1.0000 1.0000 1.0000 0.5677 1.0000 0.5662 0.5656 0.5677 0.7090 1.0000 0.5677 1.0000 0.5669 0.5669 1.0000 1.0000 0.5628 1.0000 0.5668 0.5666 0.5672
0.5678 0.5669 0.5656 1.0000 0.5657 1.0000 0.5669 1.0000 0.5669 1.0000 1.0000 1.0000 0.5677 1.0000 0.5662 0.5656 0.5677 0.7090 1.0000 0.5677 1.0000 0.5669 0.5669 1.0000 1.0000 0.5628 1.0000 0.5668 0.5666 0.5672
0.5678 0.5669 0.5656 1.0000 0.5657 1.0000 0.5669 1.0000 0.5669 1.0000 1.0000 1.0000 0.5677 1.0000 0.5662 0.5656 0.5677 0.7090 1.0000 0.5677 1.0000 0.5669 0.5669 1.0000 1.0000 0.5628 1.0000 0.5668 0.5666 0.5672
0.9872 0.9875 0.9824 0.5677 0.9825 0.5677 0.9875 0.5677 0.9875 0.5677 0.5677 0.5677 1.0000 0.5677 0.9860 0.9825 0.9998 0.5868 0.5677 1.0000 0.5677 0.9875 0.9875 0.5677 0.5677 0.9718 0.5677 0.9874 0.9873 0.9875
0.5678 0.5669 0.5656 1.0000 0.5657 1.0000 0.5669 1.0000 0.5669 1.0000 1.0000 1.0000 0.5677 1.0000 0.5662 0.5656 0.5677 0.7090 1.0000 0.5677 1.0000 0.5669 0.5669 1.0000 1.0000 0.5628 1.0000 0.5668 0.5666 0.5672
0.9803 0.9814 0.9876 0.5662 0.9877 0.5662 0.9814 0.5662 0.9814 0.5662 0.5662 0.5662 0.9860 0.5662 1.0000 0.9876 0.9860 0.5852 0.5662 0.9860 0.5662 0.9814 0.9814 0.5662 0.5662 0.9768 0.5662 0.9813 0.9812 0.9811
0.9861 0.9877 0.9996 0.5656 0.9997 0.5656 0.9877 0.5656 0.9877 0.5656 0.5656 0.5656 0.9825 0.5656 0.9876 1.0000 0.9825 0.5846 0.5656 0.9825 0.5656 0.9877 0.9877 0.5656 0.5656 0.9721 0.5656 0.9876 0.9876 0.9873
0.9872 0.9875 0.9825 0.5677 0.9825 0.5677 0.9875 0.5677 0.9875 0.5677 0.5677 0.5677 0.9998 0.5677 0.9860 0.9825 1.0000 0.5867 0.5677 0.9997 0.5677 0.9875 0.9875 0.5677 0.5677 0.9718 0.5677 0.9874 0.9873 0.9875
0.5869 0.5859 0.5845 0.7090 0.5847 0.7090 0.5859 0.7090 0.5859 0.7090 0.7090 0.7090 0.5868 0.7090 0.5852 0.5846 0.5867 1.0000 0.7090 0.5868 0.7090 0.5859 0.5859 0.7090 0.7090 0.5817 0.7090 0.5858 0.5856 0.5863
0.5678 0.5669 0.5656 1.0000 0.5657 1.0000 0.5669 1.0000 0.5669 1.0000 1.0000 1.0000 0.5677 1.0000 0.5662 0.5656 0.5677 0.7090 1.0000 0.5677 1.0000 0.5669 0.5669 1.0000 1.0000 0.5628 1.0000 0.5668 0.5666 0.5672
0.9872 0.9875 0.9824 0.5677 0.9825 0.5677 0.9875 0.5677 0.9875 0.5677 0.5677 0.5677 1.0000 0.5677 0.9860 0.9825 0.9997 0.5868 0.5677 1.0000 0.5677 0.9875 0.9875 0.5677 0.5677 0.9718 0.5677 0.9874 0.9873 0.9875
0.5678 0.5669 0.5656 1.0000 0.5657 1.0000 0.5669 1.0000 0.5669 1.0000 1.0000 1.0000 0.5677 1.0000 0.5662 0.5656 0.5677 0.7090 1.0000 0.5677 1.0000 0.5669 0.5669 1.0000 1.0000 0.5628 1.0000 0.5668 0.5666 0.5672
0.9968 1.0000 0.9877 0.5669 0.9877 0.5669 1.0000 0.5669 1.0000 0.5669 0.5669 0.5669 0.9875 0.5669 0.9814 0.9877 0.9875 0.5859 0.5669 0.9875 0.5669 1.0000 1.0000 0.5669 0.5669 0.9682 0.5669 0.9994 0.9990 0.9989
0.9968 1.0000 0.9877 0.5669 0.9877 0.5669 1.0000 0.5669 1.0000 0.5669 0.5669 0.5669 0.9875 0.5669 0.9814 0.9877 0.9875 0.5859 0.5669 0.9875 0.5669 1.0000 1.0000 0.5669 0.5669 0.9682 0.5669 0.9995 0.9990 0.9989
0.5678 0.5669 0.5656 1.0000 0.5657 1.0000 0.5669 1.0000 0.5669 1.0000 1.0000 1.0000 0.5677 1.0000 0.5662 0.5656 0.5677 0.7090 1.0000 0.5677 1.0000 0.5669 0.5669 1.0000 1.0000 0.5628 1.0000 0.5668 0.5666 0.5672
0.5678 0.5669 0.5656 1.0000 0.5657 1.0000 0.5669 1.0000 0.5669 1.0000 1.0000 1.0000 0.5677 1.0000 0.5662 0.5656 0.5677 0.7090 1.0000 0.5677 1.0000 0.5669 0.5669 1.0000 1.0000 0.5628 1.0000 0.5668 0.5666 0.5672
0.9674 0.9682 0.9722 0.5628 0.9722 0.5628 0.9682 0.5628 0.9682 0.5628 0.5628 0.5628 0.9718 0.5628 0.9768 0.9721 0.9718 0.5817 0.5628 0.9718 0.5628 0.9682 0.9682 0.5628 0.5628 1.0000 0.5628 0.9682 0.9681 0.9680
0.5678 0.5669 0.5656 1.0000 0.5657 1.0000 0.5669 1.0000 0.5669 1.0000 1.0000 1.0000 0.5677 1.0000 0.5662 0.5656 0.5677 0.7090 1.0000 0.5677 1.0000 0.5669 0.5669 1.0000 1.0000 0.5628 1.0000 0.5668 0.5666 0.5672
0.9967 0.9994 0.9876 0.5668 0.9876 0.5668 0.9994 0.5668 0.9994 0.5668 0.5668 0.5668 0.9874 0.5668 0.9813 0.9876 0.9874 0.5858 0.5668 0.9874 0.5668 0.9994 0.9995 0.5668 0.5668 0.9682 0.5668 1.0000 0.9995 0.9986
0.9964 0.9989 0.9876 0.5666 0.9876 0.5666 0.9990 0.5666 0.9989 0.5666 0.5666 0.5666 0.9873 0.5666 0.9812 0.9876 0.9873 0.5856 0.5666 0.9873 0.5666 0.9990 0.9990 0.5666 0.5666 0.9681 0.5666 0.9995 1.0000 0.9982
0.9979 0.9989 0.9872 0.5672 0.9873 0.5672 0.9989 0.5672 0.9989 0.5672 0.5672 0.5672 0.9875 0.5672 0.9811 0.9873 0.9875 0.5863 0.5672 0.9875 0.5672 0.9989 0.9989 0.5672 0.5672 0.9680 0.5672 0.9986 0.9982 1.0000
