1.0000 0.6143 0.9298 0.9298 0.9298 1.0000 1.0000 0.9298 1.0000 1.0000 0.5977 0.9298 1.0000 0.5977 0.6143 0.6143 0.6143 0.9298 0.5977 1.0000 0.5977 1.0000 0.6143 0.5977 0.9298 1.0000 0.9298 0.6143 0.9298 1.0000
0.6143 1.0000 0.6090 0.6090 0.6090 0.6143 0.6143 0.6090 0.6143 0.6143 0.4431 0.6090 0.6143 0.4431 1.0000 1.0000 1.0000 0.6090 0.4431 0.6143 0.4431 0.6143 1.0000 0.4431 0.6090 0.6143 0.6090 1.0000 0.6090 0.6143
0.9298 0.6090 1.0000 1.0000 1.0000 0.9298 0.9298 1.0000 0.9298 0.9298 0.6197 1.0000 0.9298 0.6197 0.6090 0.6090 0.6090 1.0000 0.6197 0.9298 0.6197 0.9298 0.6090 0.6197 1.0000 0.9298 1.0000 0.6090 1.0000 0.9298
0.9298 0.6090 1.0000 1.0000 1.0000 0.9298 0.9298 1.0000 0.9298 0.9298 0.6197 1.0000 0.9298 0.6197 0.6090 0.6090 0.6090 1.0000 0.6197 0.9298 0.6197 0.9298 0.6090 0.6197 1.0000 0.9298 1.0000 0.6090 1.0000 0.9298
0.9298 0.6090 1.0000 1.0000 1.0000 0.9298 0.9298 1.0000 0.9298 0.9298 0.6197 1.0000 0.9298 0.6197 0.6090 0.6090 0.6090 1.0000 0.6197 0.9298 0.6197 0.9298 0.6090 0.6197 1.0000 0.9298 1.0000 0.6090 1.0000 0.9298
1.0000 0.6143 0.9298 0.9298 0.9298 1.0000 1.0000 0.9298 1.0000 1.0000 0.5977 0.9298 1.0000 0.5977 0.6143 0.6143 0.6143 0.9298 0.5977 1.0000 0.5977 1.0000 0.6143 0.5977 0.9298 1.0000 0.9298 0.6143 0.9298 1.0000
1.0000 0.6143 0.9298 0.9298 0.9298 1.0000 1.0000 0.9298 1.0000 1.0000 0.5977 0.9298 1.0000 0.5977 0.6143 0.6143 0.6143 0.9298 0.5977 1.0000 0.5977 1.0000 0.6143 0.5977 0.9298 1.0000 0.9298 0.6143 0.9298 1.0000
0.9298 0.6090 1.0000 1.0000 1.0000 0.9298 0.9298 1.0000 0.9298 0.9298 0.6197 1.0000 0.9298 0.6197 0.6090 0.6090 0.6090 1.0000 0.6197 0.9298 0.6197 0.9298 0.6090 0.6197 1.0000 0.9298 1.0000 0.6090 1.0000 0.9298
1.0000 0.6143 0.9298 0.9298 0.9298 1.0000 1.0000 0.9298 1.0000 1.0000 0.5977 0.9298 1.0000 0.5977 0.6143 0.6143 0.6143 0.9298 0.5977 1.0000 0.5977 1.0000 0.6143 0.5977 0.9298 1.0000 0.9298 0.6143 0.9298 1.0000
1.0000 0.6143 0.9298 0.9298 0.9298 1.0000 1.0000 0.9298 1.0000 1.0000 0.5977 0.9298 1.0000 0.5977 0.6143 0.6143 0.6143 0.9298 0.5977 1.0000 0.5977 1.0000 0.6143 0.5977 0.9298 1.0000 0.9298 0.6143 0.9298 1.0000
0.5977 0.4431 0.6197 0.6197 0.6197 0.5977 0.5977 0.6197 0.5977 0.5977 1.0000 0.6197 0.5977 1.0000 0.4431 0.4431 0.4431 0.6197 1.0000 0.5977 1.0000 0.5977 0.4431 1.0000 0.6197 0.5977 0.6197 0.4431 0.6197 0.5977
0.9298 0.6090 1.0000 1.0000 1.0000 0.9298 0.9298 1.0000 0.9298 0.9298 0.6197 1.0000 0.9298 0.6197 0.6090 0.6090 0.6090 1.0000 0.6197 0.9298 0.6197 0.9298 0.6090 0.6197 1.0000 0.9298 1.0000 0.6090 1.0000 0.9298
1.0000 0.6143 0.9298 0.9298 0.9298 1.0000 1.0000 0.9298 1.0000 1.0000 0.5977 0.9298 1.0000 0.5977 0.6143 0.6143 0.6143 0.9298 0.5977 1.0000 0.5977 1.0000 0.6143 0.5977 0.9298 1.0000 0.9298 0.6143 0.9298 1.0000
0.5977 0.4431 0.6197 0.6197 0.6197 0.5977 0.5977 0.6197 0.5977 0.5977 1.0000 0.6197 0.5977 1.0000 0.4431 0.4431 0.4431 0.6197 1.0000 0.5977 1.0000 0.5977 0.4431 1.0000 0.6197 0.5977 0.6197 0.4431 0.6197 0.5977
0.6143 1.0000 0.6090 0.6090 0.6090 0.6143 0.6143 0.6090 0.6143 0.6143 0.4431 0.6090 0.6143 0.4431 1.0000 1.0000 1.0000 0.6090 0.4431 0.6143 0.4431 0.6143 1.0000 0.4431 0.6090 0.6143 0.6090 1.0000 0.6090 0.6143
0.6143 1.0000 0.6090 0.6090 0.6090 0.6143 0.6143 0.6090 0.6143 0.6143 0.4431 0.6090 0.6143 0.4431 1.0000 1.0000 1.0000 0.6090 0.4431 0.6143 0.4431 0.6143 1.0000 0.4431 0.6090 0.6143 0.6090 1.0000 0.6090 0.6143
0.6143 1.0000 0.6090 0.6090 0.6090 0.6143 0.6143 0.6090 0.6143 0.6143 0.4431 0.6090 0.6143 0.4431 1.0000 1.0000 1.0000 0.6090 0.4431 0.6143 0.4431 0.6143 1.0000 0.4431 0.6090 0.6143 0.6090 1.0000 0.6090 0.6143
0.9298 0.6090 1.0000 1.0000 1.0000 0.9298 0.9298 1.0000 0.9298 0.9298 0.6197 1.0000 0.9298 0.6197 0.6090 0.6090 0.6090 1.0000 0.6197 0.9298 0.6197 0.9298 0.6090 0.6197 1.0000 0.9298 1.0000 0.6090 1.0000 0.9298
0.5977 0.4431 0.6197 0.6197 0.6197 0.5977 0.5977 0.6197 0.5977 0.5977 1.0000 0.6197 0.5977 1.0000 0.4431 0.4431 0.4431 0.6197 1.0000 0.5977 1.0000 0.5977 0.4431 1.0000 0.6197 0.5977 0.6197 0.4431 0.6197 0.5977
1.0000 0.6143 0.9298 0.9298 0.9298 1.0000 1.0000 0.9298 1.0000 1.0000 0.5977 0.9298 1.0000 0.5977 0.6143 0.6143 0.6143 0.9298 0.5977 1.0000 0.5977 1.0000 0.6143 0.5977 0.9298 1.0000 0.9298 0.6143 0.9298 1.0000
0.5977 0.4431 0.6197 0.6197 0.6197 0.5977 0.5977 0.6197 0.5977 0.5977 1.0000 0.6197 0.5977 1.0000 0.4431 0.4431 0.4431 0.6197 1.0000 0.5977 1.0000 0.5977 0.4431 1.0000 0.6197 0.5977 0.6197 0.4431 0.6197 0.5977
1.0000 0.6143 0.9298 0.9298 0.9298 1.0000 1.0000 0.9298 1.0000 1.0000 0.5977 0.9298 1.0000 0.5977 0.6143 0.6143 0.6143 0.9298 0.5977 1.0000 0.5977 1.0000 0.6143 0.5977 0.9298 1.0000 0.9298 0.6143 0.9298 1.0000
0.6143 1.0000 0.6090 0.6090 0.6090 0.6143 0.6143 0.6090 0.6143 0.6143 0.4431 0.6090 0.6143 0.4431 1.0000 1.0000 1.0000 0.6090 0.4431 0.6143 0.4431 0.6143 1.0000 0.4431 0.6090 0.6143 0.6090 1.0000 0.6090 0.6143
0.5977 0.4431 0.6197 0.6197 0.6197 0.5977 0.5977 0.6197 0.5977 0.5977 1.0000 0.6197 0.5977 1.0000 0.4431 0.4431 0.4431 0.6197 1.0000 0.5977 1.0000 0.5977 0.4431 1.0000 0.6197 0.5977 0.6197 0.4431 0.6197 0.5977
0.9298 0.6090 1.0000 1.0000 1.0000 0.9298 0.9298 1.0000 0.9298 0.9298 0.6197 1.0000 0.9298 0.6197 0.6090 0.6090 0.6090 1.0000 0.6197 0.9298 0.6197 0.9298 0.6090 0.6197 1.0000 0.9298 1.0000 0.6090 1.0000 0.9298
1.0000 0.6143 0.9298 0.9298 0.9298 1.0000 1.0000 0.9298 1.0000 1.0000 0.5977 0.9298 1.0000 0.5977 0.6143 0.6143 0.6143 0.9298 0.5977 1.0000 0.5977 1.0000 0.6143 0.5977 0.9298 1.0000 0.9298 0.6143 0.9298 1.0000
0.9298 0.6090 1.0000 1.0000 1.0000 0.9298 0.9298 1.0000 0.9298 0.9298 0.6197 1.0000 0.9298 0.6197 0.6090 0.6090 0.6090 1.0000 0.6197 0.9298 0.6197 0.9298 0.6090 0.6197 1.0000 0.9298 1.0000 0.6090 1.0000 0.9298
0.6143 1.0000 0.6090 0.6090 0.6090 0.6143 0.6143 0.6090 0.6143 0.6143 0.4431 0.6090 0.6143 0.4431 1.0000 1.0000 1.0000 0.6090 0.4431 0.6143 0.4431 0.6143 1.0000 0.4431 0.6090 0.6143 0.6090 1.0000 0.6090 0.6143
0.9298 0.6090 1.0000 1.0000 1.0000 0.9298 0.9298 1.0000 0.9298 0.9298 0.6197 1.0000 0.9298 0.6197 0.6090 0.6090 0.6090 1.0000 0.6197 0.9298 0.6197 0.9298 0.6090 0.6197 1.0000 0.9298 1.0000 0.6090 1.0000 0.9298
1.0000 0.6143 0.9298 0.9298 0.9298 1.0000 1.0000 0.9298 1.0000 1.0000 0.5977 0.9298 1.0000 0.5977 0.6143 0.6143 0.6143 0.9298 0.5977 1.0000 0.5977 1.0000 0.6143 0.5977 0.9298 1.0000 0.9298 0.6143 0.9298 1.0000
