1 1 (0) 1 : 0.000010 0.000010 0.000010 0.999950 0.000010 0.000010
2 2 (0) 1 : 0.000010 0.000010 0.000010 0.999950 0.000010 0.000010
3 3 (0) 1 : 0.000011 0.000010 0.000010 0.999949 0.000010 0.000010
4 4 (0) 1 : 0.000010 0.000010 0.000010 0.999950 0.000010 0.000010
5 5 (0) 1 : 0.000010 0.000010 0.000010 0.999950 0.000010 0.000010
6 6 (0) 1 : 0.000010 0.000010 0.000010 0.999950 0.000010 0.000010
7 7 (0) 1 : 0.000010 0.000010 0.000010 0.999950 0.000010 0.000010
8 8 (0) 1 : 0.000010 0.000010 0.000010 0.999950 0.000010 0.000010
9 9 (0) 1 : 0.000010 0.000010 0.000010 0.999950 0.000010 0.000010
10 10 (0) 1 : 0.000010 0.000010 0.000010 0.999950 0.000010 0.000010
11 11 (0) 1 : 0.000010 0.000010 0.000010 0.999950 0.000010 0.000010
12 12 (0) 1 : 0.000010 0.000010 0.000010 0.999950 0.000010 0.000010
13 13 (0) 1 : 0.000010 0.000010 0.000010 0.999950 0.000010 0.000010
14 14 (0) 1 : 0.000010 0.000010 0.000010 0.999950 0.000010 0.000010
15 15 (0) 1 : 0.000010 0.000010 0.000010 0.999950 0.000010 0.000010
16 16 (0) 1 : 0.000010 0.000010 0.000010 0.999950 0.000010 0.000010
17 17 (0) 1 : 0.000010 0.000010 0.000010 0.999950 0.000010 0.000010
18 18 (0) 1 : 0.000010 0.000010 0.000010 0.999950 0.000010 0.000010
19 19 (0) 1 : 0.000010 0.000010 0.000010 0.999950 0.000010 0.000010
20 20 (0) 1 : 0.000010 0.000010 0.000010 0.999950 0.000010 0.000010
21 21 (0) 1 : 0.000010 0.000010 0.000010 0.999950 0.000010 0.000010
22 22 (0) 1 : 0.000010 0.000010 0.000010 0.999950 0.000010 0.000010
23 23 (0) 1 : 0.000010 0.000010 0.000010 0.999950 0.000010 0.000010
24 24 (0) 1 : 0.000010 0.000010 0.000010 0.999950 0.000010 0.000010
25 25 (0) 1 : 0.000010 0.000010 0.000010 0.999950 0.000010 0.000010
26 26 (0) 1 : 0.000010 0.000010 0.000010 0.999950 0.000010 0.000010
27 27 (0) 1 : 0.000010 0.000010 0.000010 0.999950 0.000010 0.000010
28 28 (0) 1 : 0.000010 0.000010 0.000010 0.999950 0.000010 0.000010
29 29 (0) 1 : 0.000010 0.000014 0.000010 0.999946 0.000010 0.000010
30 30 (0) 1 : 0.000010 0.000010 0.000010 0.999950 0.000010 0.000010
31 31 (0) 1 : 0.000010 0.000010 0.000010 0.999950 0.000010 0.000010
32 32 (0) 1 : 0.000010 0.000010 0.000010 0.999950 0.000010 0.000010
33 33 (0) 1 : 0.000010 0.000010 0.000010 0.999950 0.000010 0.000010
34 34 (0) 1 : 0.000010 0.000010 0.000010 0.999950 0.000010 0.000010
35 35 (0) 1 : 0.000010 0.000010 0.000010 0.999950 0.000010 0.000010
36 36 (0) 1 : 0.000010 0.000010 0.606856 0.000010 0.393104 0.000010
37 37 (0) 1 : 0.000010 0.000010 0.999950 0.000010 0.000010 0.000010
38 38 (0) 1 : 0.000010 0.000010 0.999950 0.000010 0.000010 0.000010
39 39 (0) 1 : 0.000010 0.000010 0.018484 0.000010 0.981476 0.000010
40 40 (0) 1 : 0.000016 0.000010 0.382886 0.000010 0.617069 0.000010
41 41 (0) 1 : 0.000010 0.000010 0.829840 0.000010 0.170120 0.000010
42 42 (0) 1 : 0.000010 0.000010 0.275354 0.000010 0.724606 0.000010
43 43 (0) 1 : 0.000010 0.000010 0.049932 0.000010 0.950028 0.000010
44 44 (0) 1 : 0.000014 0.000010 0.568155 0.000010 0.431801 0.000010
45 45 (0) 1 : 0.000010 0.000010 0.186249 0.000010 0.813711 0.000010
46 46 (0) 1 : 0.000010 0.000010 0.999950 0.000010 0.000010 0.000010
47 47 (0) 1 : 0.000010 0.000010 0.999950 0.000010 0.000010 0.000010
48 48 (0) 1 : 0.000010 0.000010 0.999950 0.000010 0.000010 0.000010
49 49 (0) 1 : 0.000010 0.000010 0.335287 0.000010 0.664673 0.000010
50 50 (0) 1 : 0.000010 0.000010 0.999950 0.000010 0.000010 0.000010
51 51 (0) 1 : 0.000010 0.000010 0.637334 0.000010 0.362626 0.000010
52 52 (0) 1 : 0.000010 0.000010 0.999950 0.000010 0.000010 0.000010
53 53 (0) 1 : 0.000010 0.000010 0.000010 0.000010 0.999950 0.000010
54 54 (0) 1 : 0.000010 0.000010 0.000010 0.000010 0.999950 0.000010
55 55 (0) 1 : 0.000010 0.000010 0.468871 0.000010 0.531089 0.000010
56 56 (0) 1 : 0.000010 0.000010 0.999950 0.000010 0.000010 0.000010
57 57 (0) 1 : 0.000010 0.000010 0.000010 0.000010 0.999950 0.000010
58 58 (0) 1 : 0.000010 0.000010 0.308022 0.000010 0.691938 0.000010
59 59 (0) 1 : 0.000010 0.000010 0.326815 0.000010 0.673145 0.000010
60 60 (0) 1 : 0.000010 0.000010 0.000010 0.000010 0.999950 0.000010
61 61 (0) 1 : 0.000010 0.000010 0.000010 0.000010 0.999950 0.000010
62 62 (0) 1 : 0.000010 0.000010 0.999950 0.000010 0.000010 0.000010
63 63 (0) 1 : 0.000010 0.000010 0.657629 0.000010 0.342331 0.000010
64 64 (0) 1 : 0.000010 0.000010 0.000010 0.000010 0.999950 0.000010
65 65 (0) 1 : 0.000010 0.000010 0.276943 0.000010 0.723017 0.000010
66 66 (0) 1 : 0.000010 0.000010 0.000010 0.000010 0.999950 0.000010
67 67 (0) 1 : 0.000010 0.000010 0.123450 0.000010 0.876510 0.000010
68 68 (0) 1 : 0.000010 0.000010 0.999950 0.000010 0.000010 0.000010
69 69 (0) 1 : 0.000010 0.000010 0.404725 0.000010 0.595235 0.000010
70 70 (0) 1 : 0.000010 0.000010 0.879279 0.000010 0.120681 0.000010
71 71 (0) 1 : 0.000010 0.000010 0.692688 0.000010 0.307272 0.000010
72 72 (0) 1 : 0.000010 0.000010 0.000010 0.000010 0.999950 0.000010
73 73 (0) 1 : 0.000010 0.000010 0.000011 0.000010 0.999949 0.000010
74 74 (0) 1 : 0.000010 0.000010 0.284117 0.000010 0.715843 0.000010
75 75 (0) 1 : 0.000010 0.000010 0.387729 0.000010 0.612231 0.000010
76 76 (0) 1 : 0.000010 0.000010 0.999950 0.000010 0.000010 0.000010
77 77 (0) 1 : 0.000010 0.000010 0.999950 0.000010 0.000010 0.000010
78 78 (0) 1 : 0.999950 0.000010 0.000010 0.000010 0.000010 0.000010
79 79 (0) 1 : 0.999946 0.000014 0.000010 0.000010 0.000010 0.000010
80 80 (0) 1 : 0.999950 0.000010 0.000010 0.000010 0.000010 0.000010
81 81 (0) 1 : 0.999950 0.000010 0.000010 0.000010 0.000010 0.000010
82 82 (0) 1 : 0.999950 0.000010 0.000010 0.000010 0.000010 0.000010
83 83 (0) 1 : 0.999948 0.000012 0.000010 0.000010 0.000010 0.000010
84 84 (0) 1 : 0.999941 0.000015 0.000010 0.000014 0.000010 0.000010
85 85 (0) 1 : 0.999948 0.000011 0.000010 0.000011 0.000010 0.000010
86 86 (0) 1 : 0.999941 0.000014 0.000010 0.000015 0.000010 0.000010
87 87 (0) 1 : 0.999950 0.000010 0.000010 0.000010 0.000010 0.000010
88 88 (0) 1 : 0.999950 0.000010 0.000010 0.000010 0.000010 0.000010
89 89 (0) 1 : 0.999950 0.000010 0.000010 0.000010 0.000010 0.000010
90 90 (0) 1 : 0.999947 0.000010 0.000010 0.000013 0.000010 0.000010
91 91 (0) 1 : 0.999945 0.000015 0.000010 0.000010 0.000010 0.000010
92 92 (0) 1 : 0.999950 0.000010 0.000010 0.000010 0.000010 0.000010
93 93 (0) 1 : 0.999949 0.000010 0.000010 0.000011 0.000010 0.000010
94 94 (0) 1 : 0.999950 0.000010 0.000010 0.000010 0.000010 0.000010
95 95 (0) 1 : 0.999950 0.000010 0.000010 0.000010 0.000010 0.000010
96 96 (0) 1 : 0.000013 0.999947 0.000010 0.000010 0.000010 0.000010
97 97 (0) 1 : 0.000018 0.999942 0.000010 0.000010 0.000010 0.000010
98 98 (0) 1 : 0.000010 0.999950 0.000010 0.000010 0.000010 0.000010
99 99 (0) 1 : 0.000010 0.999950 0.000010 0.000010 0.000010 0.000010
100 100 (0) 1 : 0.000010 0.999949 0.000010 0.000011 0.000010 0.000010
101 101 (0) 1 : 0.000010 0.999950 0.000010 0.000010 0.000010 0.000010
102 102 (0) 1 : 0.000010 0.999950 0.000010 0.000010 0.000010 0.000010
103 103 (0) 1 : 0.000010 0.999950 0.000010 0.000010 0.000010 0.000010
104 104 (0) 1 : 0.000010 0.999950 0.000010 0.000010 0.000010 0.000010
105 105 (0) 1 : 0.000010 0.999950 0.000010 0.000010 0.000010 0.000010
106 106 (0) 1 : 0.000010 0.999950 0.000010 0.000010 0.000010 0.000010
107 107 (0) 1 : 0.000010 0.999950 0.000010 0.000010 0.000010 0.000010
108 108 (0) 1 : 0.000015 0.999945 0.000010 0.000010 0.000010 0.000010
109 109 (0) 1 : 0.000010 0.999950 0.000010 0.000010 0.000010 0.000010
110 110 (0) 1 : 0.000010 0.999950 0.000010 0.000010 0.000010 0.000010
111 111 (0) 1 : 0.000010 0.999950 0.000010 0.000010 0.000010 0.000010
112 112 (0) 1 : 0.000010 0.999950 0.000010 0.000010 0.000010 0.000010
113 113 (0) 1 : 0.000010 0.999950 0.000010 0.000010 0.000010 0.000010
114 114 (0) 1 : 0.000010 0.000010 0.000010 0.000010 0.000010 0.999950
115 115 (0) 1 : 0.000010 0.000010 0.000010 0.000010 0.000010 0.999950
116 116 (0) 1 : 0.000011 0.000010 0.000010 0.000010 0.000010 0.999949
117 117 (0) 1 : 0.000010 0.000010 0.000010 0.000010 0.000010 0.999950
118 118 (0) 1 : 0.000010 0.000010 0.000010 0.000010 0.000010 0.999950
119 119 (0) 1 : 0.000010 0.000010 0.000010 0.000012 0.000010 0.999948
120 120 (0) 1 : 0.000010 0.000010 0.000010 0.000013 0.000010 0.999947
121 121 (0) 1 : 0.000010 0.000010 0.000010 0.000010 0.000010 0.999950
1 1 (0) 1 : 0.000015 0.000016 0.000010 0.000010 0.000010 0.999939
2 2 (0) 1 : 0.000013 0.000010 0.000010 0.000011 0.000010 0.999946
3 3 (0) 1 : 0.000013 0.000010 0.000010 0.000010 0.000010 0.999947
4 4 (0) 1 : 0.000013 0.000010 0.000010 0.000010 0.000010 0.999947
5 5 (0) 1 : 0.000014 0.000010 0.000010 0.000010 0.000010 0.999946
6 6 (0) 1 : 0.000013 0.000010 0.000010 0.000010 0.000010 0.999947
7 7 (0) 1 : 0.000014 0.000010 0.000010 0.000010 0.000010 0.999946
8 8 (0) 1 : 0.000012 0.000017 0.000010 0.000010 0.000010 0.999942
9 9 (0) 1 : 0.000013 0.000010 0.000010 0.000010 0.000010 0.999947
10 10 (0) 1 : 0.000013 0.000010 0.000011 0.000010 0.000010 0.999946
11 11 (0) 1 : 0.000014 0.000010 0.000010 0.000011 0.000010 0.999945
12 12 (0) 1 : 0.000015 0.000010 0.000013 0.000014 0.000010 0.999939
13 13 (0) 1 : 0.000010 0.000010 0.000010 0.000010 0.000010 0.999950
14 14 (0) 1 : 0.000015 0.000010 0.000010 0.000010 0.000010 0.999945
15 15 (0) 1 : 0.000013 0.000010 0.000010 0.000010 0.000010 0.999947
16 16 (0) 1 : 0.000014 0.000011 0.000014 0.000010 0.000010 0.999940
17 17 (0) 1 : 0.000014 0.000010 0.000010 0.000010 0.000010 0.999946
18 18 (0) 1 : 0.000016 0.000010 0.000010 0.000010 0.000010 0.999944
19 19 (0) 1 : 0.000014 0.000010 0.000010 0.000010 0.000010 0.999946
20 20 (0) 1 : 0.000013 0.000010 0.000010 0.000011 0.000010 0.999945
21 21 (0) 1 : 0.000010 0.000010 0.000010 0.000011 0.000010 0.999949
22 22 (0) 1 : 0.000016 0.000010 0.000010 0.000013 0.000010 0.999941
23 23 (0) 1 : 0.000015 0.000010 0.000010 0.000010 0.000010 0.999945
24 24 (0) 1 : 0.000010 0.000010 0.000010 0.000010 0.000010 0.999950
25 25 (0) 1 : 0.000014 0.000010 0.000012 0.000010 0.000010 0.999944
26 26 (0) 1 : 0.000014 0.000010 0.000010 0.000010 0.000010 0.999946
27 27 (0) 1 : 0.000015 0.000010 0.000010 0.000010 0.000010 0.999945
28 28 (0) 1 : 0.000014 0.000010 0.000010 0.000010 0.000010 0.999946
29 29 (0) 1 : 0.000015 0.000010 0.000010 0.000010 0.000010 0.999945
30 30 (0) 1 : 0.000013 0.000010 0.000011 0.000010 0.000010 0.999946
31 31 (0) 1 : 0.000015 0.000010 0.000010 0.000010 0.000010 0.999945
32 32 (0) 1 : 0.000017 0.000010 0.000010 0.000012 0.000010 0.999941
33 33 (0) 1 : 0.000013 0.000010 0.000010 0.000013 0.000010 0.999945
34 34 (0) 1 : 0.000013 0.000010 0.000010 0.000010 0.000010 0.999946
35 35 (0) 1 : 0.000014 0.000010 0.000010 0.000010 0.000010 0.999946
36 36 (0) 1 : 0.000010 0.608143 0.000015 0.000010 0.391812 0.000010
37 37 (0) 1 : 0.000010 0.999943 0.000016 0.000010 0.000011 0.000010
38 38 (0) 1 : 0.000010 0.999950 0.000010 0.000010 0.000010 0.000010
39 39 (0) 1 : 0.000010 0.009611 0.000010 0.000010 0.990349 0.000010
40 40 (0) 1 : 0.000010 0.380035 0.000010 0.000010 0.619925 0.000010
41 41 (0) 1 : 0.000010 0.826622 0.000010 0.000010 0.173338 0.000010
42 42 (0) 1 : 0.000010 0.270732 0.000010 0.000010 0.729228 0.000010
43 43 (0) 1 : 0.000010 0.043553 0.000010 0.000010 0.956407 0.000010
44 44 (0) 1 : 0.000010 0.565344 0.000010 0.000010 0.434616 0.000010
45 45 (0) 1 : 0.000010 0.186300 0.000012 0.000010 0.813658 0.000010
46 46 (0) 1 : 0.000010 0.999950 0.000010 0.000010 0.000010 0.000010
47 47 (0) 1 : 0.000010 0.999950 0.000010 0.000010 0.000010 0.000010
48 48 (0) 1 : 0.000010 0.999950 0.000010 0.000010 0.000010 0.000010
49 49 (0) 1 : 0.000010 0.329857 0.000010 0.000010 0.670103 0.000010
50 50 (0) 1 : 0.000010 0.999950 0.000010 0.000010 0.000010 0.000010
51 51 (0) 1 : 0.000010 0.633048 0.000010 0.000010 0.366912 0.000010
52 52 (0) 1 : 0.000010 0.999950 0.000010 0.000010 0.000010 0.000010
53 53 (0) 1 : 0.000010 0.000010 0.000010 0.000010 0.999950 0.000010
54 54 (0) 1 : 0.000010 0.000010 0.000010 0.000010 0.999950 0.000010
55 55 (0) 1 : 0.000010 0.463944 0.000010 0.000010 0.536016 0.000010
56 56 (0) 1 : 0.000010 0.999950 0.000010 0.000010 0.000010 0.000010
57 57 (0) 1 : 0.000010 0.000010 0.000010 0.000010 0.999950 0.000010
58 58 (0) 1 : 0.000010 0.305846 0.000010 0.000010 0.694114 0.000010
59 59 (0) 1 : 0.000010 0.323432 0.000010 0.000010 0.676528 0.000010
60 60 (0) 1 : 0.000010 0.000010 0.000010 0.000010 0.999950 0.000010
61 61 (0) 1 : 0.000010 0.000019 0.000010 0.000010 0.999941 0.000010
62 62 (0) 1 : 0.000010 0.999950 0.000010 0.000010 0.000010 0.000010
63 63 (0) 1 : 0.000010 0.650392 0.000010 0.000010 0.349568 0.000010
64 64 (0) 1 : 0.000010 0.000010 0.000010 0.000010 0.999950 0.000010
65 65 (0) 1 : 0.000010 0.278073 0.000010 0.000010 0.721887 0.000010
66 66 (0) 1 : 0.000010 0.000010 0.000010 0.000010 0.999950 0.000010
67 67 (0) 1 : 0.000010 0.113335 0.000010 0.000010 0.886625 0.000010
68 68 (0) 1 : 0.000010 0.999950 0.000010 0.000010 0.000010 0.000010
69 69 (0) 1 : 0.000010 0.398393 0.000010 0.000010 0.601567 0.000010
70 70 (0) 1 : 0.000010 0.875643 0.000010 0.000010 0.124316 0.000010
71 71 (0) 1 : 0.000010 0.692123 0.000010 0.000010 0.307837 0.000010
72 72 (0) 1 : 0.000010 0.000010 0.000010 0.000010 0.999950 0.000010
73 73 (0) 1 : 0.000010 0.000010 0.000010 0.000010 0.999950 0.000010
74 74 (0) 1 : 0.000010 0.279204 0.000010 0.000010 0.720756 0.000010
75 75 (0) 1 : 0.000010 0.387697 0.000010 0.000010 0.612263 0.000010
76 76 (0) 1 : 0.000010 0.999950 0.000010 0.000010 0.000010 0.000010
77 77 (0) 1 : 0.000010 0.999950 0.000010 0.000010 0.000010 0.000010
78 78 (0) 1 : 0.000010 0.000010 0.000010 0.999950 0.000010 0.000010
79 79 (0) 1 : 0.000010 0.000010 0.000010 0.999950 0.000010 0.000010
80 80 (0) 1 : 0.000010 0.000010 0.000010 0.999950 0.000010 0.000010
81 81 (0) 1 : 0.000010 0.000010 0.000010 0.999950 0.000010 0.000010
82 82 (0) 1 : 0.000010 0.000010 0.000010 0.999950 0.000010 0.000010
83 83 (0) 1 : 0.000010 0.000010 0.000012 0.999948 0.000010 0.000010
84 84 (0) 1 : 0.000010 0.000010 0.000010 0.999950 0.000010 0.000010
85 85 (0) 1 : 0.000010 0.000010 0.000010 0.999950 0.000010 0.000010
86 86 (0) 1 : 0.000010 0.000010 0.000010 0.999950 0.000010 0.000010
87 87 (0) 1 : 0.000010 0.000010 0.000010 0.999950 0.000010 0.000010
88 88 (0) 1 : 0.000010 0.000010 0.000012 0.999947 0.000011 0.000010
89 89 (0) 1 : 0.000010 0.000010 0.000010 0.999950 0.000010 0.000010
90 90 (0) 1 : 0.000010 0.000010 0.000010 0.999950 0.000010 0.000010
91 91 (0) 1 : 0.000010 0.000010 0.000010 0.999950 0.000010 0.000010
92 92 (0) 1 : 0.000010 0.000010 0.000010 0.999950 0.000010 0.000010
93 93 (0) 1 : 0.000010 0.000010 0.000010 0.999950 0.000010 0.000010
94 94 (0) 1 : 0.000010 0.000010 0.000010 0.999950 0.000010 0.000010
95 95 (0) 1 : 0.000010 0.000018 0.000014 0.999938 0.000010 0.000010
96 96 (0) 1 : 0.000010 0.000010 0.999950 0.000010 0.000010 0.000010
97 97 (0) 1 : 0.000010 0.000010 0.999949 0.000011 0.000010 0.000010
98 98 (0) 1 : 0.000010 0.000010 0.999950 0.000010 0.000010 0.000010
99 99 (0) 1 : 0.000010 0.000010 0.999950 0.000010 0.000010 0.000010
100 100 (0) 1 : 0.000010 0.000010 0.999950 0.000010 0.000010 0.000010
101 101 (0) 1 : 0.000010 0.000010 0.999950 0.000010 0.000010 0.000010
102 102 (0) 1 : 0.000010 0.000010 0.999946 0.000014 0.000010 0.000010
103 103 (0) 1 : 0.000010 0.000010 0.999950 0.000010 0.000010 0.000010
104 104 (0) 1 : 0.000010 0.000010 0.999942 0.000017 0.000011 0.000010
105 105 (0) 1 : 0.000010 0.000010 0.999950 0.000010 0.000010 0.000010
106 106 (0) 1 : 0.000010 0.000010 0.999944 0.000016 0.000010 0.000010
107 107 (0) 1 : 0.000010 0.000010 0.999950 0.000010 0.000010 0.000010
108 108 (0) 1 : 0.000010 0.000013 0.999940 0.000017 0.000010 0.000010
109 109 (0) 1 : 0.000010 0.000010 0.999950 0.000010 0.000010 0.000010
110 110 (0) 1 : 0.000010 0.000010 0.999947 0.000013 0.000010 0.000010
111 111 (0) 1 : 0.000010 0.000010 0.999950 0.000010 0.000010 0.000010
112 112 (0) 1 : 0.000010 0.000010 0.999949 0.000011 0.000010 0.000010
113 113 (0) 1 : 0.000010 0.000010 0.999950 0.000010 0.000010 0.000010
114 114 (0) 1 : 0.999949 0.000010 0.000011 0.000010 0.000010 0.000010
115 115 (0) 1 : 0.999949 0.000011 0.000010 0.000010 0.000011 0.000010
116 116 (0) 1 : 0.999949 0.000011 0.000010 0.000010 0.000010 0.000010
117 117 (0) 1 : 0.999949 0.000010 0.000010 0.000010 0.000011 0.000010
118 118 (0) 1 : 0.999950 0.000010 0.000010 0.000010 0.000010 0.000010
119 119 (0) 1 : 0.999950 0.000010 0.000010 0.000010 0.000010 0.000010
120 120 (0) 1 : 0.999947 0.000010 0.000012 0.000010 0.000010 0.000010
121 121 (0) 1 : 0.999949 0.000010 0.000010 0.000010 0.000010 0.000010
1 1 (0) 1 : 0.000010 0.000010 0.000010 0.000010 0.000010 0.999950
2 2 (0) 1 : 0.000010 0.000010 0.000010 0.000010 0.000010 0.999950
3 3 (0) 1 : 0.000010 0.000010 0.000010 0.000010 0.000010 0.999950
4 4 (0) 1 : 0.000010 0.000010 0.000010 0.000010 0.000010 0.999950
5 5 (0) 1 : 0.000010 0.000010 0.000010 0.000010 0.000010 0.999950
6 6 (0) 1 : 0.000010 0.000010 0.000010 0.000010 0.000010 0.999950
7 7 (0) 1 : 0.000010 0.000010 0.000010 0.000010 0.000010 0.999950
8 8 (0) 1 : 0.000010 0.000010 0.000010 0.000010 0.000010 0.999950
9 9 (0) 1 : 0.000010 0.000010 0.000015 0.000010 0.000010 0.999945
10 10 (0) 1 : 0.000010 0.000010 0.000010 0.000010 0.000010 0.999950
11 11 (0) 1 : 0.000019 0.000010 0.000010 0.000010 0.000010 0.999941
12 12 (0) 1 : 0.000010 0.000010 0.000010 0.000010 0.000010 0.999950
13 13 (0) 1 : 0.000010 0.000010 0.000010 0.000010 0.000010 0.999950
14 14 (0) 1 : 0.000010 0.000010 0.000010 0.000010 0.000010 0.999950
15 15 (0) 1 : 0.000010 0.000010 0.000010 0.000010 0.000010 0.999950
16 16 (0) 1 : 0.000010 0.000010 0.000010 0.000010 0.000010 0.999950
17 17 (0) 1 : 0.000010 0.000010 0.000010 0.000010 0.000010 0.999950
18 18 (0) 1 : 0.000010 0.000010 0.000010 0.000010 0.000010 0.999950
19 19 (0) 1 : 0.000010 0.000010 0.000010 0.000010 0.000010 0.999950
20 20 (0) 1 : 0.000010 0.000010 0.000010 0.000010 0.000010 0.999950
21 21 (0) 1 : 0.000010 0.000010 0.000010 0.000010 0.000010 0.999950
22 22 (0) 1 : 0.000010 0.000010 0.000010 0.000010 0.000010 0.999950
23 23 (0) 1 : 0.000010 0.000010 0.000010 0.000010 0.000010 0.999950
24 24 (0) 1 : 0.000010 0.000010 0.000010 0.000010 0.000010 0.999950
25 25 (0) 1 : 0.000010 0.000010 0.000010 0.000010 0.000010 0.999950
26 26 (0) 1 : 0.000010 0.000016 0.000010 0.000010 0.000010 0.999944
27 27 (0) 1 : 0.000010 0.000010 0.000010 0.000010 0.000010 0.999950
28 28 (0) 1 : 0.000010 0.000010 0.000010 0.000010 0.000010 0.999950
29 29 (0) 1 : 0.000010 0.000010 0.000010 0.000010 0.000010 0.999950
30 30 (0) 1 : 0.000010 0.000010 0.000010 0.000010 0.000010 0.999950
31 31 (0) 1 : 0.000010 0.000010 0.000010 0.000010 0.000010 0.999950
32 32 (0) 1 : 0.000015 0.000010 0.000010 0.000010 0.000010 0.999945
33 33 (0) 1 : 0.000010 0.000010 0.000010 0.000010 0.000010 0.999950
34 34 (0) 1 : 0.000010 0.000010 0.000010 0.000010 0.000010 0.999950
35 35 (0) 1 : 0.000010 0.000010 0.000010 0.000010 0.000010 0.999950
36 36 (0) 1 : 0.000010 0.000010 0.391796 0.608164 0.000010 0.000010
37 37 (0) 1 : 0.000010 0.000010 0.000010 0.999950 0.000010 0.000010
38 38 (0) 1 : 0.000010 0.000010 0.000010 0.999950 0.000010 0.000010
39 39 (0) 1 : 0.000010 0.000010 0.990318 0.009642 0.000010 0.000010
40 40 (0) 1 : 0.000010 0.000010 0.619899 0.380061 0.000010 0.000010
41 41 (0) 1 : 0.000010 0.000010 0.173592 0.826368 0.000010 0.000010
42 42 (0) 1 : 0.000010 0.000010 0.728519 0.271441 0.000010 0.000010
43 43 (0) 1 : 0.000010 0.000010 0.956941 0.043019 0.000010 0.000010
44 44 (0) 1 : 0.000010 0.000010 0.433836 0.566124 0.000010 0.000010
45 45 (0) 1 : 0.000011 0.000010 0.813907 0.186052 0.000010 0.000010
46 46 (0) 1 : 0.000010 0.000010 0.000010 0.999950 0.000010 0.000010
47 47 (0) 1 : 0.000010 0.000010 0.000010 0.999950 0.000010 0.000010
48 48 (0) 1 : 0.000010 0.000010 0.000010 0.999950 0.000010 0.000010
49 49 (0) 1 : 0.000010 0.000010 0.670241 0.329719 0.000010 0.000010
50 50 (0) 1 : 0.000010 0.000010 0.000010 0.999950 0.000010 0.000010
51 51 (0) 1 : 0.000010 0.000010 0.366958 0.633002 0.000010 0.000010
52 52 (0) 1 : 0.000010 0.000010 0.000010 0.999950 0.000010 0.000010
53 53 (0) 1 : 0.000010 0.000010 0.999950 0.000010 0.000010 0.000010
54 54 (0) 1 : 0.000010 0.000010 0.999950 0.000010 0.000010 0.000010
55 55 (0) 1 : 0.000010 0.000010 0.535783 0.464177 0.000010 0.000010
56 56 (0) 1 : 0.000010 0.000010 0.000010 0.999950 0.000010 0.000010
57 57 (0) 1 : 0.000010 0.000010 0.999950 0.000010 0.000010 0.000010
58 58 (0) 1 : 0.000010 0.000010 0.694066 0.305894 0.000010 0.000010
59 59 (0) 1 : 0.000010 0.000010 0.676628 0.323332 0.000010 0.000010
60 60 (0) 1 : 0.000010 0.000010 0.999950 0.000010 0.000010 0.000010
61 61 (0) 1 : 0.000010 0.000010 0.999950 0.000010 0.000010 0.000010
62 62 (0) 1 : 0.000010 0.000010 0.000010 0.999950 0.000010 0.000010
63 63 (0) 1 : 0.000010 0.000010 0.350044 0.649916 0.000010 0.000010
64 64 (0) 1 : 0.000010 0.000010 0.999950 0.000010 0.000010 0.000010
65 65 (0) 1 : 0.000010 0.000010 0.721357 0.278603 0.000010 0.000010
66 66 (0) 1 : 0.000010 0.000010 0.999950 0.000010 0.000010 0.000010
67 67 (0) 1 : 0.000010 0.000010 0.887421 0.112539 0.000010 0.000010
68 68 (0) 1 : 0.000012 0.000010 0.000010 0.999948 0.000010 0.000010
69 69 (0) 1 : 0.000010 0.000010 0.601717 0.398243 0.000010 0.000010
70 70 (0) 1 : 0.000010 0.000010 0.124653 0.875307 0.000010 0.000010
71 71 (0) 1 : 0.000010 0.000010 0.307746 0.692214 0.000010 0.000010
72 72 (0) 1 : 0.000010 0.000012 0.999948 0.000010 0.000010 0.000010
73 73 (0) 1 : 0.000010 0.000010 0.999950 0.000010 0.000010 0.000010
74 74 (0) 1 : 0.000010 0.000010 0.720437 0.279523 0.000010 0.000010
75 75 (0) 1 : 0.000010 0.000010 0.612248 0.387712 0.000010 0.000010
76 76 (0) 1 : 0.000010 0.000010 0.000010 0.999950 0.000010 0.000010
77 77 (0) 1 : 0.000010 0.000010 0.000010 0.999950 0.000010 0.000010
78 78 (0) 1 : 0.000010 0.999950 0.000010 0.000010 0.000010 0.000010
79 79 (0) 1 : 0.000010 0.999950 0.000010 0.000010 0.000010 0.000010
80 80 (0) 1 : 0.000010 0.999950 0.000010 0.000010 0.000010 0.000010
81 81 (0) 1 : 0.000010 0.999950 0.000010 0.000010 0.000010 0.000010
82 82 (0) 1 : 0.000010 0.999950 0.000010 0.000010 0.000010 0.000010
83 83 (0) 1 : 0.000010 0.999950 0.000010 0.000010 0.000010 0.000010
84 84 (0) 1 : 0.000010 0.999950 0.000010 0.000010 0.000010 0.000010
85 85 (0) 1 : 0.000010 0.999950 0.000010 0.000010 0.000010 0.000010
86 86 (0) 1 : 0.000010 0.999950 0.000010 0.000010 0.000010 0.000010
87 87 (0) 1 : 0.000010 0.999950 0.000010 0.000010 0.000010 0.000010
88 88 (0) 1 : 0.000010 0.999950 0.000010 0.000010 0.000010 0.000010
89 89 (0) 1 : 0.000010 0.999950 0.000010 0.000010 0.000010 0.000010
90 90 (0) 1 : 0.000010 0.999950 0.000010 0.000010 0.000010 0.000010
91 91 (0) 1 : 0.000010 0.999950 0.000010 0.000010 0.000010 0.000010
92 92 (0) 1 : 0.000010 0.999950 0.000010 0.000010 0.000010 0.000010
93 93 (0) 1 : 0.000010 0.999950 0.000010 0.000010 0.000010 0.000010
94 94 (0) 1 : 0.000010 0.999950 0.000010 0.000010 0.000010 0.000010
95 95 (0) 1 : 0.000010 0.999950 0.000010 0.000010 0.000010 0.000010
96 96 (0) 1 : 0.000010 0.000010 0.000010 0.000010 0.999950 0.000010
97 97 (0) 1 : 0.000010 0.000010 0.000010 0.000010 0.999950 0.000010
98 98 (0) 1 : 0.000010 0.000010 0.000010 0.000010 0.999950 0.000010
99 99 (0) 1 : 0.000010 0.000010 0.000010 0.000010 0.999950 0.000010
100 100 (0) 1 : 0.000010 0.000010 0.000010 0.000010 0.999950 0.000010
101 101 (0) 1 : 0.000010 0.000010 0.000010 0.000010 0.999950 0.000010
102 102 (0) 1 : 0.000010 0.000010 0.000010 0.000010 0.999950 0.000010
103 103 (0) 1 : 0.000010 0.000010 0.000010 0.000010 0.999950 0.000010
104 104 (0) 1 : 0.000010 0.000010 0.000010 0.000010 0.999950 0.000010
105 105 (0) 1 : 0.000010 0.000010 0.000010 0.000010 0.999950 0.000010
106 106 (0) 1 : 0.000010 0.000010 0.000011 0.000010 0.999949 0.000010
107 107 (0) 1 : 0.000010 0.000010 0.000010 0.000010 0.999950 0.000010
108 108 (0) 1 : 0.000010 0.000010 0.000010 0.000010 0.999950 0.000010
109 109 (0) 1 : 0.000010 0.000010 0.000010 0.000010 0.999950 0.000010
110 110 (0) 1 : 0.000010 0.000010 0.000010 0.000010 0.999950 0.000010
111 111 (0) 1 : 0.000010 0.000010 0.000010 0.000010 0.999950 0.000010
112 112 (0) 1 : 0.000010 0.000010 0.000010 0.000010 0.999950 0.000010
113 113 (0) 1 : 0.000010 0.000010 0.000010 0.000010 0.999950 0.000010
114 114 (0) 1 : 0.999950 0.000010 0.000010 0.000010 0.000010 0.000010
115 115 (0) 1 : 0.999950 0.000010 0.000010 0.000010 0.000010 0.000010
116 116 (0) 1 : 0.999950 0.000010 0.000010 0.000010 0.000010 0.000010
117 117 (0) 1 : 0.999950 0.000010 0.000010 0.000010 0.000010 0.000010
118 118 (0) 1 : 0.999950 0.000010 0.000010 0.000010 0.000010 0.000010
119 119 (0) 1 : 0.999949 0.000010 0.000010 0.000011 0.000010 0.000010
120 120 (0) 1 : 0.999950 0.000010 0.000010 0.000010 0.000010 0.000010
121 121 (0) 1 : 0.999950 0.000010 0.000010 0.000010 0.000010 0.000010
1 1 (0) 1 : 0.000010 0.000010 0.000010 0.000010 0.000010 0.999950
2 2 (0) 1 : 0.000010 0.000010 0.000010 0.000010 0.000010 0.999950
3 3 (0) 1 : 0.000010 0.000010 0.000010 0.000010 0.000010 0.999950
4 4 (0) 1 : 0.000010 0.000010 0.000010 0.000010 0.000010 0.999950
5 5 (0) 1 : 0.000010 0.000010 0.000010 0.000010 0.000010 0.999950
6 6 (0) 1 : 0.000010 0.000010 0.000010 0.000010 0.000010 0.999950
7 7 (0) 1 : 0.000010 0.000010 0.000010 0.000010 0.000010 0.999950
8 8 (0) 1 : 0.000010 0.000010 0.000010 0.000010 0.000010 0.999950
9 9 (0) 1 : 0.000010 0.000010 0.000010 0.000010 0.000010 0.999950
10 10 (0) 1 : 0.000010 0.000010 0.000010 0.000010 0.000010 0.999950
11 11 (0) 1 : 0.000010 0.000010 0.000010 0.000010 0.000010 0.999950
12 12 (0) 1 : 0.000010 0.000010 0.000010 0.000010 0.000010 0.999950
13 13 (0) 1 : 0.000010 0.000010 0.000010 0.000010 0.000010 0.999950
14 14 (0) 1 : 0.000010 0.000010 0.000010 0.000010 0.000010 0.999950
15 15 (0) 1 : 0.000010 0.000010 0.000010 0.000010 0.000010 0.999950
16 16 (0) 1 : 0.000010 0.000010 0.000010 0.000010 0.000010 0.999950
17 17 (0) 1 : 0.000010 0.000010 0.000010 0.000010 0.000010 0.999950
18 18 (0) 1 : 0.000010 0.000010 0.000010 0.000010 0.000010 0.999950
19 19 (0) 1 : 0.000010 0.000010 0.000010 0.000010 0.000010 0.999950
20 20 (0) 1 : 0.000010 0.000010 0.000010 0.000010 0.000010 0.999950
21 21 (0) 1 : 0.000010 0.000010 0.000010 0.000010 0.000010 0.999950
22 22 (0) 1 : 0.000010 0.000010 0.000010 0.000010 0.000010 0.999950
23 23 (0) 1 : 0.000010 0.000010 0.000010 0.000010 0.000010 0.999950
24 24 (0) 1 : 0.000010 0.000010 0.000010 0.000010 0.000010 0.999950
25 25 (0) 1 : 0.000010 0.000010 0.000010 0.000010 0.000010 0.999950
26 26 (0) 1 : 0.000010 0.000010 0.000010 0.000010 0.000010 0.999950
27 27 (0) 1 : 0.000010 0.000010 0.000010 0.000010 0.000010 0.999950
28 28 (0) 1 : 0.000010 0.000010 0.000010 0.000010 0.000010 0.999950
29 29 (0) 1 : 0.000010 0.000010 0.000010 0.000010 0.000010 0.999950
30 30 (0) 1 : 0.000010 0.000010 0.000010 0.000010 0.000010 0.999950
31 31 (0) 1 : 0.000010 0.000010 0.000010 0.000010 0.000010 0.999950
32 32 (0) 1 : 0.000010 0.000010 0.000010 0.000010 0.000010 0.999950
33 33 (0) 1 : 0.000010 0.000010 0.000010 0.000010 0.000010 0.999950
34 34 (0) 1 : 0.000010 0.000010 0.000010 0.000010 0.000010 0.999950
35 35 (0) 1 : 0.000010 0.000010 0.000010 0.000010 0.000010 0.999950
36 36 (0) 1 : 0.608280 0.000011 0.391679 0.000010 0.000010 0.000010
37 37 (0) 1 : 0.999940 0.000010 0.000019 0.000011 0.000010 0.000010
38 38 (0) 1 : 0.999950 0.000010 0.000010 0.000010 0.000010 0.000010
39 39 (0) 1 : 0.010687 0.000010 0.989272 0.000011 0.000010 0.000010
40 40 (0) 1 : 0.380280 0.000010 0.619680 0.000010 0.000010 0.000010
41 41 (0) 1 : 0.826950 0.000010 0.173010 0.000010 0.000010 0.000010
42 42 (0) 1 : 0.270497 0.000010 0.729463 0.000010 0.000010 0.000010
43 43 (0) 1 : 0.044092 0.000010 0.955867 0.000010 0.000010 0.000010
44 44 (0) 1 : 0.565272 0.000010 0.434688 0.000010 0.000010 0.000010
45 45 (0) 1 : 0.186415 0.000010 0.813545 0.000010 0.000010 0.000010
46 46 (0) 1 : 0.999941 0.000010 0.000016 0.000012 0.000010 0.000010
47 47 (0) 1 : 0.999947 0.000011 0.000010 0.000012 0.000010 0.000010
48 48 (0) 1 : 0.999950 0.000010 0.000010 0.000010 0.000010 0.000010
49 49 (0) 1 : 0.329721 0.000010 0.670239 0.000010 0.000010 0.000010
50 50 (0) 1 : 0.999950 0.000010 0.000010 0.000010 0.000010 0.000010
51 51 (0) 1 : 0.632830 0.000010 0.367130 0.000010 0.000010 0.000010
52 52 (0) 1 : 0.999950 0.000010 0.000010 0.000010 0.000010 0.000010
53 53 (0) 1 : 0.000010 0.000010 0.999950 0.000010 0.000010 0.000010
54 54 (0) 1 : 0.000010 0.000010 0.999950 0.000010 0.000010 0.000010
55 55 (0) 1 : 0.463998 0.000010 0.535962 0.000010 0.000010 0.000010
56 56 (0) 1 : 0.999950 0.000010 0.000010 0.000010 0.000010 0.000010
57 57 (0) 1 : 0.000010 0.000010 0.999950 0.000010 0.000010 0.000010
58 58 (0) 1 : 0.306102 0.000010 0.693858 0.000010 0.000010 0.000010
59 59 (0) 1 : 0.323190 0.000010 0.676770 0.000010 0.000010 0.000010
60 60 (0) 1 : 0.000010 0.000010 0.999948 0.000012 0.000010 0.000010
61 61 (0) 1 : 0.000010 0.000010 0.999950 0.000010 0.000010 0.000010
62 62 (0) 1 : 0.999950 0.000010 0.000010 0.000010 0.000010 0.000010
63 63 (0) 1 : 0.649927 0.000010 0.350033 0.000010 0.000010 0.000010
64 64 (0) 1 : 0.000010 0.000010 0.999950 0.000010 0.000010 0.000010
65 65 (0) 1 : 0.278292 0.000011 0.721667 0.000010 0.000010 0.000010
66 66 (0) 1 : 0.000010 0.000010 0.999950 0.000010 0.000010 0.000010
67 67 (0) 1 : 0.113447 0.000010 0.886513 0.000010 0.000010 0.000010
68 68 (0) 1 : 0.999950 0.000010 0.000010 0.000010 0.000010 0.000010
69 69 (0) 1 : 0.398608 0.000010 0.601351 0.000011 0.000010 0.000010
70 70 (0) 1 : 0.875665 0.000010 0.124295 0.000010 0.000010 0.000010
71 71 (0) 1 : 0.692230 0.000010 0.307730 0.000010 0.000010 0.000010
72 72 (0) 1 : 0.000010 0.000010 0.999950 0.000010 0.000010 0.000010
73 73 (0) 1 : 0.000010 0.000010 0.999950 0.000010 0.000010 0.000010
74 74 (0) 1 : 0.278716 0.000010 0.721244 0.000010 0.000010 0.000010
75 75 (0) 1 : 0.387568 0.000010 0.612392 0.000010 0.000010 0.000010
76 76 (0) 1 : 0.999950 0.000010 0.000010 0.000010 0.000010 0.000010
77 77 (0) 1 : 0.999950 0.000010 0.000010 0.000010 0.000010 0.000010
78 78 (0) 1 : 0.000010 0.000010 0.000010 0.000010 0.999950 0.000010
79 79 (0) 1 : 0.000010 0.000010 0.000010 0.000010 0.999950 0.000010
80 80 (0) 1 : 0.000010 0.000012 0.000010 0.000010 0.999948 0.000010
81 81 (0) 1 : 0.000010 0.000012 0.000010 0.000010 0.999948 0.000010
82 82 (0) 1 : 0.000010 0.000010 0.000010 0.000010 0.999950 0.000010
83 83 (0) 1 : 0.000010 0.000010 0.000010 0.000010 0.999950 0.000010
84 84 (0) 1 : 0.000010 0.000010 0.000010 0.000010 0.999950 0.000010
85 85 (0) 1 : 0.000010 0.000011 0.000010 0.000010 0.999949 0.000010
86 86 (0) 1 : 0.000010 0.000010 0.000010 0.000010 0.999950 0.000010
87 87 (0) 1 : 0.000010 0.000010 0.000010 0.000010 0.999950 0.000010
88 88 (0) 1 : 0.000010 0.000010 0.000010 0.000010 0.999950 0.000010
89 89 (0) 1 : 0.000012 0.000010 0.000010 0.000010 0.999948 0.000010
90 90 (0) 1 : 0.000010 0.000012 0.000010 0.000010 0.999948 0.000010
91 91 (0) 1 : 0.000018 0.000010 0.000010 0.000010 0.999942 0.000010
92 92 (0) 1 : 0.000010 0.000011 0.000010 0.000010 0.999949 0.000010
93 93 (0) 1 : 0.000010 0.000010 0.000010 0.000010 0.999950 0.000010
94 94 (0) 1 : 0.000010 0.000011 0.000010 0.000010 0.999949 0.000010
95 95 (0) 1 : 0.000010 0.000011 0.000010 0.000010 0.999949 0.000010
96 96 (0) 1 : 0.000010 0.000010 0.000010 0.999950 0.000010 0.000010
97 97 (0) 1 : 0.000010 0.000010 0.000010 0.999950 0.000010 0.000010
98 98 (0) 1 : 0.000010 0.000010 0.000010 0.999950 0.000010 0.000010
99 99 (0) 1 : 0.000010 0.000010 0.000010 0.999950 0.000010 0.000010
100 100 (0) 1 : 0.000010 0.000010 0.000010 0.999950 0.000010 0.000010
101 101 (0) 1 : 0.000010 0.000010 0.000010 0.999950 0.000010 0.000010
102 102 (0) 1 : 0.000010 0.000010 0.000010 0.999950 0.000010 0.000010
103 103 (0) 1 : 0.000010 0.000010 0.000010 0.999950 0.000010 0.000010
104 104 (0) 1 : 0.000010 0.000010 0.000010 0.999950 0.000010 0.000010
105 105 (0) 1 : 0.000010 0.000010 0.000010 0.999950 0.000010 0.000010
106 106 (0) 1 : 0.000010 0.000010 0.000010 0.999950 0.000010 0.000010
107 107 (0) 1 : 0.000010 0.000010 0.000010 0.999950 0.000010 0.000010
108 108 (0) 1 : 0.000010 0.000010 0.000010 0.999950 0.000010 0.000010
109 109 (0) 1 : 0.000010 0.000010 0.000010 0.999950 0.000010 0.000010
110 110 (0) 1 : 0.000010 0.000010 0.000010 0.999950 0.000010 0.000010
111 111 (0) 1 : 0.000010 0.000010 0.000010 0.999950 0.000010 0.000010
112 112 (0) 1 : 0.000010 0.000010 0.000010 0.999950 0.000010 0.000010
113 113 (0) 1 : 0.000010 0.000010 0.000010 0.999950 0.000010 0.000010
114 114 (0) 1 : 0.000010 0.999950 0.000010 0.000010 0.000010 0.000010
115 115 (0) 1 : 0.000010 0.999950 0.000010 0.000010 0.000010 0.000010
116 116 (0) 1 : 0.000010 0.999950 0.000010 0.000010 0.000010 0.000010
117 117 (0) 1 : 0.000010 0.999950 0.000010 0.000010 0.000010 0.000010
118 118 (0) 1 : 0.000010 0.999950 0.000010 0.000010 0.000010 0.000010
119 119 (0) 1 : 0.000010 0.999950 0.000010 0.000010 0.000010 0.000010
120 120 (0) 1 : 0.000010 0.999950 0.000010 0.000010 0.000010 0.000010
121 121 (0) 1 : 0.000010 0.999950 0.000010 0.000010 0.000010 0.000010
1 1 (0) 1 : 0.000010 0.000010 0.000010 0.999950 0.000010 0.000010
2 2 (0) 1 : 0.000010 0.000013 0.000013 0.999938 0.000016 0.000010
3 3 (0) 1 : 0.000010 0.000012 0.000012 0.999943 0.000013 0.000010
4 4 (0) 1 : 0.000010 0.000010 0.000010 0.999950 0.000010 0.000010
5 5 (0) 1 : 0.000010 0.000010 0.000010 0.999950 0.000010 0.000010
6 6 (0) 1 : 0.000010 0.000011 0.000010 0.999949 0.000010 0.000010
7 7 (0) 1 : 0.000010 0.000010 0.000010 0.999950 0.000010 0.000010
8 8 (0) 1 : 0.000010 0.000011 0.000013 0.999946 0.000010 0.000010
9 9 (0) 1 : 0.000010 0.000010 0.000010 0.999950 0.000010 0.000010
10 10 (0) 1 : 0.000010 0.000011 0.000010 0.999949 0.000010 0.000010
11 11 (0) 1 : 0.000010 0.000010 0.000010 0.999950 0.000010 0.000010
12 12 (0) 1 : 0.000010 0.000011 0.000011 0.999948 0.000010 0.000010
13 13 (0) 1 : 0.000010 0.000010 0.000010 0.999950 0.000010 0.000010
14 14 (0) 1 : 0.000010 0.000010 0.000011 0.999949 0.000010 0.000010
15 15 (0) 1 : 0.000010 0.000011 0.000010 0.999949 0.000010 0.000010
16 16 (0) 1 : 0.000010 0.000010 0.000010 0.999947 0.000013 0.000010
17 17 (0) 1 : 0.000010 0.000010 0.000010 0.999950 0.000010 0.000010
18 18 (0) 1 : 0.000010 0.000010 0.000010 0.999950 0.000010 0.000010
19 19 (0) 1 : 0.000010 0.000010 0.000010 0.999950 0.000010 0.000010
20 20 (0) 1 : 0.000010 0.000010 0.000010 0.999950 0.000010 0.000010
21 21 (0) 1 : 0.000010 0.000012 0.000010 0.999948 0.000010 0.000010
22 22 (0) 1 : 0.000010 0.000012 0.000010 0.999945 0.000014 0.000010
23 23 (0) 1 : 0.000010 0.000011 0.000013 0.999944 0.000012 0.000010
24 24 (0) 1 : 0.000010 0.000010 0.000010 0.999950 0.000010 0.000010
25 25 (0) 1 : 0.000010 0.000012 0.000010 0.999947 0.000011 0.000010
26 26 (0) 1 : 0.000010 0.000012 0.000010 0.999946 0.000012 0.000010
27 27 (0) 1 : 0.000010 0.000011 0.000010 0.999949 0.000010 0.000010
28 28 (0) 1 : 0.000010 0.000010 0.000010 0.999950 0.000010 0.000010
29 29 (0) 1 : 0.000010 0.000010 0.000010 0.999950 0.000010 0.000010
30 30 (0) 1 : 0.000010 0.000010 0.000010 0.999950 0.000010 0.000010
31 31 (0) 1 : 0.000010 0.000010 0.000010 0.999950 0.000010 0.000010
32 32 (0) 1 : 0.000010 0.000010 0.000010 0.999950 0.000010 0.000010
33 33 (0) 1 : 0.000010 0.000012 0.000017 0.999940 0.000010 0.000010
34 34 (0) 1 : 0.000010 0.000012 0.000010 0.999948 0.000010 0.000010
35 35 (0) 1 : 0.000010 0.000010 0.000010 0.999950 0.000010 0.000010
36 36 (0) 1 : 0.391823 0.000010 0.000011 0.000011 0.000010 0.608136
37 37 (0) 1 : 0.000010 0.000010 0.000010 0.000010 0.000010 0.999950
38 38 (0) 1 : 0.000010 0.000011 0.000010 0.000011 0.000010 0.999949
39 39 (0) 1 : 0.990540 0.000010 0.000010 0.000010 0.000010 0.009420
40 40 (0) 1 : 0.619956 0.000010 0.000010 0.000010 0.000010 0.380004
41 41 (0) 1 : 0.173433 0.000010 0.000010 0.000010 0.000010 0.826527
42 42 (0) 1 : 0.729303 0.000010 0.000010 0.000012 0.000010 0.270655
43 43 (0) 1 : 0.956466 0.000010 0.000010 0.000010 0.000010 0.043494
44 44 (0) 1 : 0.434645 0.000010 0.000010 0.000011 0.000010 0.565314
45 45 (0) 1 : 0.813692 0.000011 0.000012 0.000012 0.000010 0.186263
46 46 (0) 1 : 0.000010 0.000011 0.000010 0.000010 0.000010 0.999949
47 47 (0) 1 : 0.000010 0.000010 0.000010 0.000010 0.000010 0.999950
48 48 (0) 1 : 0.000010 0.000010 0.000010 0.000010 0.000010 0.999950
49 49 (0) 1 : 0.670098 0.000010 0.000010 0.000010 0.000010 0.329862
50 50 (0) 1 : 0.000010 0.000010 0.000010 0.000010 0.000010 0.999950
51 51 (0) 1 : 0.366941 0.000010 0.000012 0.000010 0.000010 0.633018
52 52 (0) 1 : 0.000010 0.000010 0.000010 0.000010 0.000010 0.999950
53 53 (0) 1 : 0.999950 0.000010 0.000010 0.000010 0.000010 0.000010
54 54 (0) 1 : 0.999950 0.000010 0.000010 0.000010 0.000010 0.000010
55 55 (0) 1 : 0.536040 0.000011 0.000010 0.000010 0.000010 0.463919
56 56 (0) 1 : 0.000010 0.000010 0.000010 0.000010 0.000010 0.999950
57 57 (0) 1 : 0.999950 0.000010 0.000010 0.000010 0.000010 0.000010
58 58 (0) 1 : 0.694116 0.000010 0.000010 0.000013 0.000010 0.305841
59 59 (0) 1 : 0.676551 0.000010 0.000010 0.000010 0.000010 0.323409
60 60 (0) 1 : 0.999950 0.000010 0.000010 0.000010 0.000010 0.000010
61 61 (0) 1 : 0.999950 0.000010 0.000010 0.000010 0.000010 0.000010
62 62 (0) 1 : 0.000010 0.000010 0.000010 0.000010 0.000010 0.999950
63 63 (0) 1 : 0.349595 0.000011 0.000010 0.000010 0.000010 0.650364
64 64 (0) 1 : 0.999950 0.000010 0.000010 0.000010 0.000010 0.000010
65 65 (0) 1 : 0.721909 0.000010 0.000010 0.000010 0.000010 0.278051
66 66 (0) 1 : 0.999950 0.000010 0.000010 0.000010 0.000010 0.000010
67 67 (0) 1 : 0.886676 0.000010 0.000010 0.000010 0.000010 0.113284
68 68 (0) 1 : 0.000010 0.000010 0.000010 0.000010 0.000010 0.999950
69 69 (0) 1 : 0.601597 0.000010 0.000011 0.000010 0.000010 0.398362
70 70 (0) 1 : 0.124394 0.000010 0.000010 0.000010 0.000010 0.875566
71 71 (0) 1 : 0.307861 0.000010 0.000010 0.000010 0.000010 0.692099
72 72 (0) 1 : 0.999950 0.000010 0.000010 0.000010 0.000010 0.000010
73 73 (0) 1 : 0.999950 0.000010 0.000010 0.000010 0.000010 0.000010
74 74 (0) 1 : 0.720775 0.000010 0.000010 0.000010 0.000010 0.279185
75 75 (0) 1 : 0.612285 0.000010 0.000011 0.000010 0.000010 0.387674
76 76 (0) 1 : 0.000010 0.000010 0.000010 0.000010 0.000010 0.999950
77 77 (0) 1 : 0.000010 0.000010 0.000010 0.000010 0.000010 0.999950
78 78 (0) 1 : 0.000010 0.000010 0.999950 0.000010 0.000010 0.000010
79 79 (0) 1 : 0.000010 0.000010 0.999950 0.000010 0.000010 0.000010
80 80 (0) 1 : 0.000010 0.000010 0.999950 0.000010 0.000010 0.000010
81 81 (0) 1 : 0.000010 0.000010 0.999950 0.000010 0.000010 0.000010
82 82 (0) 1 : 0.000010 0.000010 0.999950 0.000010 0.000010 0.000010
83 83 (0) 1 : 0.000010 0.000010 0.999950 0.000010 0.000010 0.000010
84 84 (0) 1 : 0.000010 0.000010 0.999950 0.000010 0.000010 0.000010
85 85 (0) 1 : 0.000010 0.000010 0.999950 0.000010 0.000010 0.000010
86 86 (0) 1 : 0.000010 0.000010 0.999950 0.000010 0.000010 0.000010
87 87 (0) 1 : 0.000011 0.000010 0.999949 0.000010 0.000010 0.000010
88 88 (0) 1 : 0.000010 0.000010 0.999950 0.000010 0.000010 0.000010
89 89 (0) 1 : 0.000010 0.000010 0.999950 0.000010 0.000010 0.000010
90 90 (0) 1 : 0.000010 0.000010 0.999950 0.000010 0.000010 0.000010
91 91 (0) 1 : 0.000010 0.000010 0.999950 0.000010 0.000010 0.000010
92 92 (0) 1 : 0.000010 0.000010 0.999950 0.000010 0.000010 0.000010
93 93 (0) 1 : 0.000010 0.000010 0.999950 0.000010 0.000010 0.000010
94 94 (0) 1 : 0.000010 0.000010 0.999950 0.000010 0.000010 0.000010
95 95 (0) 1 : 0.000010 0.000010 0.999950 0.000010 0.000010 0.000010
96 96 (0) 1 : 0.000010 0.999948 0.000012 0.000010 0.000011 0.000010
97 97 (0) 1 : 0.000011 0.999947 0.000010 0.000010 0.000011 0.000010
98 98 (0) 1 : 0.000010 0.999947 0.000011 0.000011 0.000012 0.000010
99 99 (0) 1 : 0.000010 0.999949 0.000010 0.000010 0.000011 0.000010
100 100 (0) 1 : 0.000010 0.999947 0.000011 0.000010 0.000012 0.000010
101 101 (0) 1 : 0.000010 0.999948 0.000010 0.000010 0.000012 0.000010
102 102 (0) 1 : 0.000011 0.999946 0.000012 0.000010 0.000012 0.000010
103 103 (0) 1 : 0.000010 0.999948 0.000010 0.000010 0.000012 0.000010
104 104 (0) 1 : 0.000011 0.999946 0.000011 0.000011 0.000011 0.000010
105 105 (0) 1 : 0.000012 0.999945 0.000011 0.000010 0.000012 0.000010
106 106 (0) 1 : 0.000010 0.999950 0.000010 0.000010 0.000010 0.000010
107 107 (0) 1 : 0.000010 0.999949 0.000010 0.000010 0.000011 0.000010
108 108 (0) 1 : 0.000010 0.999948 0.000011 0.000010 0.000011 0.000010
109 109 (0) 1 : 0.000010 0.999947 0.000011 0.000010 0.000012 0.000010
110 110 (0) 1 : 0.000010 0.999947 0.000012 0.000011 0.000011 0.000010
111 111 (0) 1 : 0.000011 0.999948 0.000010 0.000011 0.000010 0.000010
112 112 (0) 1 : 0.000010 0.999948 0.000010 0.000011 0.000011 0.000010
113 113 (0) 1 : 0.000012 0.999946 0.000011 0.000011 0.000011 0.000010
114 114 (0) 1 : 0.000012 0.000010 0.000010 0.000010 0.999948 0.000010
115 115 (0) 1 : 0.000010 0.000010 0.000010 0.000010 0.999950 0.000010
116 116 (0) 1 : 0.000010 0.000010 0.000010 0.000010 0.999950 0.000010
117 117 (0) 1 : 0.000011 0.000010 0.000010 0.000010 0.999949 0.000010
118 118 (0) 1 : 0.000013 0.000010 0.000010 0.000010 0.999947 0.000010
119 119 (0) 1 : 0.000010 0.000010 0.000010 0.000010 0.999950 0.000010
120 120 (0) 1 : 0.000010 0.000010 0.000010 0.000010 0.999950 0.000010
121 121 (0) 1 : 0.000010 0.000010 0.000010 0.000010 0.999950 0.000010
1 1 (0) 1 : 0.999948 0.000010 0.000010 0.000010 0.000012 0.000010
2 2 (0) 1 : 0.999945 0.000010 0.000010 0.000014 0.000011 0.000010
3 3 (0) 1 : 0.999950 0.000010 0.000010 0.000010 0.000010 0.000010
4 4 (0) 1 : 0.999950 0.000010 0.000010 0.000010 0.000010 0.000010
5 5 (0) 1 : 0.999950 0.000010 0.000010 0.000010 0.000010 0.000010
6 6 (0) 1 : 0.999950 0.000010 0.000010 0.000010 0.000010 0.000010
7 7 (0) 1 : 0.999950 0.000010 0.000010 0.000010 0.000010 0.000010
8 8 (0) 1 : 0.999950 0.000010 0.000010 0.000010 0.000010 0.000010
9 9 (0) 1 : 0.999950 0.000010 0.000010 0.000010 0.000010 0.000010
10 10 (0) 1 : 0.999948 0.000010 0.000012 0.000010 0.000010 0.000010
11 11 (0) 1 : 0.999950 0.000010 0.000010 0.000010 0.000010 0.000010
12 12 (0) 1 : 0.999950 0.000010 0.000010 0.000010 0.000010 0.000010
13 13 (0) 1 : 0.999950 0.000010 0.000010 0.000010 0.000010 0.000010
14 14 (0) 1 : 0.999944 0.000010 0.000010 0.000010 0.000016 0.000010
15 15 (0) 1 : 0.999938 0.000020 0.000010 0.000010 0.000013 0.000010
16 16 (0) 1 : 0.999946 0.000010 0.000014 0.000010 0.000010 0.000010
17 17 (0) 1 : 0.999950 0.000010 0.000010 0.000010 0.000010 0.000010
18 18 (0) 1 : 0.999950 0.000010 0.000010 0.000010 0.000010 0.000010
19 19 (0) 1 : 0.999949 0.000010 0.000011 0.000010 0.000010 0.000010
20 20 (0) 1 : 0.999950 0.000010 0.000010 0.000010 0.000010 0.000010
21 21 (0) 1 : 0.999947 0.000010 0.000013 0.000010 0.000010 0.000010
22 22 (0) 1 : 0.999942 0.000010 0.000018 0.000010 0.000010 0.000010
23 23 (0) 1 : 0.999950 0.000010 0.000010 0.000010 0.000010 0.000010
24 24 (0) 1 : 0.999950 0.000010 0.000010 0.000010 0.000010 0.000010
25 25 (0) 1 : 0.999949 0.000010 0.000010 0.000010 0.000011 0.000010
26 26 (0) 1 : 0.999947 0.000013 0.000010 0.000010 0.000010 0.000010
27 27 (0) 1 : 0.999950 0.000010 0.000010 0.000010 0.000010 0.000010
28 28 (0) 1 : 0.999950 0.000010 0.000010 0.000010 0.000010 0.000010
29 29 (0) 1 : 0.999940 0.000010 0.000019 0.000010 0.000011 0.000010
30 30 (0) 1 : 0.999950 0.000010 0.000010 0.000010 0.000010 0.000010
31 31 (0) 1 : 0.999950 0.000010 0.000010 0.000010 0.000010 0.000010
32 32 (0) 1 : 0.999950 0.000010 0.000010 0.000010 0.000010 0.000010
33 33 (0) 1 : 0.999950 0.000010 0.000010 0.000010 0.000010 0.000010
34 34 (0) 1 : 0.999933 0.000010 0.000010 0.000018 0.000019 0.000010
35 35 (0) 1 : 0.999936 0.000018 0.000010 0.000010 0.000016 0.000010
36 36 (0) 1 : 0.000010 0.000013 0.390906 0.000010 0.000010 0.609051
37 37 (0) 1 : 0.000010 0.000015 0.000010 0.000011 0.000010 0.999944
38 38 (0) 1 : 0.000010 0.000010 0.000010 0.000010 0.000010 0.999950
39 39 (0) 1 : 0.000010 0.000010 0.990131 0.000010 0.000010 0.009829
40 40 (0) 1 : 0.000010 0.000010 0.619409 0.000012 0.000010 0.380550
41 41 (0) 1 : 0.000012 0.000012 0.173370 0.000011 0.000010 0.826586
42 42 (0) 1 : 0.000015 0.000015 0.728547 0.000010 0.000010 0.271402
43 43 (0) 1 : 0.000010 0.000010 0.954894 0.000010 0.000010 0.045066
44 44 (0) 1 : 0.000010 0.000010 0.457379 0.000010 0.000010 0.542581
45 45 (0) 1 : 0.000010 0.000010 0.811678 0.000010 0.000010 0.188282
46 46 (0) 1 : 0.000010 0.000016 0.000010 0.000010 0.000010 0.999944
47 47 (0) 1 : 0.000010 0.000010 0.000010 0.000010 0.000010 0.999950
48 48 (0) 1 : 0.000010 0.000018 0.000011 0.000014 0.000010 0.999937
49 49 (0) 1 : 0.000011 0.000010 0.670526 0.000015 0.000010 0.329428
50 50 (0) 1 : 0.000010 0.000010 0.000010 0.000010 0.000010 0.999950
51 51 (0) 1 : 0.000010 0.000010 0.366607 0.000010 0.000010 0.633353
52 52 (0) 1 : 0.000010 0.000010 0.000010 0.000010 0.000010 0.999950
53 53 (0) 1 : 0.000010 0.000010 0.999950 0.000010 0.000010 0.000010
54 54 (0) 1 : 0.000010 0.000010 0.999950 0.000010 0.000010 0.000010
55 55 (0) 1 : 0.000010 0.000010 0.537857 0.000019 0.000010 0.462094
56 56 (0) 1 : 0.000010 0.000010 0.000010 0.000010 0.000010 0.999950
57 57 (0) 1 : 0.000010 0.000010 0.999950 0.000010 0.000010 0.000010
58 58 (0) 1 : 0.000013 0.000010 0.693593 0.000010 0.000010 0.306364
59 59 (0) 1 : 0.000010 0.000019 0.677550 0.000010 0.000010 0.322401
60 60 (0) 1 : 0.000010 0.000010 0.999950 0.000010 0.000010 0.000010
61 61 (0) 1 : 0.000010 0.000010 0.999950 0.000010 0.000010 0.000010
62 62 (0) 1 : 0.000010 0.000010 0.000010 0.000010 0.000010 0.999950
63 63 (0) 1 : 0.000010 0.000010 0.350358 0.000010 0.000010 0.649602
64 64 (0) 1 : 0.000010 0.000010 0.999950 0.000010 0.000010 0.000010
65 65 (0) 1 : 0.000010 0.000010 0.721636 0.000010 0.000010 0.278324
66 66 (0) 1 : 0.000010 0.000010 0.999950 0.000010 0.000010 0.000010
67 67 (0) 1 : 0.000010 0.000010 0.886596 0.000010 0.000010 0.113364
68 68 (0) 1 : 0.000010 0.000010 0.000010 0.000010 0.000010 0.999950
69 69 (0) 1 : 0.000010 0.000010 0.601102 0.000012 0.000010 0.398857
70 70 (0) 1 : 0.000010 0.000010 0.124161 0.000010 0.000010 0.875799
71 71 (0) 1 : 0.000010 0.000010 0.307972 0.000014 0.000010 0.691984
72 72 (0) 1 : 0.000010 0.000010 0.999950 0.000010 0.000010 0.000010
73 73 (0) 1 : 0.000010 0.000010 0.999950 0.000010 0.000010 0.000010
74 74 (0) 1 : 0.000010 0.000010 0.719787 0.000010 0.000010 0.280173
75 75 (0) 1 : 0.000010 0.000010 0.611089 0.000010 0.000010 0.388871
76 76 (0) 1 : 0.000010 0.000010 0.000010 0.000010 0.000010 0.999950
77 77 (0) 1 : 0.000010 0.000010 0.000010 0.000010 0.000010 0.999950
78 78 (0) 1 : 0.000010 0.000010 0.000010 0.000010 0.999950 0.000010
79 79 (0) 1 : 0.000010 0.000010 0.000010 0.000010 0.999950 0.000010
80 80 (0) 1 : 0.000010 0.000010 0.000010 0.000010 0.999950 0.000010
81 81 (0) 1 : 0.000013 0.000010 0.000010 0.000010 0.999947 0.000010
82 82 (0) 1 : 0.000010 0.000010 0.000010 0.000010 0.999950 0.000010
83 83 (0) 1 : 0.000010 0.000010 0.000010 0.000010 0.999950 0.000010
84 84 (0) 1 : 0.000010 0.000010 0.000010 0.000010 0.999950 0.000010
85 85 (0) 1 : 0.000010 0.000010 0.000010 0.000010 0.999950 0.000010
86 86 (0) 1 : 0.000010 0.000010 0.000010 0.000010 0.999950 0.000010
87 87 (0) 1 : 0.000010 0.000010 0.000010 0.000010 0.999950 0.000010
88 88 (0) 1 : 0.000010 0.000010 0.000010 0.000010 0.999950 0.000010
89 89 (0) 1 : 0.000010 0.000010 0.000010 0.000010 0.999950 0.000010
90 90 (0) 1 : 0.000010 0.000010 0.000010 0.000010 0.999950 0.000010
91 91 (0) 1 : 0.000010 0.000010 0.000010 0.000010 0.999950 0.000010
92 92 (0) 1 : 0.000010 0.000010 0.000010 0.000010 0.999950 0.000010
93 93 (0) 1 : 0.000010 0.000010 0.000010 0.000010 0.999950 0.000010
94 94 (0) 1 : 0.000010 0.000010 0.000010 0.000010 0.999950 0.000010
95 95 (0) 1 : 0.000010 0.000010 0.000010 0.000010 0.999950 0.000010
96 96 (0) 1 : 0.000010 0.000010 0.000010 0.999950 0.000010 0.000010
97 97 (0) 1 : 0.000012 0.000013 0.000010 0.999939 0.000016 0.000010
98 98 (0) 1 : 0.000010 0.000010 0.000011 0.999949 0.000010 0.000010
99 99 (0) 1 : 0.000013 0.000019 0.000010 0.999937 0.000010 0.000010
100 100 (0) 1 : 0.000010 0.000010 0.000010 0.999950 0.000010 0.000010
101 101 (0) 1 : 0.000017 0.000010 0.000010 0.999943 0.000010 0.000010
102 102 (0) 1 : 0.000010 0.000010 0.000010 0.999950 0.000010 0.000010
103 103 (0) 1 : 0.000011 0.000010 0.000010 0.999943 0.000016 0.000010
104 104 (0) 1 : 0.000010 0.000010 0.000010 0.999946 0.000014 0.000010
105 105 (0) 1 : 0.000017 0.000010 0.000010 0.999943 0.000010 0.000010
106 106 (0) 1 : 0.000019 0.000010 0.000010 0.999937 0.000014 0.000010
107 107 (0) 1 : 0.000016 0.000013 0.000010 0.999940 0.000011 0.000010
108 108 (0) 1 : 0.000015 0.000011 0.000010 0.999944 0.000010 0.000010
109 109 (0) 1 : 0.000010 0.000010 0.000010 0.999950 0.000010 0.000010
110 110 (0) 1 : 0.000016 0.000010 0.000010 0.999944 0.000010 0.000010
111 111 (0) 1 : 0.000010 0.000010 0.000010 0.999942 0.000018 0.000010
112 112 (0) 1 : 0.000017 0.000014 0.000010 0.999939 0.000010 0.000010
113 113 (0) 1 : 0.000010 0.000010 0.000010 0.999948 0.000012 0.000010
114 114 (0) 1 : 0.000010 0.999950 0.000010 0.000010 0.000010 0.000010
115 115 (0) 1 : 0.000010 0.999950 0.000010 0.000010 0.000010 0.000010
116 116 (0) 1 : 0.000010 0.999950 0.000010 0.000010 0.000010 0.000010
117 117 (0) 1 : 0.000010 0.999950 0.000010 0.000010 0.000010 0.000010
118 118 (0) 1 : 0.000010 0.999950 0.000010 0.000010 0.000010 0.000010
119 119 (0) 1 : 0.000010 0.999943 0.000017 0.000010 0.000010 0.000010
120 120 (0) 1 : 0.000010 0.999946 0.000010 0.000014 0.000010 0.000010
121 121 (0) 1 : 0.000010 0.999950 0.000010 0.000010 0.000010 0.000010
