1 1 (0) 1 : 0.000010 0.000010 0.999980
2 2 (0) 1 : 0.000010 0.000010 0.999980
3 3 (0) 1 : 0.000010 0.000010 0.999980
4 4 (0) 1 : 0.000010 0.000010 0.999980
5 5 (0) 1 : 0.000010 0.000010 0.999980
6 6 (0) 1 : 0.000010 0.000010 0.999980
7 7 (0) 1 : 0.000010 0.000010 0.999980
8 8 (0) 1 : 0.000010 0.000010 0.999980
9 9 (0) 1 : 0.000010 0.000010 0.999980
10 10 (0) 1 : 0.000010 0.000010 0.999980
11 11 (0) 1 : 0.000010 0.000010 0.999980
12 12 (0) 1 : 0.000010 0.000010 0.999980
13 13 (0) 1 : 0.000010 0.000010 0.999980
14 14 (0) 1 : 0.000010 0.000010 0.999980
15 15 (0) 1 : 0.000010 0.000010 0.999980
16 16 (0) 1 : 0.000010 0.000010 0.999980
17 17 (0) 1 : 0.000010 0.000010 0.999980
18 18 (0) 1 : 0.000010 0.000010 0.999980
19 19 (0) 1 : 0.000010 0.000010 0.999980
20 20 (0) 1 : 0.000010 0.000010 0.999980
21 21 (0) 1 : 0.000010 0.000010 0.999980
22 22 (0) 1 : 0.000010 0.000010 0.999980
23 23 (0) 1 : 0.000010 0.000010 0.999980
24 24 (0) 1 : 0.000010 0.000010 0.999980
25 25 (0) 1 : 0.000010 0.000010 0.999980
26 26 (0) 1 : 0.000010 0.000010 0.999980
27 27 (0) 1 : 0.000010 0.000010 0.999980
28 28 (0) 1 : 0.000010 0.000010 0.999980
29 29 (0) 1 : 0.000010 0.000010 0.999980
30 30 (0) 1 : 0.000010 0.000010 0.999980
31 31 (0) 1 : 0.000010 0.000010 0.999980
32 32 (0) 1 : 0.000010 0.000010 0.999980
33 33 (0) 1 : 0.000010 0.000010 0.999980
34 34 (0) 1 : 0.000010 0.000010 0.999980
35 35 (0) 1 : 0.000010 0.000010 0.999980
36 36 (0) 1 : 0.999980 0.000010 0.000010
37 37 (0) 1 : 0.999980 0.000010 0.000010
38 38 (0) 1 : 0.999980 0.000010 0.000010
39 39 (0) 1 : 0.999980 0.000010 0.000010
40 40 (0) 1 : 0.999980 0.000010 0.000010
41 41 (0) 1 : 0.999980 0.000010 0.000010
42 42 (0) 1 : 0.999980 0.000010 0.000010
43 43 (0) 1 : 0.999970 0.000020 0.000010
44 44 (0) 1 : 0.999980 0.000010 0.000010
45 45 (0) 1 : 0.999980 0.000010 0.000010
46 46 (0) 1 : 0.999980 0.000010 0.000010
47 47 (0) 1 : 0.999980 0.000010 0.000010
48 48 (0) 1 : 0.999980 0.000010 0.000010
49 49 (0) 1 : 0.999980 0.000010 0.000010
50 50 (0) 1 : 0.999980 0.000010 0.000010
51 51 (0) 1 : 0.999980 0.000010 0.000010
52 52 (0) 1 : 0.999980 0.000010 0.000010
53 53 (0) 1 : 0.999980 0.000010 0.000010
54 54 (0) 1 : 0.999980 0.000010 0.000010
55 55 (0) 1 : 0.999980 0.000010 0.000010
56 56 (0) 1 : 0.999980 0.000010 0.000010
57 57 (0) 1 : 0.999977 0.000013 0.000010
58 58 (0) 1 : 0.999980 0.000010 0.000010
59 59 (0) 1 : 0.999980 0.000010 0.000010
60 60 (0) 1 : 0.999980 0.000010 0.000010
61 61 (0) 1 : 0.999980 0.000010 0.000010
62 62 (0) 1 : 0.999980 0.000010 0.000010
63 63 (0) 1 : 0.999980 0.000010 0.000010
64 64 (0) 1 : 0.999980 0.000010 0.000010
65 65 (0) 1 : 0.999980 0.000010 0.000010
66 66 (0) 1 : 0.999980 0.000010 0.000010
67 67 (0) 1 : 0.999980 0.000010 0.000010
68 68 (0) 1 : 0.999980 0.000010 0.000010
69 69 (0) 1 : 0.999980 0.000010 0.000010
70 70 (0) 1 : 0.999980 0.000010 0.000010
71 71 (0) 1 : 0.999980 0.000010 0.000010
72 72 (0) 1 : 0.999980 0.000010 0.000010
73 73 (0) 1 : 0.999980 0.000010 0.000010
74 74 (0) 1 : 0.999980 0.000010 0.000010
75 75 (0) 1 : 0.999980 0.000010 0.000010
76 76 (0) 1 : 0.999980 0.000010 0.000010
77 77 (0) 1 : 0.999980 0.000010 0.000010
78 78 (0) 1 : 0.000010 0.042582 0.957408
79 79 (0) 1 : 0.000010 0.036181 0.963809
80 80 (0) 1 : 0.000010 0.039819 0.960171
81 81 (0) 1 : 0.000010 0.027189 0.972801
82 82 (0) 1 : 0.000010 0.030015 0.969975
83 83 (0) 1 : 0.000010 0.039611 0.960379
84 84 (0) 1 : 0.000010 0.025480 0.974510
85 85 (0) 1 : 0.000010 0.039635 0.960355
86 86 (0) 1 : 0.000010 0.039316 0.960674
87 87 (0) 1 : 0.000010 0.035169 0.964821
88 88 (0) 1 : 0.000010 0.037718 0.962272
89 89 (0) 1 : 0.000010 0.035176 0.964814
90 90 (0) 1 : 0.000010 0.030737 0.969253
91 91 (0) 1 : 0.000010 0.039176 0.960814
92 92 (0) 1 : 0.000010 0.022240 0.977750
93 93 (0) 1 : 0.000010 0.032563 0.967427
94 94 (0) 1 : 0.000010 0.032650 0.967340
95 95 (0) 1 : 0.000010 0.027589 0.972401
96 96 (0) 1 : 0.000010 0.999980 0.000010
97 97 (0) 1 : 0.000010 0.999980 0.000010
98 98 (0) 1 : 0.000011 0.999979 0.000010
99 99 (0) 1 : 0.000010 0.999980 0.000010
100 100 (0) 1 : 0.000010 0.999980 0.000010
101 101 (0) 1 : 0.000010 0.999980 0.000010
102 102 (0) 1 : 0.000010 0.999980 0.000010
103 103 (0) 1 : 0.000010 0.999980 0.000010
104 104 (0) 1 : 0.000010 0.999980 0.000010
105 105 (0) 1 : 0.000010 0.999980 0.000010
106 106 (0) 1 : 0.000010 0.999980 0.000010
107 107 (0) 1 : 0.000010 0.999980 0.000010
108 108 (0) 1 : 0.000010 0.999980 0.000010
109 109 (0) 1 : 0.000010 0.999980 0.000010
110 110 (0) 1 : 0.000010 0.999980 0.000010
111 111 (0) 1 : 0.000010 0.999980 0.000010
112 112 (0) 1 : 0.000010 0.999980 0.000010
113 113 (0) 1 : 0.000010 0.999980 0.000010
114 114 (0) 1 : 0.000010 0.000010 0.999980
115 115 (0) 1 : 0.000010 0.000882 0.999108
116 116 (0) 1 : 0.000010 0.000010 0.999980
117 117 (0) 1 : 0.000010 0.000010 0.999980
118 118 (0) 1 : 0.000010 0.000010 0.999980
119 119 (0) 1 : 0.000010 0.000010 0.999980
120 120 (0) 1 : 0.000010 0.000010 0.999980
121 121 (0) 1 : 0.000010 0.000010 0.999980
1 1 (0) 1 : 0.000010 0.000010 0.999980
2 2 (0) 1 : 0.000010 0.000010 0.999980
3 3 (0) 1 : 0.000010 0.000010 0.999980
4 4 (0) 1 : 0.000010 0.000010 0.999980
5 5 (0) 1 : 0.000010 0.000010 0.999980
6 6 (0) 1 : 0.000010 0.000010 0.999980
7 7 (0) 1 : 0.000010 0.000010 0.999980
8 8 (0) 1 : 0.000010 0.000010 0.999980
9 9 (0) 1 : 0.000010 0.000010 0.999980
10 10 (0) 1 : 0.000010 0.000010 0.999980
11 11 (0) 1 : 0.000010 0.000010 0.999980
12 12 (0) 1 : 0.000010 0.000010 0.999980
13 13 (0) 1 : 0.000010 0.000010 0.999980
14 14 (0) 1 : 0.000010 0.000010 0.999980
15 15 (0) 1 : 0.000010 0.000010 0.999980
16 16 (0) 1 : 0.000010 0.000010 0.999980
17 17 (0) 1 : 0.000010 0.000010 0.999980
18 18 (0) 1 : 0.000010 0.000010 0.999980
19 19 (0) 1 : 0.000010 0.000010 0.999980
20 20 (0) 1 : 0.000010 0.000010 0.999980
21 21 (0) 1 : 0.000010 0.000010 0.999980
22 22 (0) 1 : 0.000010 0.000010 0.999980
23 23 (0) 1 : 0.000010 0.000010 0.999980
24 24 (0) 1 : 0.000010 0.000010 0.999980
25 25 (0) 1 : 0.000010 0.000010 0.999980
26 26 (0) 1 : 0.000010 0.000010 0.999980
27 27 (0) 1 : 0.000010 0.000010 0.999980
28 28 (0) 1 : 0.000010 0.000010 0.999980
29 29 (0) 1 : 0.000010 0.000010 0.999980
30 30 (0) 1 : 0.000010 0.000010 0.999980
31 31 (0) 1 : 0.000010 0.000010 0.999980
32 32 (0) 1 : 0.000010 0.000010 0.999980
33 33 (0) 1 : 0.000010 0.000010 0.999980
34 34 (0) 1 : 0.000010 0.000010 0.999980
35 35 (0) 1 : 0.000010 0.000010 0.999980
36 36 (0) 1 : 0.999980 0.000010 0.000010
37 37 (0) 1 : 0.999980 0.000010 0.000010
38 38 (0) 1 : 0.999980 0.000010 0.000010
39 39 (0) 1 : 0.999980 0.000010 0.000010
40 40 (0) 1 : 0.999980 0.000010 0.000010
41 41 (0) 1 : 0.999980 0.000010 0.000010
42 42 (0) 1 : 0.999980 0.000010 0.000010
43 43 (0) 1 : 0.999980 0.000010 0.000010
44 44 (0) 1 : 0.999980 0.000010 0.000010
45 45 (0) 1 : 0.999980 0.000010 0.000010
46 46 (0) 1 : 0.999980 0.000010 0.000010
47 47 (0) 1 : 0.999980 0.000010 0.000010
48 48 (0) 1 : 0.999980 0.000010 0.000010
49 49 (0) 1 : 0.999980 0.000010 0.000010
50 50 (0) 1 : 0.999980 0.000010 0.000010
51 51 (0) 1 : 0.999980 0.000010 0.000010
52 52 (0) 1 : 0.999980 0.000010 0.000010
53 53 (0) 1 : 0.999980 0.000010 0.000010
54 54 (0) 1 : 0.999980 0.000010 0.000010
55 55 (0) 1 : 0.999980 0.000010 0.000010
56 56 (0) 1 : 0.999980 0.000010 0.000010
57 57 (0) 1 : 0.999980 0.000010 0.000010
58 58 (0) 1 : 0.999980 0.000010 0.000010
59 59 (0) 1 : 0.999980 0.000010 0.000010
60 60 (0) 1 : 0.999980 0.000010 0.000010
61 61 (0) 1 : 0.999980 0.000010 0.000010
62 62 (0) 1 : 0.999980 0.000010 0.000010
63 63 (0) 1 : 0.999980 0.000010 0.000010
64 64 (0) 1 : 0.999980 0.000010 0.000010
65 65 (0) 1 : 0.999980 0.000010 0.000010
66 66 (0) 1 : 0.999980 0.000010 0.000010
67 67 (0) 1 : 0.999980 0.000010 0.000010
68 68 (0) 1 : 0.999980 0.000010 0.000010
69 69 (0) 1 : 0.999980 0.000010 0.000010
70 70 (0) 1 : 0.999980 0.000010 0.000010
71 71 (0) 1 : 0.999980 0.000010 0.000010
72 72 (0) 1 : 0.999980 0.000010 0.000010
73 73 (0) 1 : 0.999980 0.000010 0.000010
74 74 (0) 1 : 0.999980 0.000010 0.000010
75 75 (0) 1 : 0.999980 0.000010 0.000010
76 76 (0) 1 : 0.999980 0.000010 0.000010
77 77 (0) 1 : 0.999980 0.000010 0.000010
78 78 (0) 1 : 0.000010 0.042583 0.957407
79 79 (0) 1 : 0.000010 0.036182 0.963808
80 80 (0) 1 : 0.000010 0.039819 0.960171
81 81 (0) 1 : 0.000010 0.027190 0.972800
82 82 (0) 1 : 0.000010 0.030016 0.969974
83 83 (0) 1 : 0.000010 0.039612 0.960378
84 84 (0) 1 : 0.000010 0.025481 0.974509
85 85 (0) 1 : 0.000010 0.039636 0.960354
86 86 (0) 1 : 0.000010 0.039316 0.960674
87 87 (0) 1 : 0.000010 0.035169 0.964821
88 88 (0) 1 : 0.000010 0.037719 0.962271
89 89 (0) 1 : 0.000010 0.035177 0.964813
90 90 (0) 1 : 0.000010 0.030737 0.969253
91 91 (0) 1 : 0.000010 0.039177 0.960813
92 92 (0) 1 : 0.000010 0.022240 0.977750
93 93 (0) 1 : 0.000010 0.032564 0.967426
94 94 (0) 1 : 0.000010 0.032650 0.967340
95 95 (0) 1 : 0.000010 0.027590 0.972400
96 96 (0) 1 : 0.000010 0.999980 0.000010
97 97 (0) 1 : 0.000010 0.999980 0.000010
98 98 (0) 1 : 0.000010 0.999980 0.000010
99 99 (0) 1 : 0.000010 0.999980 0.000010
100 100 (0) 1 : 0.000010 0.999980 0.000010
101 101 (0) 1 : 0.000010 0.999980 0.000010
102 102 (0) 1 : 0.000010 0.999980 0.000010
103 103 (0) 1 : 0.000010 0.999980 0.000010
104 104 (0) 1 : 0.000010 0.999980 0.000010
105 105 (0) 1 : 0.000010 0.999980 0.000010
106 106 (0) 1 : 0.000010 0.999980 0.000010
107 107 (0) 1 : 0.000010 0.999980 0.000010
108 108 (0) 1 : 0.000010 0.999980 0.000010
109 109 (0) 1 : 0.000010 0.999980 0.000010
110 110 (0) 1 : 0.000010 0.999980 0.000010
111 111 (0) 1 : 0.000010 0.999980 0.000010
112 112 (0) 1 : 0.000010 0.999980 0.000010
113 113 (0) 1 : 0.000010 0.999980 0.000010
114 114 (0) 1 : 0.000010 0.000010 0.999980
115 115 (0) 1 : 0.000010 0.000876 0.999114
116 116 (0) 1 : 0.000010 0.000010 0.999980
117 117 (0) 1 : 0.000010 0.000010 0.999980
118 118 (0) 1 : 0.000010 0.000010 0.999980
119 119 (0) 1 : 0.000010 0.000010 0.999980
120 120 (0) 1 : 0.000010 0.000010 0.999980
121 121 (0) 1 : 0.000010 0.000010 0.999980
1 1 (0) 1 : 0.000010 0.999980 0.000010
2 2 (0) 1 : 0.000010 0.999980 0.000010
3 3 (0) 1 : 0.000010 0.999980 0.000010
4 4 (0) 1 : 0.000010 0.999980 0.000010
5 5 (0) 1 : 0.000010 0.999980 0.000010
6 6 (0) 1 : 0.000010 0.999980 0.000010
7 7 (0) 1 : 0.000010 0.999980 0.000010
8 8 (0) 1 : 0.000010 0.999980 0.000010
9 9 (0) 1 : 0.000010 0.999980 0.000010
10 10 (0) 1 : 0.000010 0.999980 0.000010
11 11 (0) 1 : 0.000010 0.999980 0.000010
12 12 (0) 1 : 0.000010 0.999980 0.000010
13 13 (0) 1 : 0.000010 0.999980 0.000010
14 14 (0) 1 : 0.000010 0.999980 0.000010
15 15 (0) 1 : 0.000010 0.999980 0.000010
16 16 (0) 1 : 0.000010 0.999980 0.000010
17 17 (0) 1 : 0.000010 0.999980 0.000010
18 18 (0) 1 : 0.000010 0.999980 0.000010
19 19 (0) 1 : 0.000010 0.999980 0.000010
20 20 (0) 1 : 0.000010 0.999980 0.000010
21 21 (0) 1 : 0.000010 0.999980 0.000010
22 22 (0) 1 : 0.000010 0.999980 0.000010
23 23 (0) 1 : 0.000010 0.999980 0.000010
24 24 (0) 1 : 0.000010 0.999980 0.000010
25 25 (0) 1 : 0.000010 0.999980 0.000010
26 26 (0) 1 : 0.000010 0.999980 0.000010
27 27 (0) 1 : 0.000010 0.999980 0.000010
28 28 (0) 1 : 0.000010 0.999980 0.000010
29 29 (0) 1 : 0.000010 0.999980 0.000010
30 30 (0) 1 : 0.000010 0.999980 0.000010
31 31 (0) 1 : 0.000010 0.999980 0.000010
32 32 (0) 1 : 0.000010 0.999980 0.000010
33 33 (0) 1 : 0.000010 0.999980 0.000010
34 34 (0) 1 : 0.000010 0.999980 0.000010
35 35 (0) 1 : 0.000010 0.999980 0.000010
36 36 (0) 1 : 0.999980 0.000010 0.000010
37 37 (0) 1 : 0.999980 0.000010 0.000010
38 38 (0) 1 : 0.999980 0.000010 0.000010
39 39 (0) 1 : 0.999980 0.000010 0.000010
40 40 (0) 1 : 0.999980 0.000010 0.000010
41 41 (0) 1 : 0.999980 0.000010 0.000010
42 42 (0) 1 : 0.999980 0.000010 0.000010
43 43 (0) 1 : 0.999980 0.000010 0.000010
44 44 (0) 1 : 0.999980 0.000010 0.000010
45 45 (0) 1 : 0.999980 0.000010 0.000010
46 46 (0) 1 : 0.999980 0.000010 0.000010
47 47 (0) 1 : 0.999980 0.000010 0.000010
48 48 (0) 1 : 0.999980 0.000010 0.000010
49 49 (0) 1 : 0.999980 0.000010 0.000010
50 50 (0) 1 : 0.999980 0.000010 0.000010
51 51 (0) 1 : 0.999980 0.000010 0.000010
52 52 (0) 1 : 0.999980 0.000010 0.000010
53 53 (0) 1 : 0.999980 0.000010 0.000010
54 54 (0) 1 : 0.999980 0.000010 0.000010
55 55 (0) 1 : 0.999980 0.000010 0.000010
56 56 (0) 1 : 0.999980 0.000010 0.000010
57 57 (0) 1 : 0.999980 0.000010 0.000010
58 58 (0) 1 : 0.999980 0.000010 0.000010
59 59 (0) 1 : 0.999980 0.000010 0.000010
60 60 (0) 1 : 0.999980 0.000010 0.000010
61 61 (0) 1 : 0.999980 0.000010 0.000010
62 62 (0) 1 : 0.999980 0.000010 0.000010
63 63 (0) 1 : 0.999980 0.000010 0.000010
64 64 (0) 1 : 0.999980 0.000010 0.000010
65 65 (0) 1 : 0.999980 0.000010 0.000010
66 66 (0) 1 : 0.999980 0.000010 0.000010
67 67 (0) 1 : 0.999980 0.000010 0.000010
68 68 (0) 1 : 0.999980 0.000010 0.000010
69 69 (0) 1 : 0.999980 0.000010 0.000010
70 70 (0) 1 : 0.999980 0.000010 0.000010
71 71 (0) 1 : 0.999980 0.000010 0.000010
72 72 (0) 1 : 0.999980 0.000010 0.000010
73 73 (0) 1 : 0.999980 0.000010 0.000010
74 74 (0) 1 : 0.999980 0.000010 0.000010
75 75 (0) 1 : 0.999980 0.000010 0.000010
76 76 (0) 1 : 0.999980 0.000010 0.000010
77 77 (0) 1 : 0.999980 0.000010 0.000010
78 78 (0) 1 : 0.000010 0.957407 0.042583
79 79 (0) 1 : 0.000010 0.963808 0.036182
80 80 (0) 1 : 0.000010 0.960170 0.039820
81 81 (0) 1 : 0.000010 0.972800 0.027190
82 82 (0) 1 : 0.000010 0.969974 0.030016
83 83 (0) 1 : 0.000010 0.960378 0.039612
84 84 (0) 1 : 0.000010 0.974509 0.025481
85 85 (0) 1 : 0.000010 0.960354 0.039636
86 86 (0) 1 : 0.000010 0.960674 0.039316
87 87 (0) 1 : 0.000010 0.964821 0.035169
88 88 (0) 1 : 0.000010 0.962271 0.037719
89 89 (0) 1 : 0.000010 0.964813 0.035177
90 90 (0) 1 : 0.000010 0.969253 0.030737
91 91 (0) 1 : 0.000010 0.960813 0.039177
92 92 (0) 1 : 0.000010 0.977750 0.022240
93 93 (0) 1 : 0.000010 0.967426 0.032564
94 94 (0) 1 : 0.000010 0.967339 0.032651
95 95 (0) 1 : 0.000010 0.972400 0.027590
96 96 (0) 1 : 0.000010 0.000010 0.999980
97 97 (0) 1 : 0.000010 0.000010 0.999980
98 98 (0) 1 : 0.000010 0.000010 0.999980
99 99 (0) 1 : 0.000012 0.000010 0.999978
100 100 (0) 1 : 0.000010 0.000010 0.999980
101 101 (0) 1 : 0.000010 0.000010 0.999980
102 102 (0) 1 : 0.000010 0.000010 0.999980
103 103 (0) 1 : 0.000010 0.000010 0.999980
104 104 (0) 1 : 0.000010 0.000010 0.999980
105 105 (0) 1 : 0.000010 0.000010 0.999980
106 106 (0) 1 : 0.000010 0.000010 0.999980
107 107 (0) 1 : 0.000010 0.000010 0.999980
108 108 (0) 1 : 0.000010 0.000010 0.999980
109 109 (0) 1 : 0.000010 0.000010 0.999980
110 110 (0) 1 : 0.000010 0.000010 0.999980
111 111 (0) 1 : 0.000010 0.000010 0.999980
112 112 (0) 1 : 0.000010 0.000010 0.999980
113 113 (0) 1 : 0.000010 0.000010 0.999980
114 114 (0) 1 : 0.000010 0.999980 0.000010
115 115 (0) 1 : 0.000010 0.999108 0.000882
116 116 (0) 1 : 0.000010 0.999980 0.000010
117 117 (0) 1 : 0.000010 0.999980 0.000010
118 118 (0) 1 : 0.000010 0.999980 0.000010
119 119 (0) 1 : 0.000010 0.999980 0.000010
120 120 (0) 1 : 0.000010 0.999980 0.000010
121 121 (0) 1 : 0.000010 0.999980 0.000010
1 1 (0) 1 : 0.000010 0.000010 0.999980
2 2 (0) 1 : 0.000010 0.000010 0.999980
3 3 (0) 1 : 0.000010 0.000010 0.999980
4 4 (0) 1 : 0.000010 0.000010 0.999980
5 5 (0) 1 : 0.000010 0.000010 0.999980
6 6 (0) 1 : 0.000010 0.000010 0.999980
7 7 (0) 1 : 0.000013 0.000010 0.999977
8 8 (0) 1 : 0.000010 0.000010 0.999980
9 9 (0) 1 : 0.000018 0.000010 0.999972
10 10 (0) 1 : 0.000010 0.000010 0.999980
11 11 (0) 1 : 0.000010 0.000010 0.999980
12 12 (0) 1 : 0.000010 0.000010 0.999980
13 13 (0) 1 : 0.000010 0.000010 0.999980
14 14 (0) 1 : 0.000010 0.000010 0.999980
15 15 (0) 1 : 0.000010 0.000010 0.999980
16 16 (0) 1 : 0.000010 0.000010 0.999980
17 17 (0) 1 : 0.000010 0.000010 0.999980
18 18 (0) 1 : 0.000010 0.000010 0.999980
19 19 (0) 1 : 0.000010 0.000010 0.999980
20 20 (0) 1 : 0.000010 0.000010 0.999980
21 21 (0) 1 : 0.000010 0.000010 0.999980
22 22 (0) 1 : 0.000010 0.000010 0.999980
23 23 (0) 1 : 0.000010 0.000010 0.999980
24 24 (0) 1 : 0.000010 0.000010 0.999980
25 25 (0) 1 : 0.000010 0.000010 0.999980
26 26 (0) 1 : 0.000010 0.000010 0.999980
27 27 (0) 1 : 0.000010 0.000010 0.999980
28 28 (0) 1 : 0.000010 0.000010 0.999980
29 29 (0) 1 : 0.000010 0.000010 0.999980
30 30 (0) 1 : 0.000011 0.000010 0.999979
31 31 (0) 1 : 0.000010 0.000010 0.999980
32 32 (0) 1 : 0.000010 0.000010 0.999980
33 33 (0) 1 : 0.000010 0.000010 0.999980
34 34 (0) 1 : 0.000010 0.000010 0.999980
35 35 (0) 1 : 0.000010 0.000010 0.999980
36 36 (0) 1 : 0.000019 0.999971 0.000010
37 37 (0) 1 : 0.000010 0.999980 0.000010
38 38 (0) 1 : 0.000010 0.999980 0.000010
39 39 (0) 1 : 0.000014 0.999976 0.000010
40 40 (0) 1 : 0.000010 0.999980 0.000010
41 41 (0) 1 : 0.000010 0.999980 0.000010
42 42 (0) 1 : 0.000010 0.999980 0.000010
43 43 (0) 1 : 0.000010 0.999980 0.000010
44 44 (0) 1 : 0.000010 0.999980 0.000010
45 45 (0) 1 : 0.000010 0.999980 0.000010
46 46 (0) 1 : 0.000010 0.999980 0.000010
47 47 (0) 1 : 0.000017 0.999973 0.000010
48 48 (0) 1 : 0.000010 0.999980 0.000010
49 49 (0) 1 : 0.000010 0.999980 0.000010
50 50 (0) 1 : 0.000010 0.999980 0.000010
51 51 (0) 1 : 0.000010 0.999980 0.000010
52 52 (0) 1 : 0.000010 0.999980 0.000010
53 53 (0) 1 : 0.000010 0.999980 0.000010
54 54 (0) 1 : 0.000010 0.999980 0.000010
55 55 (0) 1 : 0.000010 0.999980 0.000010
56 56 (0) 1 : 0.000010 0.999980 0.000010
57 57 (0) 1 : 0.000017 0.999973 0.000010
58 58 (0) 1 : 0.000010 0.999980 0.000010
59 59 (0) 1 : 0.000010 0.999980 0.000010
60 60 (0) 1 : 0.000014 0.999976 0.000010
61 61 (0) 1 : 0.000010 0.999980 0.000010
62 62 (0) 1 : 0.000010 0.999980 0.000010
63 63 (0) 1 : 0.000010 0.999980 0.000010
64 64 (0) 1 : 0.000019 0.999971 0.000010
65 65 (0) 1 : 0.000010 0.999980 0.000010
66 66 (0) 1 : 0.000010 0.999980 0.000010
67 67 (0) 1 : 0.000014 0.999976 0.000010
68 68 (0) 1 : 0.000011 0.999979 0.000010
69 69 (0) 1 : 0.000010 0.999980 0.000010
70 70 (0) 1 : 0.000010 0.999980 0.000010
71 71 (0) 1 : 0.000011 0.999979 0.000010
72 72 (0) 1 : 0.000010 0.999980 0.000010
73 73 (0) 1 : 0.000010 0.999980 0.000010
74 74 (0) 1 : 0.000010 0.999980 0.000010
75 75 (0) 1 : 0.000015 0.999975 0.000010
76 76 (0) 1 : 0.000010 0.999980 0.000010
77 77 (0) 1 : 0.000010 0.999980 0.000010
78 78 (0) 1 : 0.042583 0.000010 0.957407
79 79 (0) 1 : 0.036182 0.000010 0.963808
80 80 (0) 1 : 0.039820 0.000010 0.960170
81 81 (0) 1 : 0.027190 0.000010 0.972800
82 82 (0) 1 : 0.030016 0.000010 0.969974
83 83 (0) 1 : 0.039612 0.000010 0.960378
84 84 (0) 1 : 0.025481 0.000010 0.974509
85 85 (0) 1 : 0.039636 0.000010 0.960354
86 86 (0) 1 : 0.039316 0.000010 0.960674
87 87 (0) 1 : 0.035169 0.000010 0.964821
88 88 (0) 1 : 0.037719 0.000010 0.962271
89 89 (0) 1 : 0.035177 0.000010 0.964813
90 90 (0) 1 : 0.030737 0.000010 0.969253
91 91 (0) 1 : 0.039177 0.000010 0.960813
92 92 (0) 1 : 0.022240 0.000010 0.977750
93 93 (0) 1 : 0.032564 0.000010 0.967426
94 94 (0) 1 : 0.032651 0.000010 0.967339
95 95 (0) 1 : 0.027590 0.000010 0.972400
96 96 (0) 1 : 0.999980 0.000010 0.000010
97 97 (0) 1 : 0.999980 0.000010 0.000010
98 98 (0) 1 : 0.999980 0.000010 0.000010
99 99 (0) 1 : 0.999979 0.000011 0.000010
100 100 (0) 1 : 0.999980 0.000010 0.000010
101 101 (0) 1 : 0.999980 0.000010 0.000010
102 102 (0) 1 : 0.999980 0.000010 0.000010
103 103 (0) 1 : 0.999980 0.000010 0.000010
104 104 (0) 1 : 0.999980 0.000010 0.000010
105 105 (0) 1 : 0.999980 0.000010 0.000010
106 106 (0) 1 : 0.999980 0.000010 0.000010
107 107 (0) 1 : 0.999980 0.000010 0.000010
108 108 (0) 1 : 0.999980 0.000010 0.000010
109 109 (0) 1 : 0.999980 0.000010 0.000010
110 110 (0) 1 : 0.999973 0.000017 0.000010
111 111 (0) 1 : 0.999980 0.000010 0.000010
112 112 (0) 1 : 0.999980 0.000010 0.000010
113 113 (0) 1 : 0.999980 0.000010 0.000010
114 114 (0) 1 : 0.000010 0.000010 0.999980
115 115 (0) 1 : 0.000887 0.000010 0.999103
116 116 (0) 1 : 0.000010 0.000010 0.999980
117 117 (0) 1 : 0.000010 0.000010 0.999980
118 118 (0) 1 : 0.000010 0.000010 0.999980
119 119 (0) 1 : 0.000016 0.000010 0.999974
120 120 (0) 1 : 0.000010 0.000010 0.999980
121 121 (0) 1 : 0.000010 0.000010 0.999980
1 1 (0) 1 : 0.000010 0.999980 0.000010
2 2 (0) 1 : 0.000010 0.999980 0.000010
3 3 (0) 1 : 0.000010 0.999980 0.000010
4 4 (0) 1 : 0.000010 0.999980 0.000010
5 5 (0) 1 : 0.000010 0.999980 0.000010
6 6 (0) 1 : 0.000010 0.999980 0.000010
7 7 (0) 1 : 0.000010 0.999980 0.000010
8 8 (0) 1 : 0.000010 0.999980 0.000010
9 9 (0) 1 : 0.000010 0.999980 0.000010
10 10 (0) 1 : 0.000011 0.999979 0.000010
11 11 (0) 1 : 0.000010 0.999980 0.000010
12 12 (0) 1 : 0.000010 0.999980 0.000010
13 13 (0) 1 : 0.000010 0.999980 0.000010
14 14 (0) 1 : 0.000011 0.999979 0.000010
15 15 (0) 1 : 0.000010 0.999980 0.000010
16 16 (0) 1 : 0.000010 0.999980 0.000010
17 17 (0) 1 : 0.000013 0.999977 0.000010
18 18 (0) 1 : 0.000010 0.999980 0.000010
19 19 (0) 1 : 0.000010 0.999980 0.000010
20 20 (0) 1 : 0.000010 0.999980 0.000010
21 21 (0) 1 : 0.000010 0.999980 0.000010
22 22 (0) 1 : 0.000010 0.999980 0.000010
23 23 (0) 1 : 0.000010 0.999980 0.000010
24 24 (0) 1 : 0.000010 0.999980 0.000010
25 25 (0) 1 : 0.000010 0.999980 0.000010
26 26 (0) 1 : 0.000010 0.999980 0.000010
27 27 (0) 1 : 0.000010 0.999980 0.000010
28 28 (0) 1 : 0.000010 0.999980 0.000010
29 29 (0) 1 : 0.000010 0.999980 0.000010
30 30 (0) 1 : 0.000012 0.999978 0.000010
31 31 (0) 1 : 0.000012 0.999978 0.000010
32 32 (0) 1 : 0.000010 0.999980 0.000010
33 33 (0) 1 : 0.000010 0.999980 0.000010
34 34 (0) 1 : 0.000010 0.999980 0.000010
35 35 (0) 1 : 0.000010 0.999980 0.000010
36 36 (0) 1 : 0.000016 0.000010 0.999974
37 37 (0) 1 : 0.000010 0.000010 0.999980
38 38 (0) 1 : 0.000010 0.000010 0.999980
39 39 (0) 1 : 0.000011 0.000010 0.999979
40 40 (0) 1 : 0.000010 0.000010 0.999980
41 41 (0) 1 : 0.000012 0.000010 0.999978
42 42 (0) 1 : 0.000010 0.000010 0.999980
43 43 (0) 1 : 0.000013 0.000010 0.999977
44 44 (0) 1 : 0.000010 0.000010 0.999980
45 45 (0) 1 : 0.000011 0.000010 0.999979
46 46 (0) 1 : 0.000014 0.000010 0.999976
47 47 (0) 1 : 0.000014 0.000010 0.999976
48 48 (0) 1 : 0.000011 0.000010 0.999979
49 49 (0) 1 : 0.000010 0.000010 0.999980
50 50 (0) 1 : 0.000010 0.000010 0.999980
51 51 (0) 1 : 0.000010 0.000010 0.999980
52 52 (0) 1 : 0.000010 0.000010 0.999980
53 53 (0) 1 : 0.000018 0.000010 0.999972
54 54 (0) 1 : 0.000013 0.000010 0.999977
55 55 (0) 1 : 0.000016 0.000010 0.999974
56 56 (0) 1 : 0.000011 0.000010 0.999979
57 57 (0) 1 : 0.000020 0.000010 0.999970
58 58 (0) 1 : 0.000012 0.000010 0.999978
59 59 (0) 1 : 0.000010 0.000010 0.999980
60 60 (0) 1 : 0.000015 0.000010 0.999975
61 61 (0) 1 : 0.000010 0.000010 0.999980
62 62 (0) 1 : 0.000010 0.000010 0.999980
63 63 (0) 1 : 0.000014 0.000010 0.999976
64 64 (0) 1 : 0.000010 0.000010 0.999980
65 65 (0) 1 : 0.000010 0.000010 0.999980
66 66 (0) 1 : 0.000011 0.000010 0.999979
67 67 (0) 1 : 0.000010 0.000010 0.999980
68 68 (0) 1 : 0.000013 0.000010 0.999977
69 69 (0) 1 : 0.000013 0.000010 0.999977
70 70 (0) 1 : 0.000012 0.000010 0.999978
71 71 (0) 1 : 0.000017 0.000010 0.999973
72 72 (0) 1 : 0.000011 0.000010 0.999979
73 73 (0) 1 : 0.000016 0.000010 0.999974
74 74 (0) 1 : 0.000015 0.000010 0.999975
75 75 (0) 1 : 0.000013 0.000010 0.999977
76 76 (0) 1 : 0.000011 0.000010 0.999979
77 77 (0) 1 : 0.000010 0.000010 0.999980
78 78 (0) 1 : 0.042582 0.957408 0.000010
79 79 (0) 1 : 0.036182 0.963808 0.000010
80 80 (0) 1 : 0.039820 0.960170 0.000010
81 81 (0) 1 : 0.027190 0.972800 0.000010
82 82 (0) 1 : 0.030016 0.969974 0.000010
83 83 (0) 1 : 0.039612 0.960378 0.000010
84 84 (0) 1 : 0.025481 0.974509 0.000010
85 85 (0) 1 : 0.039636 0.960354 0.000010
86 86 (0) 1 : 0.039316 0.960674 0.000010
87 87 (0) 1 : 0.035169 0.964821 0.000010
88 88 (0) 1 : 0.037719 0.962271 0.000010
89 89 (0) 1 : 0.035177 0.964813 0.000010
90 90 (0) 1 : 0.030737 0.969253 0.000010
91 91 (0) 1 : 0.039177 0.960813 0.000010
92 92 (0) 1 : 0.022240 0.977750 0.000010
93 93 (0) 1 : 0.032563 0.967427 0.000010
94 94 (0) 1 : 0.032650 0.967340 0.000010
95 95 (0) 1 : 0.027590 0.972400 0.000010
96 96 (0) 1 : 0.999980 0.000010 0.000010
97 97 (0) 1 : 0.999980 0.000010 0.000010
98 98 (0) 1 : 0.999980 0.000010 0.000010
99 99 (0) 1 : 0.999980 0.000010 0.000010
100 100 (0) 1 : 0.999980 0.000010 0.000010
101 101 (0) 1 : 0.999980 0.000010 0.000010
102 102 (0) 1 : 0.999980 0.000010 0.000010
103 103 (0) 1 : 0.999980 0.000010 0.000010
104 104 (0) 1 : 0.999980 0.000010 0.000010
105 105 (0) 1 : 0.999980 0.000010 0.000010
106 106 (0) 1 : 0.999980 0.000010 0.000010
107 107 (0) 1 : 0.999980 0.000010 0.000010
108 108 (0) 1 : 0.999980 0.000010 0.000010
109 109 (0) 1 : 0.999980 0.000010 0.000010
110 110 (0) 1 : 0.999980 0.000010 0.000010
111 111 (0) 1 : 0.999980 0.000010 0.000010
112 112 (0) 1 : 0.999980 0.000010 0.000010
113 113 (0) 1 : 0.999980 0.000010 0.000010
114 114 (0) 1 : 0.000010 0.999980 0.000010
115 115 (0) 1 : 0.000883 0.999107 0.000010
116 116 (0) 1 : 0.000010 0.999980 0.000010
117 117 (0) 1 : 0.000010 0.999980 0.000010
118 118 (0) 1 : 0.000010 0.999980 0.000010
119 119 (0) 1 : 0.000014 0.999976 0.000010
120 120 (0) 1 : 0.000010 0.999980 0.000010
121 121 (0) 1 : 0.000010 0.999980 0.000010
