1 1 (0) 1 : 0.999940 0.000010 0.000010 0.000010 0.000010 0.000010 0.000010
2 2 (0) 1 : 0.999940 0.000010 0.000010 0.000010 0.000010 0.000010 0.000010
3 3 (0) 1 : 0.999940 0.000010 0.000010 0.000010 0.000010 0.000010 0.000010
4 4 (0) 1 : 0.999940 0.000010 0.000010 0.000010 0.000010 0.000010 0.000010
5 5 (0) 1 : 0.999940 0.000010 0.000010 0.000010 0.000010 0.000010 0.000010
6 6 (0) 1 : 0.999937 0.000010 0.000010 0.000013 0.000010 0.000010 0.000010
7 7 (0) 1 : 0.999940 0.000010 0.000010 0.000010 0.000010 0.000010 0.000010
8 8 (0) 1 : 0.999940 0.000010 0.000010 0.000010 0.000010 0.000010 0.000010
9 9 (0) 1 : 0.999940 0.000010 0.000010 0.000010 0.000010 0.000010 0.000010
10 10 (0) 1 : 0.999940 0.000010 0.000010 0.000010 0.000010 0.000010 0.000010
11 11 (0) 1 : 0.999940 0.000010 0.000010 0.000010 0.000010 0.000010 0.000010
12 12 (0) 1 : 0.999940 0.000010 0.000010 0.000010 0.000010 0.000010 0.000010
13 13 (0) 1 : 0.999940 0.000010 0.000010 0.000010 0.000010 0.000010 0.000010
14 14 (0) 1 : 0.999940 0.000010 0.000010 0.000010 0.000010 0.000010 0.000010
15 15 (0) 1 : 0.999937 0.000010 0.000010 0.000010 0.000013 0.000010 0.000010
16 16 (0) 1 : 0.999940 0.000010 0.000010 0.000010 0.000010 0.000010 0.000010
17 17 (0) 1 : 0.999940 0.000010 0.000010 0.000010 0.000010 0.000010 0.000010
18 18 (0) 1 : 0.999940 0.000010 0.000010 0.000010 0.000010 0.000010 0.000010
19 19 (0) 1 : 0.999940 0.000010 0.000010 0.000010 0.000010 0.000010 0.000010
20 20 (0) 1 : 0.999932 0.000010 0.000010 0.000010 0.000018 0.000010 0.000010
21 21 (0) 1 : 0.999940 0.000010 0.000010 0.000010 0.000010 0.000010 0.000010
22 22 (0) 1 : 0.999940 0.000010 0.000010 0.000010 0.000010 0.000010 0.000010
23 23 (0) 1 : 0.999940 0.000010 0.000010 0.000010 0.000010 0.000010 0.000010
24 24 (0) 1 : 0.999936 0.000010 0.000010 0.000014 0.000010 0.000010 0.000010
25 25 (0) 1 : 0.999940 0.000010 0.000010 0.000010 0.000010 0.000010 0.000010
26 26 (0) 1 : 0.999940 0.000010 0.000010 0.000010 0.000010 0.000010 0.000010
27 27 (0) 1 : 0.999940 0.000010 0.000010 0.000010 0.000010 0.000010 0.000010
28 28 (0) 1 : 0.999940 0.000010 0.000010 0.000010 0.000010 0.000010 0.000010
29 29 (0) 1 : 0.999940 0.000010 0.000010 0.000010 0.000010 0.000010 0.000010
30 30 (0) 1 : 0.999940 0.000010 0.000010 0.000010 0.000010 0.000010 0.000010
31 31 (0) 1 : 0.999940 0.000010 0.000010 0.000010 0.000010 0.000010 0.000010
32 32 (0) 1 : 0.999937 0.000010 0.000010 0.000013 0.000010 0.000010 0.000010
33 33 (0) 1 : 0.999940 0.000010 0.000010 0.000010 0.000010 0.000010 0.000010
34 34 (0) 1 : 0.999940 0.000010 0.000010 0.000010 0.000010 0.000010 0.000010
35 35 (0) 1 : 0.999940 0.000010 0.000010 0.000010 0.000010 0.000010 0.000010
36 36 (0) 1 : 0.000010 0.380320 0.000010 0.619630 0.000010 0.000010 0.000010
37 37 (0) 1 : 0.000010 0.000010 0.000010 0.884664 0.000010 0.000010 0.115286
38 38 (0) 1 : 0.000010 0.000010 0.000010 0.999940 0.000010 0.000010 0.000010
39 39 (0) 1 : 0.000010 0.848085 0.000010 0.151865 0.000010 0.000010 0.000010
40 40 (0) 1 : 0.000010 0.600810 0.000010 0.399140 0.000010 0.000010 0.000010
41 41 (0) 1 : 0.000010 0.000010 0.000010 0.512974 0.000010 0.000010 0.486976
42 42 (0) 1 : 0.000010 0.569730 0.000010 0.206046 0.000010 0.000010 0.224184
43 43 (0) 1 : 0.000010 0.000010 0.000010 0.000010 0.000010 0.000010 0.999940
44 44 (0) 1 : 0.000010 0.000010 0.000010 0.000010 0.000010 0.000010 0.999940
45 45 (0) 1 : 0.000010 0.792600 0.000010 0.207350 0.000010 0.000010 0.000010
46 46 (0) 1 : 0.000010 0.000010 0.000010 0.779348 0.000010 0.000010 0.220602
47 47 (0) 1 : 0.000010 0.000010 0.000018 0.825149 0.000010 0.000010 0.174792
48 48 (0) 1 : 0.000010 0.000010 0.000010 0.999940 0.000010 0.000010 0.000010
49 49 (0) 1 : 0.000010 0.379347 0.000011 0.000010 0.000010 0.000010 0.620603
50 50 (0) 1 : 0.000010 0.000010 0.000010 0.999940 0.000010 0.000010 0.000010
51 51 (0) 1 : 0.000011 0.355351 0.000011 0.644598 0.000010 0.000010 0.000010
52 52 (0) 1 : 0.000010 0.000010 0.000010 0.999940 0.000010 0.000010 0.000010
53 53 (0) 1 : 0.000010 0.999940 0.000010 0.000010 0.000010 0.000010 0.000010
54 54 (0) 1 : 0.000010 0.729527 0.000012 0.000010 0.000010 0.000010 0.270421
55 55 (0) 1 : 0.000010 0.598076 0.000010 0.401874 0.000010 0.000010 0.000010
56 56 (0) 1 : 0.000010 0.000010 0.000010 0.999940 0.000010 0.000010 0.000010
57 57 (0) 1 : 0.000010 0.999940 0.000010 0.000010 0.000010 0.000010 0.000010
58 58 (0) 1 : 0.000010 0.624459 0.000010 0.293292 0.000010 0.000010 0.082210
59 59 (0) 1 : 0.000010 0.641593 0.000010 0.204530 0.000010 0.000010 0.153837
60 60 (0) 1 : 0.000010 0.478725 0.000011 0.000010 0.000010 0.000010 0.521225
61 61 (0) 1 : 0.000010 0.999940 0.000010 0.000010 0.000010 0.000010 0.000010
62 62 (0) 1 : 0.000010 0.000010 0.000010 0.999940 0.000010 0.000010 0.000010
63 63 (0) 1 : 0.000010 0.381336 0.000010 0.618613 0.000010 0.000010 0.000010
64 64 (0) 1 : 0.000010 0.999940 0.000010 0.000010 0.000010 0.000010 0.000010
65 65 (0) 1 : 0.000010 0.724666 0.000010 0.275284 0.000010 0.000010 0.000010
66 66 (0) 1 : 0.000010 0.510232 0.000012 0.000010 0.000017 0.000010 0.489709
67 67 (0) 1 : 0.000012 0.478432 0.000011 0.000010 0.000014 0.000010 0.521511
68 68 (0) 1 : 0.000010 0.000010 0.000010 0.863820 0.000012 0.000010 0.136128
69 69 (0) 1 : 0.000010 0.000010 0.000010 0.000010 0.000010 0.000010 0.999940
70 70 (0) 1 : 0.000012 0.000010 0.000011 0.546705 0.000010 0.000010 0.453242
71 71 (0) 1 : 0.000010 0.300175 0.000010 0.699775 0.000010 0.000010 0.000010
72 72 (0) 1 : 0.000010 0.999940 0.000010 0.000010 0.000010 0.000010 0.000010
73 73 (0) 1 : 0.000010 0.999940 0.000010 0.000010 0.000010 0.000010 0.000010
74 74 (0) 1 : 0.000011 0.000010 0.000010 0.000010 0.000010 0.000010 0.999939
75 75 (0) 1 : 0.000010 0.000010 0.000011 0.000010 0.000010 0.000010 0.999939
76 76 (0) 1 : 0.000010 0.000010 0.000010 0.999940 0.000010 0.000010 0.000010
77 77 (0) 1 : 0.000010 0.000010 0.000010 0.999940 0.000010 0.000010 0.000010
78 78 (0) 1 : 0.000010 0.000010 0.999930 0.000010 0.000017 0.000012 0.000010
79 79 (0) 1 : 0.000017 0.000010 0.999933 0.000010 0.000010 0.000010 0.000010
80 80 (0) 1 : 0.000010 0.000010 0.999940 0.000010 0.000010 0.000010 0.000010
81 81 (0) 1 : 0.000010 0.000010 0.999940 0.000010 0.000010 0.000010 0.000010
82 82 (0) 1 : 0.000010 0.000010 0.999934 0.000010 0.000010 0.000016 0.000010
83 83 (0) 1 : 0.000010 0.000010 0.999940 0.000010 0.000010 0.000010 0.000010
84 84 (0) 1 : 0.000010 0.000010 0.999938 0.000010 0.000012 0.000010 0.000010
85 85 (0) 1 : 0.000010 0.000010 0.999940 0.000010 0.000010 0.000010 0.000010
86 86 (0) 1 : 0.000015 0.000010 0.999935 0.000010 0.000010 0.000010 0.000010
87 87 (0) 1 : 0.000017 0.000010 0.999933 0.000010 0.000010 0.000010 0.000010
88 88 (0) 1 : 0.000016 0.000010 0.999934 0.000010 0.000010 0.000010 0.000010
89 89 (0) 1 : 0.000010 0.000010 0.999940 0.000010 0.000010 0.000010 0.000010
90 90 (0) 1 : 0.000010 0.000010 0.999940 0.000010 0.000010 0.000010 0.000010
91 91 (0) 1 : 0.000010 0.000010 0.999938 0.000010 0.000012 0.000010 0.000010
92 92 (0) 1 : 0.000010 0.000010 0.999940 0.000010 0.000010 0.000010 0.000010
93 93 (0) 1 : 0.000010 0.000010 0.999940 0.000010 0.000010 0.000010 0.000010
94 94 (0) 1 : 0.000010 0.000010 0.999936 0.000010 0.000014 0.000010 0.000010
95 95 (0) 1 : 0.000012 0.000010 0.999932 0.000010 0.000016 0.000010 0.000010
96 96 (0) 1 : 0.000010 0.000013 0.000010 0.000010 0.000010 0.999937 0.000010
97 97 (0) 1 : 0.000010 0.000010 0.000010 0.000010 0.000010 0.999940 0.000010
98 98 (0) 1 : 0.000010 0.000010 0.000010 0.000010 0.000012 0.999938 0.000010
99 99 (0) 1 : 0.000010 0.000010 0.000010 0.000010 0.000010 0.999940 0.000010
100 100 (0) 1 : 0.000016 0.000010 0.000010 0.000010 0.000014 0.999929 0.000010
101 101 (0) 1 : 0.000010 0.000010 0.000014 0.000010 0.000014 0.999933 0.000010
102 102 (0) 1 : 0.000013 0.000010 0.000010 0.000010 0.000010 0.999937 0.000010
103 103 (0) 1 : 0.000010 0.000010 0.000011 0.000010 0.000010 0.999939 0.000010
104 104 (0) 1 : 0.000010 0.000010 0.000012 0.000010 0.000010 0.999938 0.000010
105 105 (0) 1 : 0.000010 0.000010 0.000010 0.000010 0.000010 0.999940 0.000010
106 106 (0) 1 : 0.000010 0.000010 0.000010 0.000010 0.000011 0.999939 0.000010
107 107 (0) 1 : 0.000010 0.000010 0.000010 0.000010 0.000010 0.999940 0.000010
108 108 (0) 1 : 0.000019 0.000010 0.000010 0.000010 0.000010 0.999931 0.000010
109 109 (0) 1 : 0.000010 0.000010 0.000010 0.000010 0.000018 0.999932 0.000010
110 110 (0) 1 : 0.000010 0.000010 0.000010 0.000010 0.000010 0.999940 0.000010
111 111 (0) 1 : 0.000010 0.000010 0.000010 0.000010 0.000010 0.999940 0.000010
112 112 (0) 1 : 0.000010 0.000010 0.000010 0.000010 0.000010 0.999940 0.000010
113 113 (0) 1 : 0.000010 0.000010 0.000010 0.000010 0.000010 0.999940 0.000010
114 114 (0) 1 : 0.000010 0.000010 0.000010 0.000012 0.999938 0.000010 0.000010
115 115 (0) 1 : 0.000011 0.000010 0.000010 0.000010 0.999935 0.000014 0.000010
116 116 (0) 1 : 0.000011 0.000010 0.000010 0.000010 0.999939 0.000010 0.000010
117 117 (0) 1 : 0.000010 0.000010 0.000010 0.000010 0.999940 0.000010 0.000010
118 118 (0) 1 : 0.000010 0.000017 0.000010 0.000010 0.999933 0.000010 0.000010
119 119 (0) 1 : 0.000010 0.000012 0.000010 0.000010 0.999938 0.000010 0.000010
120 120 (0) 1 : 0.000010 0.000010 0.000010 0.000010 0.999940 0.000010 0.000010
121 121 (0) 1 : 0.000016 0.000010 0.000010 0.000010 0.999934 0.000010 0.000010
1 1 (0) 1 : 0.000010 0.000010 0.000010 0.000010 0.000010 0.000010 0.999940
2 2 (0) 1 : 0.000010 0.000010 0.000010 0.000010 0.000010 0.000010 0.999940
3 3 (0) 1 : 0.000010 0.000010 0.000010 0.000010 0.000010 0.000010 0.999940
4 4 (0) 1 : 0.000010 0.000010 0.000010 0.000010 0.000010 0.000010 0.999940
5 5 (0) 1 : 0.000010 0.000010 0.000010 0.000010 0.000010 0.000010 0.999940
6 6 (0) 1 : 0.000010 0.000010 0.000010 0.000010 0.000010 0.000010 0.999940
7 7 (0) 1 : 0.000010 0.000010 0.000010 0.000010 0.000010 0.000010 0.999940
8 8 (0) 1 : 0.000010 0.000010 0.000010 0.000010 0.000010 0.000010 0.999940
9 9 (0) 1 : 0.000010 0.000010 0.000010 0.000010 0.000010 0.000010 0.999940
10 10 (0) 1 : 0.000010 0.000010 0.000010 0.000010 0.000010 0.000010 0.999940
11 11 (0) 1 : 0.000010 0.000010 0.000010 0.000010 0.000010 0.000010 0.999940
12 12 (0) 1 : 0.000010 0.000010 0.000010 0.000010 0.000010 0.000010 0.999940
13 13 (0) 1 : 0.000010 0.000010 0.000010 0.000010 0.000010 0.000010 0.999940
14 14 (0) 1 : 0.000010 0.000010 0.000010 0.000010 0.000010 0.000010 0.999940
15 15 (0) 1 : 0.000010 0.000010 0.000010 0.000010 0.000010 0.000010 0.999940
16 16 (0) 1 : 0.000010 0.000010 0.000010 0.000010 0.000010 0.000010 0.999940
17 17 (0) 1 : 0.000010 0.000010 0.000010 0.000010 0.000010 0.000010 0.999940
18 18 (0) 1 : 0.000010 0.000010 0.000010 0.000010 0.000010 0.000010 0.999940
19 19 (0) 1 : 0.000010 0.000010 0.000010 0.000010 0.000010 0.000010 0.999940
20 20 (0) 1 : 0.000010 0.000010 0.000010 0.000010 0.000010 0.000010 0.999940
21 21 (0) 1 : 0.000010 0.000010 0.000010 0.000010 0.000010 0.000010 0.999940
22 22 (0) 1 : 0.000010 0.000010 0.000010 0.000010 0.000010 0.000010 0.999940
23 23 (0) 1 : 0.000010 0.000010 0.000010 0.000010 0.000010 0.000010 0.999940
24 24 (0) 1 : 0.000010 0.000010 0.000010 0.000010 0.000010 0.000010 0.999940
25 25 (0) 1 : 0.000010 0.000010 0.000010 0.000010 0.000010 0.000010 0.999940
26 26 (0) 1 : 0.000010 0.000010 0.000010 0.000010 0.000010 0.000010 0.999940
27 27 (0) 1 : 0.000010 0.000010 0.000010 0.000010 0.000010 0.000010 0.999940
28 28 (0) 1 : 0.000010 0.000010 0.000010 0.000010 0.000010 0.000010 0.999940
29 29 (0) 1 : 0.000010 0.000010 0.000010 0.000010 0.000010 0.000010 0.999940
30 30 (0) 1 : 0.000010 0.000010 0.000010 0.000010 0.000010 0.000010 0.999940
31 31 (0) 1 : 0.000010 0.000010 0.000010 0.000010 0.000010 0.000010 0.999940
32 32 (0) 1 : 0.000010 0.000010 0.000010 0.000010 0.000010 0.000010 0.999940
33 33 (0) 1 : 0.000010 0.000010 0.000010 0.000010 0.000010 0.000010 0.999940
34 34 (0) 1 : 0.000010 0.000010 0.000010 0.000010 0.000010 0.000010 0.999940
35 35 (0) 1 : 0.000010 0.000010 0.000010 0.000010 0.000010 0.000010 0.999940
36 36 (0) 1 : 0.399196 0.000010 0.002897 0.000010 0.000010 0.597866 0.000010
37 37 (0) 1 : 0.000010 0.000010 0.000010 0.000010 0.000010 0.999940 0.000010
38 38 (0) 1 : 0.000010 0.000010 0.000010 0.000010 0.000010 0.999940 0.000010
39 39 (0) 1 : 0.848284 0.000010 0.000010 0.000010 0.000010 0.151666 0.000010
40 40 (0) 1 : 0.569093 0.000010 0.060773 0.000010 0.000010 0.370094 0.000010
41 41 (0) 1 : 0.228490 0.000010 0.365281 0.000010 0.000010 0.406188 0.000010
42 42 (0) 1 : 0.722538 0.000010 0.000010 0.000010 0.000010 0.277412 0.000010
43 43 (0) 1 : 0.999940 0.000010 0.000010 0.000010 0.000010 0.000010 0.000010
44 44 (0) 1 : 0.357993 0.000012 0.641954 0.000010 0.000012 0.000010 0.000010
45 45 (0) 1 : 0.786411 0.000010 0.078111 0.000010 0.000010 0.135438 0.000010
46 46 (0) 1 : 0.000010 0.000010 0.999940 0.000010 0.000010 0.000010 0.000010
47 47 (0) 1 : 0.000010 0.000010 0.000010 0.000010 0.000010 0.999940 0.000010
48 48 (0) 1 : 0.000010 0.000010 0.999940 0.000010 0.000010 0.000010 0.000010
49 49 (0) 1 : 0.341880 0.000010 0.658066 0.000014 0.000010 0.000010 0.000010
50 50 (0) 1 : 0.000010 0.000010 0.598573 0.000010 0.000010 0.401377 0.000010
51 51 (0) 1 : 0.218138 0.000011 0.669562 0.000010 0.000010 0.112259 0.000010
52 52 (0) 1 : 0.000010 0.000010 0.000010 0.000010 0.000010 0.999940 0.000010
53 53 (0) 1 : 0.999940 0.000010 0.000010 0.000010 0.000010 0.000010 0.000010
54 54 (0) 1 : 0.999940 0.000010 0.000010 0.000010 0.000010 0.000010 0.000010
55 55 (0) 1 : 0.336405 0.000010 0.663539 0.000010 0.000010 0.000016 0.000010
56 56 (0) 1 : 0.000010 0.000010 0.000010 0.000010 0.000010 0.999940 0.000010
57 57 (0) 1 : 0.999940 0.000010 0.000010 0.000010 0.000010 0.000010 0.000010
58 58 (0) 1 : 0.534572 0.000015 0.465370 0.000010 0.000013 0.000010 0.000010
59 59 (0) 1 : 0.509754 0.000010 0.490196 0.000010 0.000010 0.000010 0.000010
60 60 (0) 1 : 0.999940 0.000010 0.000010 0.000010 0.000010 0.000010 0.000010
61 61 (0) 1 : 0.991835 0.000010 0.008115 0.000010 0.000010 0.000010 0.000010
62 62 (0) 1 : 0.000010 0.000010 0.000010 0.000010 0.000010 0.999940 0.000010
63 63 (0) 1 : 0.000010 0.000010 0.999940 0.000010 0.000010 0.000010 0.000010
64 64 (0) 1 : 0.999940 0.000010 0.000010 0.000010 0.000010 0.000010 0.000010
65 65 (0) 1 : 0.640218 0.000010 0.000010 0.000010 0.000011 0.359731 0.000010
66 66 (0) 1 : 0.999939 0.000010 0.000010 0.000011 0.000010 0.000010 0.000010
67 67 (0) 1 : 0.862656 0.000010 0.113466 0.000010 0.000010 0.023838 0.000010
68 68 (0) 1 : 0.000010 0.000010 0.999940 0.000010 0.000010 0.000010 0.000010
69 69 (0) 1 : 0.527565 0.000010 0.000010 0.000010 0.000010 0.472385 0.000010
70 70 (0) 1 : 0.000010 0.000010 0.999940 0.000010 0.000010 0.000010 0.000010
71 71 (0) 1 : 0.000010 0.000010 0.999940 0.000010 0.000010 0.000010 0.000010
72 72 (0) 1 : 0.999939 0.000010 0.000010 0.000011 0.000010 0.000010 0.000010
73 73 (0) 1 : 0.999940 0.000010 0.000010 0.000010 0.000010 0.000010 0.000010
74 74 (0) 1 : 0.747280 0.000010 0.114649 0.000010 0.000011 0.138030 0.000010
75 75 (0) 1 : 0.637466 0.000010 0.000010 0.000010 0.000010 0.362484 0.000010
76 76 (0) 1 : 0.000010 0.000010 0.999940 0.000010 0.000010 0.000010 0.000010
77 77 (0) 1 : 0.000010 0.000010 0.383508 0.000010 0.000010 0.616442 0.000010
78 78 (0) 1 : 0.000010 0.999940 0.000010 0.000010 0.000010 0.000010 0.000010
79 79 (0) 1 : 0.000010 0.999940 0.000010 0.000010 0.000010 0.000010 0.000010
80 80 (0) 1 : 0.000010 0.999940 0.000010 0.000010 0.000010 0.000010 0.000010
81 81 (0) 1 : 0.000010 0.999940 0.000010 0.000010 0.000010 0.000010 0.000010
82 82 (0) 1 : 0.000010 0.999940 0.000010 0.000010 0.000010 0.000010 0.000010
83 83 (0) 1 : 0.000010 0.999940 0.000010 0.000010 0.000010 0.000010 0.000010
84 84 (0) 1 : 0.000010 0.999940 0.000010 0.000010 0.000010 0.000010 0.000010
85 85 (0) 1 : 0.000010 0.999940 0.000010 0.000010 0.000010 0.000010 0.000010
86 86 (0) 1 : 0.000010 0.999940 0.000010 0.000010 0.000010 0.000010 0.000010
87 87 (0) 1 : 0.000010 0.999940 0.000010 0.000010 0.000010 0.000010 0.000010
88 88 (0) 1 : 0.000010 0.999940 0.000010 0.000010 0.000010 0.000010 0.000010
89 89 (0) 1 : 0.000010 0.999940 0.000010 0.000010 0.000010 0.000010 0.000010
90 90 (0) 1 : 0.000010 0.999940 0.000010 0.000010 0.000010 0.000010 0.000010
91 91 (0) 1 : 0.000010 0.999940 0.000010 0.000010 0.000010 0.000010 0.000010
92 92 (0) 1 : 0.000010 0.999940 0.000010 0.000010 0.000010 0.000010 0.000010
93 93 (0) 1 : 0.000010 0.999940 0.000010 0.000010 0.000010 0.000010 0.000010
94 94 (0) 1 : 0.000010 0.999940 0.000010 0.000010 0.000010 0.000010 0.000010
95 95 (0) 1 : 0.000010 0.999940 0.000010 0.000010 0.000010 0.000010 0.000010
96 96 (0) 1 : 0.000010 0.000010 0.000010 0.999940 0.000010 0.000010 0.000010
97 97 (0) 1 : 0.000010 0.000010 0.000010 0.999940 0.000010 0.000010 0.000010
98 98 (0) 1 : 0.000010 0.000010 0.000010 0.999940 0.000010 0.000010 0.000010
99 99 (0) 1 : 0.000010 0.000010 0.000010 0.999940 0.000010 0.000010 0.000010
100 100 (0) 1 : 0.000010 0.000010 0.000010 0.999940 0.000010 0.000010 0.000010
101 101 (0) 1 : 0.000010 0.000010 0.000010 0.999940 0.000010 0.000010 0.000010
102 102 (0) 1 : 0.000010 0.000010 0.000010 0.999940 0.000010 0.000010 0.000010
103 103 (0) 1 : 0.000010 0.000010 0.000010 0.999940 0.000010 0.000010 0.000010
104 104 (0) 1 : 0.000010 0.000010 0.000010 0.999940 0.000010 0.000010 0.000010
105 105 (0) 1 : 0.000010 0.000010 0.000010 0.999940 0.000010 0.000010 0.000010
106 106 (0) 1 : 0.000010 0.000010 0.000010 0.999940 0.000010 0.000010 0.000010
107 107 (0) 1 : 0.000010 0.000010 0.000010 0.999940 0.000010 0.000010 0.000010
108 108 (0) 1 : 0.000010 0.000010 0.000010 0.999940 0.000010 0.000010 0.000010
109 109 (0) 1 : 0.000010 0.000010 0.000010 0.999940 0.000010 0.000010 0.000010
110 110 (0) 1 : 0.000010 0.000010 0.000010 0.999940 0.000010 0.000010 0.000010
111 111 (0) 1 : 0.000010 0.000010 0.000010 0.999940 0.000010 0.000010 0.000010
112 112 (0) 1 : 0.000010 0.000010 0.000010 0.999940 0.000010 0.000010 0.000010
113 113 (0) 1 : 0.000010 0.000010 0.000010 0.999940 0.000010 0.000010 0.000010
114 114 (0) 1 : 0.000010 0.000010 0.000010 0.000010 0.999940 0.000010 0.000010
115 115 (0) 1 : 0.000010 0.000010 0.000010 0.000010 0.999940 0.000010 0.000010
116 116 (0) 1 : 0.000010 0.000010 0.000010 0.000010 0.999940 0.000010 0.000010
117 117 (0) 1 : 0.000010 0.000010 0.000010 0.000010 0.999940 0.000010 0.000010
118 118 (0) 1 : 0.000010 0.000010 0.000010 0.000010 0.999940 0.000010 0.000010
119 119 (0) 1 : 0.000010 0.000010 0.000010 0.000010 0.999940 0.000010 0.000010
120 120 (0) 1 : 0.000010 0.000010 0.000010 0.000010 0.999940 0.000010 0.000010
121 121 (0) 1 : 0.000010 0.000010 0.000010 0.000010 0.999940 0.000010 0.000010
1 1 (0) 1 : 0.000010 0.000010 0.000010 0.999940 0.000010 0.000010 0.000010
2 2 (0) 1 : 0.000010 0.000010 0.000010 0.999940 0.000010 0.000010 0.000010
3 3 (0) 1 : 0.000010 0.000010 0.000010 0.999940 0.000010 0.000010 0.000010
4 4 (0) 1 : 0.000010 0.000010 0.000010 0.999940 0.000010 0.000010 0.000010
5 5 (0) 1 : 0.000010 0.000010 0.000010 0.999940 0.000010 0.000010 0.000010
6 6 (0) 1 : 0.000010 0.000010 0.000010 0.999940 0.000010 0.000010 0.000010
7 7 (0) 1 : 0.000010 0.000010 0.000010 0.999940 0.000010 0.000010 0.000010
8 8 (0) 1 : 0.000010 0.000010 0.000010 0.999940 0.000010 0.000010 0.000010
9 9 (0) 1 : 0.000010 0.000010 0.000010 0.999940 0.000010 0.000010 0.000010
10 10 (0) 1 : 0.000010 0.000010 0.000010 0.999940 0.000010 0.000010 0.000010
11 11 (0) 1 : 0.000010 0.000010 0.000010 0.999940 0.000010 0.000010 0.000010
12 12 (0) 1 : 0.000010 0.000010 0.000010 0.999940 0.000010 0.000010 0.000010
13 13 (0) 1 : 0.000010 0.000010 0.000010 0.999940 0.000010 0.000010 0.000010
14 14 (0) 1 : 0.000010 0.000010 0.000010 0.999940 0.000010 0.000010 0.000010
15 15 (0) 1 : 0.000010 0.000010 0.000010 0.999940 0.000010 0.000010 0.000010
16 16 (0) 1 : 0.000010 0.000010 0.000010 0.999940 0.000010 0.000010 0.000010
17 17 (0) 1 : 0.000010 0.000010 0.000010 0.999940 0.000010 0.000010 0.000010
18 18 (0) 1 : 0.000010 0.000010 0.000010 0.999940 0.000010 0.000010 0.000010
19 19 (0) 1 : 0.000010 0.000010 0.000010 0.999940 0.000010 0.000010 0.000010
20 20 (0) 1 : 0.000010 0.000010 0.000010 0.999940 0.000010 0.000010 0.000010
21 21 (0) 1 : 0.000010 0.000010 0.000010 0.999940 0.000010 0.000010 0.000010
22 22 (0) 1 : 0.000010 0.000010 0.000010 0.999940 0.000010 0.000010 0.000010
23 23 (0) 1 : 0.000010 0.000010 0.000010 0.999940 0.000010 0.000010 0.000010
24 24 (0) 1 : 0.000010 0.000010 0.000010 0.999940 0.000010 0.000010 0.000010
25 25 (0) 1 : 0.000010 0.000010 0.000010 0.999940 0.000010 0.000010 0.000010
26 26 (0) 1 : 0.000010 0.000010 0.000010 0.999940 0.000010 0.000010 0.000010
27 27 (0) 1 : 0.000010 0.000010 0.000010 0.999940 0.000010 0.000010 0.000010
28 28 (0) 1 : 0.000010 0.000010 0.000010 0.999940 0.000010 0.000010 0.000010
29 29 (0) 1 : 0.000010 0.000010 0.000010 0.999940 0.000010 0.000010 0.000010
30 30 (0) 1 : 0.000010 0.000010 0.000010 0.999940 0.000010 0.000010 0.000010
31 31 (0) 1 : 0.000010 0.000010 0.000010 0.999940 0.000010 0.000010 0.000010
32 32 (0) 1 : 0.000010 0.000010 0.000010 0.999940 0.000010 0.000010 0.000010
33 33 (0) 1 : 0.000010 0.000010 0.000010 0.999940 0.000010 0.000010 0.000010
34 34 (0) 1 : 0.000010 0.000010 0.000010 0.999940 0.000010 0.000010 0.000010
35 35 (0) 1 : 0.000010 0.000010 0.000010 0.999940 0.000010 0.000010 0.000010
36 36 (0) 1 : 0.000010 0.383115 0.616835 0.000010 0.000010 0.000010 0.000010
37 37 (0) 1 : 0.000010 0.000010 0.999940 0.000010 0.000010 0.000010 0.000010
38 38 (0) 1 : 0.000010 0.000010 0.999940 0.000010 0.000010 0.000010 0.000010
39 39 (0) 1 : 0.000010 0.865989 0.133961 0.000010 0.000010 0.000010 0.000010
40 40 (0) 1 : 0.000010 0.584084 0.262551 0.000010 0.000010 0.153325 0.000010
41 41 (0) 1 : 0.000010 0.088311 0.215916 0.000013 0.000010 0.695730 0.000010
42 42 (0) 1 : 0.000010 0.709517 0.290425 0.000010 0.000010 0.000018 0.000010
43 43 (0) 1 : 0.000010 0.904002 0.095948 0.000010 0.000010 0.000010 0.000010
44 44 (0) 1 : 0.000010 0.368510 0.000010 0.000010 0.000010 0.631440 0.000010
45 45 (0) 1 : 0.000010 0.796425 0.139699 0.000010 0.000010 0.063837 0.000010
46 46 (0) 1 : 0.000010 0.000010 0.246321 0.000010 0.000010 0.753629 0.000010
47 47 (0) 1 : 0.000010 0.000010 0.999940 0.000010 0.000010 0.000010 0.000010
48 48 (0) 1 : 0.000010 0.000010 0.004791 0.000010 0.000010 0.995159 0.000010
49 49 (0) 1 : 0.000010 0.454630 0.000010 0.000010 0.000010 0.545320 0.000010
50 50 (0) 1 : 0.000010 0.000010 0.532054 0.000010 0.000010 0.467896 0.000010
51 51 (0) 1 : 0.000010 0.335634 0.159555 0.000010 0.000010 0.504771 0.000010
52 52 (0) 1 : 0.000010 0.000010 0.999940 0.000010 0.000010 0.000010 0.000010
53 53 (0) 1 : 0.000010 0.999940 0.000010 0.000010 0.000010 0.000010 0.000010
54 54 (0) 1 : 0.000010 0.999940 0.000010 0.000010 0.000010 0.000010 0.000010
55 55 (0) 1 : 0.000010 0.444096 0.000010 0.000010 0.000010 0.555854 0.000010
56 56 (0) 1 : 0.000010 0.000010 0.999940 0.000010 0.000010 0.000010 0.000010
57 57 (0) 1 : 0.000010 0.999940 0.000010 0.000010 0.000010 0.000010 0.000010
58 58 (0) 1 : 0.000010 0.513567 0.000010 0.000010 0.000010 0.486383 0.000010
59 59 (0) 1 : 0.000010 0.601541 0.000010 0.000010 0.000010 0.398409 0.000010
60 60 (0) 1 : 0.000010 0.999940 0.000010 0.000010 0.000010 0.000010 0.000010
61 61 (0) 1 : 0.000010 0.813176 0.000010 0.000010 0.000010 0.186774 0.000010
62 62 (0) 1 : 0.000010 0.000010 0.999939 0.000010 0.000010 0.000011 0.000010
63 63 (0) 1 : 0.000010 0.257067 0.148783 0.000010 0.000010 0.594110 0.000010
64 64 (0) 1 : 0.000010 0.999936 0.000014 0.000010 0.000010 0.000010 0.000010
65 65 (0) 1 : 0.000010 0.550850 0.449100 0.000010 0.000010 0.000010 0.000010
66 66 (0) 1 : 0.000010 0.999940 0.000010 0.000010 0.000010 0.000010 0.000010
67 67 (0) 1 : 0.000010 0.877463 0.122482 0.000010 0.000010 0.000015 0.000010
68 68 (0) 1 : 0.000010 0.000010 0.011073 0.000010 0.000010 0.988877 0.000010
69 69 (0) 1 : 0.000010 0.570851 0.278550 0.000010 0.000010 0.150559 0.000010
70 70 (0) 1 : 0.000010 0.000010 0.000010 0.000010 0.000010 0.999940 0.000010
71 71 (0) 1 : 0.000010 0.283333 0.000010 0.000010 0.000010 0.716617 0.000010
72 72 (0) 1 : 0.000010 0.999940 0.000010 0.000010 0.000010 0.000010 0.000010
73 73 (0) 1 : 0.000010 0.999940 0.000010 0.000010 0.000010 0.000010 0.000010
74 74 (0) 1 : 0.000010 0.722473 0.072938 0.000010 0.000010 0.204549 0.000010
75 75 (0) 1 : 0.000010 0.599382 0.275330 0.000010 0.000010 0.125248 0.000010
76 76 (0) 1 : 0.000010 0.000010 0.023440 0.000010 0.000010 0.976510 0.000010
77 77 (0) 1 : 0.000010 0.000010 0.999940 0.000010 0.000010 0.000010 0.000010
78 78 (0) 1 : 0.999940 0.000010 0.000010 0.000010 0.000010 0.000010 0.000010
79 79 (0) 1 : 0.999940 0.000010 0.000010 0.000010 0.000010 0.000010 0.000010
80 80 (0) 1 : 0.999940 0.000010 0.000010 0.000010 0.000010 0.000010 0.000010
81 81 (0) 1 : 0.999940 0.000010 0.000010 0.000010 0.000010 0.000010 0.000010
82 82 (0) 1 : 0.999940 0.000010 0.000010 0.000010 0.000010 0.000010 0.000010
83 83 (0) 1 : 0.999939 0.000010 0.000010 0.000010 0.000011 0.000010 0.000010
84 84 (0) 1 : 0.999936 0.000010 0.000010 0.000014 0.000010 0.000010 0.000010
85 85 (0) 1 : 0.999940 0.000010 0.000010 0.000010 0.000010 0.000010 0.000010
86 86 (0) 1 : 0.999940 0.000010 0.000010 0.000010 0.000010 0.000010 0.000010
87 87 (0) 1 : 0.999940 0.000010 0.000010 0.000010 0.000010 0.000010 0.000010
88 88 (0) 1 : 0.999940 0.000010 0.000010 0.000010 0.000010 0.000010 0.000010
89 89 (0) 1 : 0.999940 0.000010 0.000010 0.000010 0.000010 0.000010 0.000010
90 90 (0) 1 : 0.999940 0.000010 0.000010 0.000010 0.000010 0.000010 0.000010
91 91 (0) 1 : 0.999940 0.000010 0.000010 0.000010 0.000010 0.000010 0.000010
92 92 (0) 1 : 0.999940 0.000010 0.000010 0.000010 0.000010 0.000010 0.000010
93 93 (0) 1 : 0.999939 0.000010 0.000010 0.000010 0.000011 0.000010 0.000010
94 94 (0) 1 : 0.999936 0.000010 0.000010 0.000010 0.000014 0.000010 0.000010
95 95 (0) 1 : 0.999935 0.000010 0.000010 0.000010 0.000015 0.000010 0.000010
96 96 (0) 1 : 0.000010 0.000010 0.000010 0.000010 0.999940 0.000010 0.000010
97 97 (0) 1 : 0.000010 0.000010 0.000010 0.000010 0.999940 0.000010 0.000010
98 98 (0) 1 : 0.000010 0.000010 0.000010 0.000010 0.999940 0.000010 0.000010
99 99 (0) 1 : 0.000010 0.000010 0.000010 0.000010 0.999940 0.000010 0.000010
100 100 (0) 1 : 0.000010 0.000010 0.000010 0.000010 0.999940 0.000010 0.000010
101 101 (0) 1 : 0.000010 0.000010 0.000010 0.000010 0.999940 0.000010 0.000010
102 102 (0) 1 : 0.000010 0.000010 0.000010 0.000010 0.999940 0.000010 0.000010
103 103 (0) 1 : 0.000010 0.000010 0.000010 0.000010 0.999940 0.000010 0.000010
104 104 (0) 1 : 0.000010 0.000010 0.000010 0.000010 0.999940 0.000010 0.000010
105 105 (0) 1 : 0.000010 0.000010 0.000010 0.000010 0.999940 0.000010 0.000010
106 106 (0) 1 : 0.000010 0.000010 0.000010 0.000010 0.999940 0.000010 0.000010
107 107 (0) 1 : 0.000010 0.000010 0.000010 0.000010 0.999940 0.000010 0.000010
108 108 (0) 1 : 0.000010 0.000010 0.000010 0.000010 0.999940 0.000010 0.000010
109 109 (0) 1 : 0.000010 0.000010 0.000010 0.000010 0.999940 0.000010 0.000010
110 110 (0) 1 : 0.000010 0.000010 0.000010 0.000010 0.999940 0.000010 0.000010
111 111 (0) 1 : 0.000010 0.000010 0.000010 0.000010 0.999940 0.000010 0.000010
112 112 (0) 1 : 0.000019 0.000010 0.000010 0.000010 0.999931 0.000010 0.000010
113 113 (0) 1 : 0.000010 0.000010 0.000010 0.000010 0.999940 0.000010 0.000010
114 114 (0) 1 : 0.000010 0.000010 0.000010 0.000020 0.000010 0.000010 0.999930
115 115 (0) 1 : 0.000013 0.000010 0.000010 0.000010 0.000010 0.000010 0.999937
116 116 (0) 1 : 0.000010 0.000010 0.000010 0.000014 0.000010 0.000010 0.999936
117 117 (0) 1 : 0.000010 0.000010 0.000010 0.000010 0.000010 0.000010 0.999940
118 118 (0) 1 : 0.000010 0.000010 0.000010 0.000017 0.000010 0.000010 0.999933
119 119 (0) 1 : 0.000014 0.000010 0.000010 0.000010 0.000010 0.000010 0.999936
120 120 (0) 1 : 0.000011 0.000010 0.000010 0.000012 0.000010 0.000010 0.999937
121 121 (0) 1 : 0.000010 0.000010 0.000010 0.000017 0.000010 0.000010 0.999933
1 1 (0) 1 : 0.000015 0.999935 0.000010 0.000010 0.000010 0.000010 0.000010
2 2 (0) 1 : 0.000010 0.999940 0.000010 0.000010 0.000010 0.000010 0.000010
3 3 (0) 1 : 0.000010 0.999940 0.000010 0.000010 0.000010 0.000010 0.000010
4 4 (0) 1 : 0.000010 0.999934 0.000016 0.000010 0.000010 0.000010 0.000010
5 5 (0) 1 : 0.000010 0.999940 0.000010 0.000010 0.000010 0.000010 0.000010
6 6 (0) 1 : 0.000010 0.999940 0.000010 0.000010 0.000010 0.000010 0.000010
7 7 (0) 1 : 0.000010 0.999940 0.000010 0.000010 0.000010 0.000010 0.000010
8 8 (0) 1 : 0.000013 0.999935 0.000010 0.000010 0.000012 0.000010 0.000010
9 9 (0) 1 : 0.000010 0.999937 0.000013 0.000010 0.000010 0.000010 0.000010
10 10 (0) 1 : 0.000010 0.999932 0.000010 0.000010 0.000018 0.000010 0.000010
11 11 (0) 1 : 0.000010 0.999937 0.000010 0.000013 0.000010 0.000010 0.000010
12 12 (0) 1 : 0.000010 0.999933 0.000010 0.000010 0.000017 0.000010 0.000010
13 13 (0) 1 : 0.000010 0.999936 0.000010 0.000010 0.000014 0.000010 0.000010
14 14 (0) 1 : 0.000010 0.999932 0.000010 0.000010 0.000018 0.000010 0.000010
15 15 (0) 1 : 0.000010 0.999935 0.000010 0.000010 0.000015 0.000010 0.000010
16 16 (0) 1 : 0.000010 0.999933 0.000010 0.000010 0.000011 0.000016 0.000010
17 17 (0) 1 : 0.000010 0.999937 0.000010 0.000010 0.000013 0.000010 0.000010
18 18 (0) 1 : 0.000010 0.999940 0.000010 0.000010 0.000010 0.000010 0.000010
19 19 (0) 1 : 0.000010 0.999931 0.000010 0.000010 0.000019 0.000010 0.000010
20 20 (0) 1 : 0.000010 0.999927 0.000010 0.000017 0.000016 0.000010 0.000010
21 21 (0) 1 : 0.000010 0.999940 0.000010 0.000010 0.000010 0.000010 0.000010
22 22 (0) 1 : 0.000010 0.999940 0.000010 0.000010 0.000010 0.000010 0.000010
23 23 (0) 1 : 0.000010 0.999940 0.000010 0.000010 0.000010 0.000010 0.000010
24 24 (0) 1 : 0.000010 0.999932 0.000010 0.000010 0.000018 0.000010 0.000010
25 25 (0) 1 : 0.000010 0.999935 0.000010 0.000010 0.000015 0.000010 0.000010
26 26 (0) 1 : 0.000010 0.999936 0.000010 0.000010 0.000014 0.000010 0.000010
27 27 (0) 1 : 0.000010 0.999940 0.000010 0.000010 0.000010 0.000010 0.000010
28 28 (0) 1 : 0.000010 0.999938 0.000010 0.000012 0.000010 0.000010 0.000010
29 29 (0) 1 : 0.000010 0.999940 0.000010 0.000010 0.000010 0.000010 0.000010
30 30 (0) 1 : 0.000010 0.999936 0.000010 0.000010 0.000014 0.000010 0.000010
31 31 (0) 1 : 0.000010 0.999940 0.000010 0.000010 0.000010 0.000010 0.000010
32 32 (0) 1 : 0.000010 0.999929 0.000013 0.000010 0.000018 0.000010 0.000010
33 33 (0) 1 : 0.000010 0.999936 0.000010 0.000010 0.000014 0.000010 0.000010
34 34 (0) 1 : 0.000010 0.999940 0.000010 0.000010 0.000010 0.000010 0.000010
35 35 (0) 1 : 0.000010 0.999940 0.000010 0.000010 0.000010 0.000010 0.000010
36 36 (0) 1 : 0.024570 0.000010 0.399405 0.575986 0.000010 0.000010 0.000010
37 37 (0) 1 : 0.000010 0.000010 0.000010 0.999940 0.000010 0.000010 0.000010
38 38 (0) 1 : 0.000010 0.000010 0.000010 0.999940 0.000010 0.000010 0.000010
39 39 (0) 1 : 0.000010 0.000010 0.859581 0.140369 0.000010 0.000010 0.000010
40 40 (0) 1 : 0.071911 0.000014 0.570099 0.357947 0.000010 0.000010 0.000010
41 41 (0) 1 : 0.456193 0.000010 0.214488 0.329279 0.000010 0.000010 0.000010
42 42 (0) 1 : 0.000010 0.000010 0.748859 0.251091 0.000010 0.000010 0.000010
43 43 (0) 1 : 0.014096 0.000010 0.924160 0.061704 0.000010 0.000010 0.000010
44 44 (0) 1 : 0.597466 0.000010 0.402484 0.000010 0.000010 0.000010 0.000010
45 45 (0) 1 : 0.100682 0.000018 0.776207 0.123059 0.000010 0.000014 0.000010
46 46 (0) 1 : 0.999940 0.000010 0.000010 0.000010 0.000010 0.000010 0.000010
47 47 (0) 1 : 0.000010 0.000010 0.000010 0.999940 0.000010 0.000010 0.000010
48 48 (0) 1 : 0.999940 0.000010 0.000010 0.000010 0.000010 0.000010 0.000010
49 49 (0) 1 : 0.623971 0.000010 0.375979 0.000010 0.000010 0.000010 0.000010
50 50 (0) 1 : 0.461386 0.000010 0.000010 0.538564 0.000010 0.000010 0.000010
51 51 (0) 1 : 0.621489 0.000010 0.244274 0.134187 0.000010 0.000020 0.000010
52 52 (0) 1 : 0.000010 0.000010 0.000010 0.999940 0.000010 0.000010 0.000010
53 53 (0) 1 : 0.000010 0.000010 0.999940 0.000010 0.000010 0.000010 0.000010
54 54 (0) 1 : 0.000010 0.000010 0.999940 0.000010 0.000010 0.000010 0.000010
55 55 (0) 1 : 0.615243 0.000010 0.384707 0.000010 0.000010 0.000010 0.000010
56 56 (0) 1 : 0.000010 0.000010 0.000010 0.999940 0.000010 0.000010 0.000010
57 57 (0) 1 : 0.000010 0.000010 0.999940 0.000010 0.000010 0.000010 0.000010
58 58 (0) 1 : 0.457796 0.000010 0.542154 0.000010 0.000010 0.000010 0.000010
59 59 (0) 1 : 0.458183 0.000010 0.541767 0.000010 0.000010 0.000010 0.000010
60 60 (0) 1 : 0.000010 0.000010 0.999940 0.000010 0.000010 0.000010 0.000010
61 61 (0) 1 : 0.000010 0.000010 0.999940 0.000010 0.000010 0.000010 0.000010
62 62 (0) 1 : 0.000010 0.000010 0.000010 0.999940 0.000010 0.000010 0.000010
63 63 (0) 1 : 0.999940 0.000010 0.000010 0.000010 0.000010 0.000010 0.000010
64 64 (0) 1 : 0.000010 0.000010 0.999940 0.000010 0.000010 0.000010 0.000010
65 65 (0) 1 : 0.000010 0.000010 0.588964 0.410986 0.000010 0.000010 0.000010
66 66 (0) 1 : 0.000010 0.000010 0.999940 0.000010 0.000010 0.000010 0.000010
67 67 (0) 1 : 0.000010 0.000010 0.869535 0.130415 0.000010 0.000010 0.000010
68 68 (0) 1 : 0.999937 0.000010 0.000010 0.000010 0.000013 0.000010 0.000010
69 69 (0) 1 : 0.000010 0.000010 0.523921 0.476029 0.000010 0.000010 0.000010
70 70 (0) 1 : 0.929825 0.000010 0.070125 0.000010 0.000010 0.000010 0.000010
71 71 (0) 1 : 0.999940 0.000010 0.000010 0.000010 0.000010 0.000010 0.000010
72 72 (0) 1 : 0.000010 0.000010 0.999940 0.000010 0.000010 0.000010 0.000010
73 73 (0) 1 : 0.000010 0.000010 0.999940 0.000010 0.000010 0.000010 0.000010
74 74 (0) 1 : 0.071565 0.000010 0.730266 0.198129 0.000010 0.000010 0.000010
75 75 (0) 1 : 0.000010 0.000010 0.605737 0.394213 0.000010 0.000010 0.000010
76 76 (0) 1 : 0.999940 0.000010 0.000010 0.000010 0.000010 0.000010 0.000010
77 77 (0) 1 : 0.347019 0.000010 0.000010 0.652931 0.000010 0.000010 0.000010
78 78 (0) 1 : 0.000010 0.000016 0.000014 0.000010 0.000010 0.999929 0.000010
79 79 (0) 1 : 0.000010 0.000010 0.000010 0.000010 0.000010 0.999940 0.000010
80 80 (0) 1 : 0.000010 0.000010 0.000010 0.000010 0.000010 0.999940 0.000010
81 81 (0) 1 : 0.000010 0.000010 0.000011 0.000014 0.000010 0.999936 0.000010
82 82 (0) 1 : 0.000010 0.000010 0.000010 0.000010 0.000010 0.999940 0.000010
83 83 (0) 1 : 0.000016 0.000012 0.000010 0.000010 0.000014 0.999928 0.000010
84 84 (0) 1 : 0.000010 0.000010 0.000010 0.000010 0.000010 0.999940 0.000010
85 85 (0) 1 : 0.000010 0.000016 0.000010 0.000010 0.000010 0.999934 0.000010
86 86 (0) 1 : 0.000010 0.000012 0.000010 0.000010 0.000010 0.999938 0.000010
87 87 (0) 1 : 0.000010 0.000010 0.000010 0.000010 0.000010 0.999940 0.000010
88 88 (0) 1 : 0.000010 0.000010 0.000010 0.000010 0.000010 0.999940 0.000010
89 89 (0) 1 : 0.000010 0.000010 0.000010 0.000010 0.000010 0.999940 0.000010
90 90 (0) 1 : 0.000010 0.000010 0.000010 0.000010 0.000010 0.999940 0.000010
91 91 (0) 1 : 0.000010 0.000010 0.000010 0.000010 0.000010 0.999940 0.000010
92 92 (0) 1 : 0.000010 0.000010 0.000010 0.000010 0.000010 0.999940 0.000010
93 93 (0) 1 : 0.000010 0.000011 0.000010 0.000010 0.000010 0.999939 0.000010
94 94 (0) 1 : 0.000010 0.000010 0.000010 0.000010 0.000010 0.999940 0.000010
95 95 (0) 1 : 0.000010 0.000010 0.000010 0.000010 0.000010 0.999940 0.000010
96 96 (0) 1 : 0.000010 0.000010 0.000010 0.000010 0.999940 0.000010 0.000010
97 97 (0) 1 : 0.000010 0.000010 0.000011 0.000010 0.999939 0.000010 0.000010
98 98 (0) 1 : 0.000013 0.000010 0.000010 0.000010 0.999937 0.000010 0.000010
99 99 (0) 1 : 0.000010 0.000010 0.000012 0.000010 0.999938 0.000010 0.000010
100 100 (0) 1 : 0.000010 0.000014 0.000010 0.000010 0.999936 0.000010 0.000010
101 101 (0) 1 : 0.000011 0.000010 0.000010 0.000010 0.999939 0.000010 0.000010
102 102 (0) 1 : 0.000010 0.000013 0.000010 0.000010 0.999937 0.000010 0.000010
103 103 (0) 1 : 0.000010 0.000012 0.000018 0.000010 0.999930 0.000010 0.000010
104 104 (0) 1 : 0.000010 0.000010 0.000010 0.000010 0.999931 0.000019 0.000010
105 105 (0) 1 : 0.000010 0.000015 0.000010 0.000010 0.999935 0.000010 0.000010
106 106 (0) 1 : 0.000010 0.000010 0.000010 0.000010 0.999940 0.000010 0.000010
107 107 (0) 1 : 0.000010 0.000013 0.000010 0.000010 0.999937 0.000010 0.000010
108 108 (0) 1 : 0.000010 0.000010 0.000010 0.000010 0.999940 0.000010 0.000010
109 109 (0) 1 : 0.000010 0.000010 0.000010 0.000010 0.999940 0.000010 0.000010
110 110 (0) 1 : 0.000010 0.000010 0.000010 0.000010 0.999940 0.000010 0.000010
111 111 (0) 1 : 0.000010 0.000013 0.000012 0.000010 0.999936 0.000010 0.000010
112 112 (0) 1 : 0.000010 0.000018 0.000010 0.000010 0.999931 0.000011 0.000010
113 113 (0) 1 : 0.000010 0.000010 0.000010 0.000010 0.999940 0.000010 0.000010
114 114 (0) 1 : 0.000010 0.000010 0.000010 0.000010 0.000010 0.000010 0.999940
115 115 (0) 1 : 0.000010 0.000010 0.000010 0.000010 0.000010 0.000010 0.999940
116 116 (0) 1 : 0.000010 0.000010 0.000010 0.000010 0.000010 0.000010 0.999940
117 117 (0) 1 : 0.000010 0.000010 0.000010 0.000010 0.000010 0.000010 0.999940
118 118 (0) 1 : 0.000010 0.000010 0.000010 0.000010 0.000010 0.000010 0.999940
119 119 (0) 1 : 0.000010 0.000012 0.000010 0.000010 0.000010 0.000010 0.999938
120 120 (0) 1 : 0.000010 0.000010 0.000010 0.000010 0.000010 0.000010 0.999940
121 121 (0) 1 : 0.000010 0.000010 0.000010 0.000010 0.000010 0.000010 0.999940
1 1 (0) 1 : 0.000010 0.000010 0.000010 0.000010 0.000010 0.999940 0.000010
2 2 (0) 1 : 0.000010 0.000010 0.000011 0.000010 0.000012 0.999937 0.000010
3 3 (0) 1 : 0.000010 0.000010 0.000010 0.000010 0.000010 0.999940 0.000010
4 4 (0) 1 : 0.000010 0.000010 0.000010 0.000010 0.000010 0.999940 0.000010
5 5 (0) 1 : 0.000010 0.000010 0.000010 0.000010 0.000010 0.999940 0.000010
6 6 (0) 1 : 0.000010 0.000010 0.000011 0.000010 0.000010 0.999939 0.000010
7 7 (0) 1 : 0.000010 0.000010 0.000011 0.000013 0.000010 0.999936 0.000010
8 8 (0) 1 : 0.000010 0.000010 0.000010 0.000010 0.000010 0.999940 0.000010
9 9 (0) 1 : 0.000010 0.000010 0.000010 0.000010 0.000010 0.999940 0.000010
10 10 (0) 1 : 0.000010 0.000010 0.000011 0.000011 0.000012 0.999936 0.000010
11 11 (0) 1 : 0.000010 0.000010 0.000010 0.000010 0.000010 0.999940 0.000010
12 12 (0) 1 : 0.000010 0.000010 0.000011 0.000011 0.000011 0.999938 0.000010
13 13 (0) 1 : 0.000010 0.000010 0.000010 0.000010 0.000010 0.999940 0.000010
14 14 (0) 1 : 0.000010 0.000010 0.000010 0.000011 0.000012 0.999937 0.000010
15 15 (0) 1 : 0.000010 0.000010 0.000010 0.000010 0.000010 0.999940 0.000010
16 16 (0) 1 : 0.000010 0.000010 0.000010 0.000010 0.000010 0.999940 0.000010
17 17 (0) 1 : 0.000010 0.000010 0.000011 0.000010 0.000012 0.999937 0.000010
18 18 (0) 1 : 0.000010 0.000010 0.000010 0.000010 0.000010 0.999940 0.000010
19 19 (0) 1 : 0.000010 0.000010 0.000010 0.000010 0.000010 0.999940 0.000010
20 20 (0) 1 : 0.000010 0.000010 0.000010 0.000010 0.000010 0.999940 0.000010
21 21 (0) 1 : 0.000010 0.000010 0.000010 0.000010 0.000010 0.999940 0.000010
22 22 (0) 1 : 0.000010 0.000010 0.000010 0.000010 0.000010 0.999940 0.000010
23 23 (0) 1 : 0.000010 0.000010 0.000013 0.000010 0.000010 0.999936 0.000010
24 24 (0) 1 : 0.000010 0.000010 0.000010 0.000011 0.000010 0.999939 0.000010
25 25 (0) 1 : 0.000010 0.000010 0.000010 0.000010 0.000012 0.999937 0.000010
26 26 (0) 1 : 0.000010 0.000010 0.000011 0.000010 0.000012 0.999938 0.000010
27 27 (0) 1 : 0.000010 0.000010 0.000010 0.000010 0.000010 0.999940 0.000010
28 28 (0) 1 : 0.000010 0.000010 0.000014 0.000012 0.000010 0.999933 0.000010
29 29 (0) 1 : 0.000010 0.000010 0.000010 0.000010 0.000010 0.999940 0.000010
30 30 (0) 1 : 0.000010 0.000010 0.000011 0.000013 0.000011 0.999935 0.000010
31 31 (0) 1 : 0.000010 0.000010 0.000010 0.000010 0.000010 0.999940 0.000010
32 32 (0) 1 : 0.000010 0.000010 0.000010 0.000010 0.000010 0.999940 0.000010
33 33 (0) 1 : 0.000010 0.000010 0.000010 0.000010 0.000010 0.999939 0.000010
34 34 (0) 1 : 0.000010 0.000010 0.000010 0.000010 0.000010 0.999940 0.000010
35 35 (0) 1 : 0.000010 0.000010 0.000010 0.000010 0.000010 0.999940 0.000010
36 36 (0) 1 : 0.000010 0.378120 0.000010 0.000010 0.000010 0.000010 0.621830
37 37 (0) 1 : 0.000010 0.000010 0.000010 0.000010 0.000010 0.000010 0.999940
38 38 (0) 1 : 0.000010 0.000010 0.000010 0.000010 0.000010 0.000010 0.999940
39 39 (0) 1 : 0.000010 0.939172 0.000010 0.000010 0.000010 0.000010 0.060778
40 40 (0) 1 : 0.000010 0.593360 0.000010 0.000010 0.000010 0.000010 0.406590
41 41 (0) 1 : 0.000010 0.183997 0.000010 0.000010 0.000010 0.000010 0.815953
42 42 (0) 1 : 0.000010 0.765294 0.000010 0.000010 0.000010 0.000010 0.234656
43 43 (0) 1 : 0.000010 0.999940 0.000010 0.000010 0.000010 0.000010 0.000010
44 44 (0) 1 : 0.000010 0.244694 0.000010 0.637544 0.000010 0.000010 0.117723
45 45 (0) 1 : 0.000010 0.783316 0.000010 0.057528 0.000010 0.000010 0.159116
46 46 (0) 1 : 0.000010 0.000010 0.000010 0.673419 0.000010 0.000010 0.326531
47 47 (0) 1 : 0.000010 0.000010 0.000010 0.000010 0.000010 0.000010 0.999940
48 48 (0) 1 : 0.000010 0.000010 0.000010 0.247258 0.000010 0.000010 0.752692
49 49 (0) 1 : 0.000010 0.000010 0.000010 0.999940 0.000010 0.000010 0.000010
50 50 (0) 1 : 0.000010 0.000010 0.000010 0.326525 0.000010 0.000010 0.673425
51 51 (0) 1 : 0.000010 0.000010 0.000010 0.841262 0.000011 0.000010 0.158687
52 52 (0) 1 : 0.000010 0.000010 0.000010 0.000010 0.000010 0.000010 0.999940
53 53 (0) 1 : 0.000010 0.999940 0.000010 0.000010 0.000010 0.000010 0.000010
54 54 (0) 1 : 0.000010 0.999940 0.000010 0.000010 0.000010 0.000010 0.000010
55 55 (0) 1 : 0.000010 0.000010 0.000010 0.999940 0.000010 0.000010 0.000010
56 56 (0) 1 : 0.000010 0.000010 0.000010 0.000010 0.000010 0.000010 0.999940
57 57 (0) 1 : 0.000010 0.999940 0.000010 0.000010 0.000010 0.000010 0.000010
58 58 (0) 1 : 0.000010 0.662254 0.000010 0.191787 0.000010 0.000010 0.145920
59 59 (0) 1 : 0.000010 0.000010 0.000010 0.999940 0.000010 0.000010 0.000010
60 60 (0) 1 : 0.000010 0.781057 0.000010 0.218893 0.000010 0.000010 0.000010
61 61 (0) 1 : 0.000010 0.833176 0.000010 0.166774 0.000010 0.000010 0.000010
62 62 (0) 1 : 0.000010 0.000010 0.000010 0.000010 0.000010 0.000010 0.999940
63 63 (0) 1 : 0.000010 0.000010 0.000010 0.999940 0.000010 0.000010 0.000010
64 64 (0) 1 : 0.000010 0.999940 0.000010 0.000010 0.000010 0.000010 0.000010
65 65 (0) 1 : 0.000010 0.727200 0.000010 0.000010 0.000010 0.000010 0.272750
66 66 (0) 1 : 0.000010 0.744098 0.000010 0.255852 0.000010 0.000010 0.000010
67 67 (0) 1 : 0.000010 0.517906 0.000010 0.482044 0.000010 0.000010 0.000010
68 68 (0) 1 : 0.000010 0.000010 0.000010 0.324092 0.000010 0.000010 0.675858
69 69 (0) 1 : 0.000010 0.444965 0.000010 0.000020 0.000010 0.000010 0.554975
70 70 (0) 1 : 0.000010 0.000010 0.000010 0.759057 0.000010 0.000010 0.240893
71 71 (0) 1 : 0.000015 0.075260 0.000010 0.391702 0.000010 0.000010 0.532993
72 72 (0) 1 : 0.000010 0.818882 0.000010 0.181068 0.000010 0.000010 0.000010
73 73 (0) 1 : 0.000010 0.999940 0.000010 0.000010 0.000010 0.000010 0.000010
74 74 (0) 1 : 0.000010 0.663404 0.000010 0.126264 0.000010 0.000010 0.210292
75 75 (0) 1 : 0.000010 0.630854 0.000010 0.000010 0.000010 0.000010 0.369096
76 76 (0) 1 : 0.000011 0.000010 0.000010 0.000010 0.000010 0.000010 0.999939
77 77 (0) 1 : 0.000010 0.000010 0.000010 0.223422 0.000010 0.000010 0.776528
78 78 (0) 1 : 0.000010 0.000010 0.999940 0.000010 0.000010 0.000010 0.000010
79 79 (0) 1 : 0.000010 0.000010 0.999938 0.000010 0.000012 0.000010 0.000010
80 80 (0) 1 : 0.000010 0.000010 0.999940 0.000010 0.000010 0.000010 0.000010
81 81 (0) 1 : 0.000010 0.000010 0.999940 0.000010 0.000010 0.000010 0.000010
82 82 (0) 1 : 0.000010 0.000010 0.999939 0.000010 0.000010 0.000011 0.000010
83 83 (0) 1 : 0.000010 0.000010 0.999939 0.000010 0.000011 0.000010 0.000010
84 84 (0) 1 : 0.000010 0.000010 0.999938 0.000010 0.000010 0.000012 0.000010
85 85 (0) 1 : 0.000010 0.000010 0.999940 0.000010 0.000010 0.000010 0.000010
86 86 (0) 1 : 0.000010 0.000010 0.999940 0.000010 0.000010 0.000010 0.000010
87 87 (0) 1 : 0.000010 0.000010 0.999932 0.000013 0.000012 0.000012 0.000010
88 88 (0) 1 : 0.000010 0.000010 0.999940 0.000010 0.000010 0.000010 0.000010
89 89 (0) 1 : 0.000010 0.000010 0.999938 0.000010 0.000011 0.000010 0.000010
90 90 (0) 1 : 0.000010 0.000010 0.999940 0.000010 0.000010 0.000010 0.000010
91 91 (0) 1 : 0.000010 0.000010 0.999940 0.000010 0.000010 0.000010 0.000010
92 92 (0) 1 : 0.000010 0.000010 0.999940 0.000010 0.000010 0.000010 0.000010
93 93 (0) 1 : 0.000010 0.000010 0.999940 0.000010 0.000010 0.000010 0.000010
94 94 (0) 1 : 0.000010 0.000010 0.999940 0.000010 0.000010 0.000010 0.000010
95 95 (0) 1 : 0.000010 0.000010 0.999939 0.000010 0.000011 0.000010 0.000010
96 96 (0) 1 : 0.000010 0.000010 0.000010 0.000010 0.999940 0.000010 0.000010
97 97 (0) 1 : 0.000010 0.000010 0.000010 0.000010 0.999940 0.000010 0.000010
98 98 (0) 1 : 0.000010 0.000010 0.000010 0.000010 0.999940 0.000010 0.000010
99 99 (0) 1 : 0.000010 0.000010 0.000010 0.000010 0.999940 0.000010 0.000010
100 100 (0) 1 : 0.000010 0.000010 0.000010 0.000010 0.999940 0.000010 0.000010
101 101 (0) 1 : 0.000010 0.000010 0.000010 0.000010 0.999940 0.000010 0.000010
102 102 (0) 1 : 0.000010 0.000010 0.000010 0.000010 0.999940 0.000010 0.000010
103 103 (0) 1 : 0.000010 0.000010 0.000010 0.000010 0.999940 0.000010 0.000010
104 104 (0) 1 : 0.000010 0.000010 0.000010 0.000010 0.999940 0.000010 0.000010
105 105 (0) 1 : 0.000010 0.000010 0.000010 0.000010 0.999940 0.000010 0.000010
106 106 (0) 1 : 0.000010 0.000010 0.000010 0.000010 0.999940 0.000010 0.000010
107 107 (0) 1 : 0.000010 0.000010 0.000010 0.000010 0.999940 0.000010 0.000010
108 108 (0) 1 : 0.000010 0.000010 0.000010 0.000010 0.999940 0.000010 0.000010
109 109 (0) 1 : 0.000010 0.000010 0.000010 0.000010 0.999940 0.000010 0.000010
110 110 (0) 1 : 0.000010 0.000010 0.000010 0.000010 0.999940 0.000010 0.000010
111 111 (0) 1 : 0.000010 0.000010 0.000010 0.000010 0.999940 0.000010 0.000010
112 112 (0) 1 : 0.000010 0.000010 0.000010 0.000010 0.999940 0.000010 0.000010
113 113 (0) 1 : 0.000010 0.000010 0.000010 0.000010 0.999940 0.000010 0.000010
114 114 (0) 1 : 0.999940 0.000010 0.000010 0.000010 0.000010 0.000010 0.000010
115 115 (0) 1 : 0.999940 0.000010 0.000010 0.000010 0.000010 0.000010 0.000010
116 116 (0) 1 : 0.999940 0.000010 0.000010 0.000010 0.000010 0.000010 0.000010
117 117 (0) 1 : 0.999940 0.000010 0.000010 0.000010 0.000010 0.000010 0.000010
118 118 (0) 1 : 0.999940 0.000010 0.000010 0.000010 0.000010 0.000010 0.000010
119 119 (0) 1 : 0.999939 0.000010 0.000010 0.000010 0.000011 0.000010 0.000010
120 120 (0) 1 : 0.999938 0.000010 0.000010 0.000010 0.000010 0.000012 0.000010
121 121 (0) 1 : 0.999940 0.000010 0.000010 0.000010 0.000010 0.000010 0.000010
1 1 (0) 1 : 0.000015 0.000010 0.000010 0.999935 0.000010 0.000010 0.000010
2 2 (0) 1 : 0.000010 0.000010 0.000010 0.999940 0.000010 0.000010 0.000010
3 3 (0) 1 : 0.000010 0.000010 0.000010 0.999939 0.000010 0.000011 0.000010
4 4 (0) 1 : 0.000010 0.000010 0.000010 0.999940 0.000010 0.000010 0.000010
5 5 (0) 1 : 0.000012 0.000013 0.000010 0.999922 0.000015 0.000019 0.000010
6 6 (0) 1 : 0.000013 0.000010 0.000010 0.999937 0.000010 0.000010 0.000010
7 7 (0) 1 : 0.000010 0.000010 0.000010 0.999940 0.000010 0.000010 0.000010
8 8 (0) 1 : 0.000010 0.000010 0.000010 0.999940 0.000010 0.000010 0.000010
9 9 (0) 1 : 0.000010 0.000010 0.000010 0.999940 0.000010 0.000010 0.000010
10 10 (0) 1 : 0.000010 0.000010 0.000010 0.999940 0.000010 0.000010 0.000010
11 11 (0) 1 : 0.000010 0.000010 0.000010 0.999940 0.000010 0.000010 0.000010
12 12 (0) 1 : 0.000010 0.000010 0.000010 0.999940 0.000010 0.000010 0.000010
13 13 (0) 1 : 0.000018 0.000014 0.000010 0.999928 0.000010 0.000010 0.000010
14 14 (0) 1 : 0.000010 0.000010 0.000010 0.999934 0.000010 0.000016 0.000010
15 15 (0) 1 : 0.000010 0.000010 0.000010 0.999937 0.000010 0.000013 0.000010
16 16 (0) 1 : 0.000010 0.000014 0.000010 0.999936 0.000010 0.000010 0.000010
17 17 (0) 1 : 0.000018 0.000014 0.000010 0.999927 0.000012 0.000010 0.000010
18 18 (0) 1 : 0.000010 0.000010 0.000010 0.999940 0.000010 0.000010 0.000010
19 19 (0) 1 : 0.000016 0.000010 0.000010 0.999934 0.000010 0.000010 0.000010
20 20 (0) 1 : 0.000012 0.000010 0.000010 0.999938 0.000010 0.000010 0.000010
21 21 (0) 1 : 0.000011 0.000011 0.000010 0.999939 0.000010 0.000010 0.000010
22 22 (0) 1 : 0.000011 0.000010 0.000010 0.999937 0.000012 0.000010 0.000010
23 23 (0) 1 : 0.000010 0.000012 0.000010 0.999938 0.000010 0.000010 0.000010
24 24 (0) 1 : 0.000015 0.000010 0.000010 0.999935 0.000010 0.000010 0.000010
25 25 (0) 1 : 0.000017 0.000011 0.000011 0.999931 0.000010 0.000010 0.000010
26 26 (0) 1 : 0.000010 0.000014 0.000011 0.999935 0.000010 0.000010 0.000010
27 27 (0) 1 : 0.000010 0.000010 0.000010 0.999933 0.000010 0.000017 0.000010
28 28 (0) 1 : 0.000010 0.000011 0.000010 0.999939 0.000010 0.000010 0.000010
29 29 (0) 1 : 0.000011 0.000013 0.000010 0.999935 0.000010 0.000010 0.000010
30 30 (0) 1 : 0.000010 0.000010 0.000010 0.999940 0.000010 0.000010 0.000010
31 31 (0) 1 : 0.000010 0.000010 0.000010 0.999934 0.000010 0.000016 0.000010
32 32 (0) 1 : 0.000010 0.000010 0.000010 0.999940 0.000010 0.000010 0.000010
33 33 (0) 1 : 0.000010 0.000010 0.000010 0.999940 0.000010 0.000010 0.000010
34 34 (0) 1 : 0.000017 0.000010 0.000010 0.999930 0.000010 0.000013 0.000010
35 35 (0) 1 : 0.000015 0.000010 0.000010 0.999935 0.000011 0.000010 0.000010
36 36 (0) 1 : 0.000010 0.000010 0.344117 0.000010 0.593649 0.000010 0.062194
37 37 (0) 1 : 0.000010 0.000010 0.000010 0.000010 0.999940 0.000010 0.000010
38 38 (0) 1 : 0.000010 0.000010 0.000010 0.000010 0.744478 0.000010 0.255472
39 39 (0) 1 : 0.000010 0.000010 0.922436 0.000010 0.077514 0.000010 0.000010
40 40 (0) 1 : 0.000010 0.000010 0.586326 0.000010 0.254564 0.000010 0.159070
41 41 (0) 1 : 0.000010 0.000010 0.000010 0.000010 0.573490 0.000010 0.426460
42 42 (0) 1 : 0.000010 0.000010 0.632687 0.000010 0.347915 0.000010 0.019358
43 43 (0) 1 : 0.000010 0.000010 0.521102 0.000010 0.478848 0.000010 0.000010
44 44 (0) 1 : 0.000010 0.000010 0.364988 0.000010 0.000010 0.000010 0.634962
45 45 (0) 1 : 0.000010 0.000010 0.732460 0.000010 0.194439 0.000010 0.073061
46 46 (0) 1 : 0.000010 0.000010 0.000010 0.000010 0.000010 0.000010 0.999940
47 47 (0) 1 : 0.000010 0.000010 0.000010 0.000010 0.999940 0.000010 0.000010
48 48 (0) 1 : 0.000010 0.000010 0.000010 0.000010 0.000010 0.000010 0.999940
49 49 (0) 1 : 0.000010 0.000010 0.429586 0.000010 0.000010 0.000010 0.570364
50 50 (0) 1 : 0.000010 0.000010 0.000010 0.000010 0.296121 0.000010 0.703829
51 51 (0) 1 : 0.000010 0.000010 0.321530 0.000010 0.185291 0.000010 0.493139
52 52 (0) 1 : 0.000010 0.000010 0.000010 0.000010 0.000010 0.000010 0.999940
53 53 (0) 1 : 0.000010 0.000010 0.999940 0.000010 0.000010 0.000010 0.000010
54 54 (0) 1 : 0.000010 0.000010 0.692706 0.000010 0.307244 0.000010 0.000010
55 55 (0) 1 : 0.000010 0.000010 0.480545 0.000010 0.000010 0.000010 0.519405
56 56 (0) 1 : 0.000010 0.000010 0.000010 0.000010 0.999940 0.000010 0.000010
57 57 (0) 1 : 0.000010 0.000010 0.999940 0.000010 0.000010 0.000010 0.000010
58 58 (0) 1 : 0.000010 0.000010 0.651997 0.000010 0.000010 0.000010 0.347953
59 59 (0) 1 : 0.000010 0.000010 0.645736 0.000010 0.000010 0.000010 0.354214
60 60 (0) 1 : 0.000010 0.000010 0.866389 0.000010 0.133561 0.000010 0.000010
61 61 (0) 1 : 0.000010 0.000010 0.968940 0.000010 0.000010 0.000010 0.031010
62 62 (0) 1 : 0.000010 0.000010 0.000010 0.000010 0.999940 0.000010 0.000010
63 63 (0) 1 : 0.000010 0.000010 0.260383 0.000010 0.000010 0.000010 0.739567
64 64 (0) 1 : 0.000010 0.000010 0.999936 0.000010 0.000014 0.000010 0.000010
65 65 (0) 1 : 0.000010 0.000010 0.480145 0.000010 0.519805 0.000010 0.000010
66 66 (0) 1 : 0.000010 0.000010 0.999940 0.000010 0.000010 0.000010 0.000010
67 67 (0) 1 : 0.000010 0.000010 0.817918 0.000010 0.182032 0.000010 0.000010
68 68 (0) 1 : 0.000010 0.000010 0.000010 0.000010 0.000010 0.000010 0.999940
69 69 (0) 1 : 0.000010 0.000010 0.000010 0.000010 0.999940 0.000010 0.000010
70 70 (0) 1 : 0.000010 0.000010 0.120339 0.000010 0.000010 0.000010 0.879611
71 71 (0) 1 : 0.000010 0.000010 0.288823 0.000010 0.000010 0.000010 0.711127
72 72 (0) 1 : 0.000010 0.000010 0.999940 0.000010 0.000010 0.000010 0.000010
73 73 (0) 1 : 0.000010 0.000010 0.999940 0.000010 0.000010 0.000010 0.000010
74 74 (0) 1 : 0.000010 0.000010 0.398674 0.000010 0.510779 0.000010 0.090507
75 75 (0) 1 : 0.000010 0.000010 0.000010 0.000010 0.999940 0.000010 0.000010
76 76 (0) 1 : 0.000010 0.000010 0.000010 0.000010 0.000010 0.000010 0.999940
77 77 (0) 1 : 0.000010 0.000010 0.000010 0.000010 0.477932 0.000010 0.522018
78 78 (0) 1 : 0.000010 0.999940 0.000010 0.000010 0.000010 0.000010 0.000010
79 79 (0) 1 : 0.000010 0.999940 0.000010 0.000010 0.000010 0.000010 0.000010
80 80 (0) 1 : 0.000010 0.999940 0.000010 0.000010 0.000010 0.000010 0.000010
81 81 (0) 1 : 0.000010 0.999940 0.000010 0.000010 0.000010 0.000010 0.000010
82 82 (0) 1 : 0.000016 0.999934 0.000010 0.000011 0.000010 0.000010 0.000010
83 83 (0) 1 : 0.000011 0.999939 0.000010 0.000010 0.000010 0.000010 0.000010
84 84 (0) 1 : 0.000010 0.999940 0.000010 0.000010 0.000010 0.000010 0.000010
85 85 (0) 1 : 0.000010 0.999940 0.000010 0.000010 0.000010 0.000010 0.000010
86 86 (0) 1 : 0.000010 0.999940 0.000010 0.000010 0.000010 0.000010 0.000010
87 87 (0) 1 : 0.000011 0.999933 0.000010 0.000010 0.000010 0.000015 0.000010
88 88 (0) 1 : 0.000010 0.999940 0.000010 0.000010 0.000010 0.000010 0.000010
89 89 (0) 1 : 0.000010 0.999940 0.000010 0.000010 0.000010 0.000010 0.000010
90 90 (0) 1 : 0.000017 0.999933 0.000010 0.000010 0.000010 0.000010 0.000010
91 91 (0) 1 : 0.000010 0.999940 0.000010 0.000010 0.000010 0.000010 0.000010
92 92 (0) 1 : 0.000010 0.999934 0.000010 0.000014 0.000012 0.000010 0.000010
93 93 (0) 1 : 0.000010 0.999940 0.000010 0.000010 0.000010 0.000010 0.000010
94 94 (0) 1 : 0.000010 0.999935 0.000010 0.000015 0.000010 0.000010 0.000010
95 95 (0) 1 : 0.000010 0.999940 0.000010 0.000010 0.000010 0.000010 0.000010
96 96 (0) 1 : 0.000012 0.000011 0.000010 0.000010 0.000010 0.999937 0.000010
97 97 (0) 1 : 0.000012 0.000011 0.000010 0.000010 0.000010 0.999936 0.000010
98 98 (0) 1 : 0.000014 0.000010 0.000010 0.000010 0.000010 0.999936 0.000010
99 99 (0) 1 : 0.000011 0.000012 0.000010 0.000010 0.000010 0.999936 0.000010
100 100 (0) 1 : 0.000010 0.000010 0.000010 0.000011 0.000010 0.999939 0.000010
101 101 (0) 1 : 0.000010 0.000010 0.000010 0.000010 0.000010 0.999940 0.000010
102 102 (0) 1 : 0.000011 0.000011 0.000010 0.000010 0.000010 0.999937 0.000010
103 103 (0) 1 : 0.000015 0.000010 0.000010 0.000010 0.000010 0.999935 0.000010
104 104 (0) 1 : 0.000010 0.000010 0.000010 0.000011 0.000010 0.999939 0.000010
105 105 (0) 1 : 0.000010 0.000010 0.000010 0.000010 0.000010 0.999940 0.000010
106 106 (0) 1 : 0.000010 0.000012 0.000010 0.000010 0.000010 0.999938 0.000010
107 107 (0) 1 : 0.000010 0.000010 0.000010 0.000010 0.000010 0.999940 0.000010
108 108 (0) 1 : 0.000011 0.000013 0.000010 0.000011 0.000010 0.999935 0.000010
109 109 (0) 1 : 0.000010 0.000014 0.000010 0.000010 0.000010 0.999936 0.000010
110 110 (0) 1 : 0.000011 0.000010 0.000010 0.000012 0.000010 0.999937 0.000010
111 111 (0) 1 : 0.000010 0.000011 0.000010 0.000010 0.000010 0.999939 0.000010
112 112 (0) 1 : 0.000011 0.000013 0.000010 0.000010 0.000010 0.999936 0.000010
113 113 (0) 1 : 0.000016 0.000010 0.000010 0.000010 0.000010 0.999934 0.000010
114 114 (0) 1 : 0.999940 0.000010 0.000010 0.000010 0.000010 0.000010 0.000010
115 115 (0) 1 : 0.999934 0.000010 0.000016 0.000010 0.000010 0.000010 0.000010
116 116 (0) 1 : 0.999934 0.000010 0.000015 0.000012 0.000010 0.000010 0.000010
117 117 (0) 1 : 0.999938 0.000012 0.000010 0.000010 0.000010 0.000010 0.000010
118 118 (0) 1 : 0.999940 0.000010 0.000010 0.000010 0.000010 0.000010 0.000010
119 119 (0) 1 : 0.999940 0.000010 0.000010 0.000010 0.000010 0.000010 0.000010
120 120 (0) 1 : 0.999940 0.000010 0.000010 0.000010 0.000010 0.000010 0.000010
121 121 (0) 1 : 0.999940 0.000010 0.000010 0.000010 0.000010 0.000010 0.000010
