-------------------------------------------------------------------------------
 L       Percentage of nodes in the largest component
 D       Percentage of nodes in components of size at most 3 [-div option]
 R       Percentage of nodes not in L or D: 100 - L -D
 S       Percentage of nodes that are singletons
 E       Fraction of edges retained (input graph has 870)
 cce     Expected size of component, nodewise [ sum(sz^2) / sum^2(sz) ]
 EW      Edge weight traits (mean, median and IQR)
 ND      Node degree traits [mean, median and IQR]
 CCF     Clustering coefficient (scale 1-100)
 eff     Induced component efficiency relative to start graph (scale 1-1000)
Total number of nodes: 30
----------------------------------------------------------------------------------------------
  L   D   R   S     E     cce  EWmean   EWmed   EWiqr  NDmean   NDmed  NDiqr CCF  eff  Cutoff 
----------------------------------------------------------------------------------------------
100   0   0   0 0.522      30    0.55    0.54    0.05    15.1    16.5    8.5   -    -     0.50
100   0   0   0 0.483      30    0.56    0.55    0.05    14.0    15.5    7.5   -    -     0.51
100   0   0   0 0.402      30    0.57    0.55    0.04    11.7    13.5    7.5   -    -     0.52
100   0   0   0 0.345      30    0.57    0.56    0.04    10.0    10.5    8.0   -    -     0.53
100   0   0   0 0.292      30    0.58    0.57    0.05     8.5     8.5    6.5   -    -     0.54
100   0   0   0 0.218      30    0.59    0.58    0.04     6.3     5.5    6.0   -    -     0.55
100   0   0   0 0.182      30    0.60    0.59    0.05     5.3     4.5    6.0   -    -     0.56
 97   3   0   3 0.133      28    0.62    0.60    0.06     3.9     3.5    3.5   -    -     0.57
 90  10   0  10 0.106      24    0.63    0.61    0.04     3.1     3.5    3.5   -    -     0.58
 73  27   0  20 0.083      16    0.64    0.62    0.04     2.4     2.5    3.5   -    -     0.59
 60  40   0  33 0.067      11    0.65    0.64    0.05     1.9     1.5    3.5   -    -     0.60
 30  50  20  40 0.053       5    0.66    0.64    0.05     1.5     1.5    2.5   -    -     0.61
 30  50  20  43 0.046       4    0.66    0.65    0.04     1.3     1.5    2.5   -    -     0.62
 27  60  13  53 0.037       3    0.67    0.66    0.04     1.1     0.5    2.0   -    -     0.63
 20  80   0  67 0.025       2    0.69    0.68    0.03     0.7     0.5    1.5   -    -     0.64
 20  80   0  67 0.023       2    0.70    0.68    0.03     0.7     0.5    1.5   -    -     0.65
 20  80   0  73 0.018       2    0.71    0.69    0.02     0.5     0.5    1.0   -    -     0.66
 20  80   0  73 0.018       2    0.71    0.69    0.02     0.5     0.5    1.0   -    -     0.67
 13  87   0  80 0.014       1    0.72    0.69    0.04     0.4     0.5    0.5   -    -     0.68
  0 100   0  90 0.007       1    0.75    0.72    0.07     0.2     0.5    0.5   -    -     0.69
  0 100   0  90 0.005       1    0.78    0.78    0.12     0.1     0.5    0.5   -    -     0.70
  0 100   0  90 0.005       1    0.78    0.78    0.12     0.1     0.5    0.5   -    -     0.71
  0 100   0  93 0.002       1    0.84    0.84    0.00     0.1     0.5    0.5   -    -     0.72
  0 100   0  93 0.002       1    0.84    0.84    0.00     0.1     0.5    0.5   -    -     0.73
  0 100   0  93 0.002       1    0.84    0.84    0.00     0.1     0.5    0.5   -    -     0.74
  0 100   0  93 0.002       1    0.84    0.84    0.00     0.1     0.5    0.5   -    -     0.75
  0 100   0  93 0.002       1    0.84    0.84    0.00     0.1     0.5    0.5   -    -     0.76
  0 100   0  93 0.002       1    0.84    0.84    0.00     0.1     0.5    0.5   -    -     0.77
  0 100   0  93 0.002       1    0.84    0.84    0.00     0.1     0.5    0.5   -    -     0.78
  0 100   0  93 0.002       1    0.84    0.84    0.00     0.1     0.5    0.5   -    -     0.79
  0 100   0  93 0.002       1    0.84    0.84    0.00     0.1     0.5    0.5   -    -     0.80
  0 100   0  93 0.002       1    0.84    0.84    0.00     0.1     0.5    0.5   -    -     0.81
  0 100   0  93 0.002       1    0.84    0.84    0.00     0.1     0.5    0.5   -    -     0.82
  0 100   0  93 0.002       1    0.84    0.84    0.00     0.1     0.5    0.5   -    -     0.83
  0 100   0  93 0.002       1    0.84    0.84    0.00     0.1     0.5    0.5   -    -     0.84
  0 100   0 100 0.000       1    0.00    0.00    0.00     0.0     0.5    0.5   -    -     0.85
  0 100   0 100 0.000       1    0.00    0.00    0.00     0.0     0.5    0.5   -    -     0.86
  0 100   0 100 0.000       1    0.00    0.00    0.00     0.0     0.5    0.5   -    -     0.87
  0 100   0 100 0.000       1    0.00    0.00    0.00     0.0     0.5    0.5   -    -     0.88
  0 100   0 100 0.000       1    0.00    0.00    0.00     0.0     0.5    0.5   -    -     0.89
  0 100   0 100 0.000       1    0.00    0.00    0.00     0.0     0.5    0.5   -    -     0.90
  0 100   0 100 0.000       1    0.00    0.00    0.00     0.0     0.5    0.5   -    -     0.91
  0 100   0 100 0.000       1    0.00    0.00    0.00     0.0     0.5    0.5   -    -     0.92
  0 100   0 100 0.000       1    0.00    0.00    0.00     0.0     0.5    0.5   -    -     0.93
  0 100   0 100 0.000       1    0.00    0.00    0.00     0.0     0.5    0.5   -    -     0.94
  0 100   0 100 0.000       1    0.00    0.00    0.00     0.0     0.5    0.5   -    -     0.95
  0 100   0 100 0.000       1    0.00    0.00    0.00     0.0     0.5    0.5   -    -     0.96
  0 100   0 100 0.000       1    0.00    0.00    0.00     0.0     0.5    0.5   -    -     0.97
  0 100   0 100 0.000       1    0.00    0.00    0.00     0.0     0.5    0.5   -    -     0.98
  0 100   0 100 0.000       1    0.00    0.00    0.00     0.0     0.5    0.5   -    -     0.99
---------------------------------------------------------------------------------------------
