1.0000 0.5065 0.4140 0.4814 0.4278 0.4737 0.4293 0.3773 0.4718 0.5443 0.5160 0.5188 0.4421 0.4410 0.4232 0.5811 0.5369 0.4264 0.4492 0.5194 0.4549 0.4130 0.4125 0.4186 0.4209 0.4104 0.4746 0.5594 0.3965 0.5878
0.5065 1.0000 0.5511 0.5675 0.4686 0.6004 0.5531 0.4899 0.5359 0.5948 0.4573 0.6153 0.4836 0.5151 0.5459 0.5279 0.4472 0.5403 0.5209 0.5073 0.6269 0.5272 0.5118 0.5306 0.4793 0.5062 0.5098 0.4637 0.5108 0.4712
0.4140 0.5511 1.0000 0.5658 0.4808 0.4885 0.5375 0.5214 0.5157 0.4787 0.4837 0.5380 0.5445 0.5695 0.5663 0.4441 0.4555 0.5663 0.5386 0.4663 0.5897 0.5450 0.5405 0.6779 0.4908 0.5114 0.4677 0.4732 0.5698 0.4948
0.4814 0.5675 0.5658 1.0000 0.4963 0.4912 0.5172 0.4984 0.5273 0.5381 0.5035 0.6382 0.5134 0.6374 0.5604 0.4485 0.4423 0.5472 0.5973 0.4885 0.6064 0.5429 0.5664 0.5604 0.5450 0.5440 0.4762 0.4964 0.5510 0.5188
0.4278 0.4686 0.4808 0.4963 1.0000 0.5641 0.4278 0.5288 0.4819 0.4974 0.4756 0.4967 0.5191 0.4791 0.5616 0.4241 0.4025 0.4445 0.4315 0.5867 0.4761 0.6393 0.5357 0.5377 0.5457 0.5400 0.4480 0.4694 0.6383 0.3924
0.4737 0.6004 0.4885 0.4912 0.5641 1.0000 0.4596 0.5575 0.5373 0.5874 0.4759 0.5246 0.5338 0.5131 0.6713 0.5330 0.4453 0.5061 0.4796 0.5606 0.4933 0.6403 0.5292 0.5746 0.4998 0.5445 0.4872 0.4982 0.6213 0.4497
0.4293 0.5531 0.5375 0.5172 0.4278 0.4596 1.0000 0.4354 0.5936 0.4421 0.4418 0.5100 0.5170 0.5077 0.5315 0.4053 0.5056 0.5168 0.5152 0.4392 0.5980 0.4653 0.4359 0.4999 0.4329 0.4779 0.4026 0.4537 0.4778 0.4477
0.3773 0.4899 0.5214 0.4984 0.5288 0.5575 0.4354 1.0000 0.4316 0.4371 0.5007 0.5395 0.5493 0.5156 0.6193 0.3938 0.4026 0.4721 0.5228 0.4610 0.5141 0.6242 0.5475 0.5631 0.5307 0.5380 0.4428 0.4616 0.6093 0.4579
0.4718 0.5359 0.5157 0.5273 0.4819 0.5373 0.5936 0.4316 1.0000 0.4991 0.4218 0.4731 0.5417 0.4925 0.5416 0.4329 0.4454 0.5521 0.4930 0.5114 0.5702 0.4690 0.4357 0.4708 0.4511 0.4886 0.4503 0.4586 0.4738 0.4361
0.5443 0.5948 0.4787 0.5381 0.4974 0.5874 0.4421 0.4371 0.4991 1.0000 0.4222 0.5865 0.4676 0.4929 0.4818 0.4986 0.3963 0.4979 0.5222 0.6097 0.4984 0.4714 0.4881 0.4796 0.4987 0.4895 0.5192 0.4559 0.4554 0.4958
0.5160 0.4573 0.4837 0.5035 0.4756 0.4759 0.4418 0.5007 0.4218 0.4222 1.0000 0.4873 0.4634 0.4989 0.5578 0.5370 0.5426 0.4220 0.4531 0.4161 0.4691 0.5358 0.4970 0.5429 0.5249 0.5188 0.4350 0.6822 0.5470 0.5968
0.5188 0.6153 0.5380 0.6382 0.4967 0.5246 0.5100 0.5395 0.4731 0.5865 0.4873 1.0000 0.5112 0.5726 0.5701 0.4339 0.4408 0.5405 0.6094 0.5408 0.6512 0.5757 0.5486 0.5682 0.5303 0.5169 0.5256 0.4791 0.5544 0.5877
0.4421 0.4836 0.5445 0.5134 0.5191 0.5338 0.5170 0.5493 0.5417 0.4676 0.4634 0.5112 1.0000 0.5543 0.5680 0.4188 0.4818 0.5241 0.5430 0.4686 0.5147 0.5110 0.5553 0.5669 0.5108 0.5256 0.3886 0.5175 0.5253 0.5052
0.4410 0.5151 0.5695 0.6374 0.4791 0.5131 0.5077 0.5156 0.4925 0.4929 0.4989 0.5726 0.5543 1.0000 0.5963 0.5114 0.4352 0.5070 0.6251 0.4694 0.5538 0.5350 0.5426 0.5877 0.5216 0.5647 0.4501 0.5101 0.5489 0.5288
0.4232 0.5459 0.5663 0.5604 0.5616 0.6713 0.5315 0.6193 0.5416 0.4818 0.5578 0.5701 0.5680 0.5963 1.0000 0.4374 0.5027 0.5209 0.5610 0.4979 0.5484 0.6978 0.5654 0.6805 0.5547 0.6388 0.4895 0.5432 0.7193 0.5236
0.5811 0.5279 0.4441 0.4485 0.4241 0.5330 0.4053 0.3938 0.4329 0.4986 0.5370 0.4339 0.4188 0.5114 0.4374 1.0000 0.4893 0.4052 0.4217 0.4364 0.4561 0.4276 0.4213 0.4325 0.4224 0.4226 0.4256 0.5750 0.4113 0.5109
0.5369 0.4472 0.4555 0.4423 0.4025 0.4453 0.5056 0.4026 0.4454 0.3963 0.5426 0.4408 0.4818 0.4352 0.5027 0.4893 1.0000 0.4269 0.4218 0.3743 0.4553 0.4507 0.4133 0.4811 0.4209 0.4331 0.3586 0.5819 0.4561 0.5463
0.4264 0.5403 0.5663 0.5472 0.4445 0.5061 0.5168 0.4721 0.5521 0.4979 0.4220 0.5405 0.5241 0.5070 0.5209 0.4052 0.4269 1.0000 0.5331 0.4437 0.5765 0.4719 0.4842 0.5163 0.4317 0.4741 0.4232 0.4523 0.4884 0.4765
0.4492 0.5209 0.5386 0.5973 0.4315 0.4796 0.5152 0.5228 0.4930 0.5222 0.4531 0.6094 0.5430 0.6251 0.5610 0.4217 0.4218 0.5331 1.0000 0.4938 0.5797 0.4894 0.5327 0.5553 0.5062 0.5279 0.4647 0.4690 0.5026 0.6085
0.5194 0.5073 0.4663 0.4885 0.5867 0.5606 0.4392 0.4610 0.5114 0.6097 0.4161 0.5408 0.4686 0.4694 0.4979 0.4364 0.3743 0.4437 0.4938 1.0000 0.4329 0.5149 0.4489 0.5028 0.4627 0.4864 0.5758 0.4278 0.5115 0.4573
0.4549 0.6269 0.5897 0.6064 0.4761 0.4933 0.5980 0.5141 0.5702 0.4984 0.4691 0.6512 0.5147 0.5538 0.5484 0.4561 0.4553 0.5765 0.5797 0.4329 1.0000 0.5473 0.5357 0.5495 0.4995 0.4961 0.4387 0.4641 0.5271 0.5016
0.4130 0.5272 0.5450 0.5429 0.6393 0.6403 0.4653 0.6242 0.4690 0.4714 0.5358 0.5757 0.5110 0.5350 0.6978 0.4276 0.4507 0.4719 0.4894 0.5149 0.5473 1.0000 0.5816 0.6534 0.5689 0.5276 0.5105 0.4758 0.8441 0.4544
0.4125 0.5118 0.5405 0.5664 0.5357 0.5292 0.4359 0.5475 0.4357 0.4881 0.4970 0.5486 0.5553 0.5426 0.5654 0.4213 0.4133 0.4842 0.5327 0.4489 0.5357 0.5816 1.0000 0.5671 0.5955 0.5783 0.4199 0.4809 0.5739 0.4967
0.4186 0.5306 0.6779 0.5604 0.5377 0.5746 0.4999 0.5631 0.4708 0.4796 0.5429 0.5682 0.5669 0.5877 0.6805 0.4325 0.4811 0.5163 0.5553 0.5028 0.5495 0.6534 0.5671 1.0000 0.5402 0.5737 0.4783 0.5265 0.6884 0.5174
0.4209 0.4793 0.4908 0.5450 0.5457 0.4998 0.4329 0.5307 0.4511 0.4987 0.5249 0.5303 0.5108 0.5216 0.5547 0.4224 0.4209 0.4317 0.5062 0.4627 0.4995 0.5689 0.5955 0.5402 1.0000 0.5587 0.4369 0.5220 0.5543 0.4496
0.4104 0.5062 0.5114 0.5440 0.5400 0.5445 0.4779 0.5380 0.4886 0.4895 0.5188 0.5169 0.5256 0.5647 0.6388 0.4226 0.4331 0.4741 0.5279 0.4864 0.4961 0.5276 0.5783 0.5737 0.5587 1.0000 0.4254 0.5205 0.5528 0.4812
0.4746 0.5098 0.4677 0.4762 0.4480 0.4872 0.4026 0.4428 0.4503 0.5192 0.4350 0.5256 0.3886 0.4501 0.4895 0.4256 0.3586 0.4232 0.4647 0.5758 0.4387 0.5105 0.4199 0.4783 0.4369 0.4254 1.0000 0.4081 0.4906 0.4682
0.5594 0.4637 0.4732 0.4964 0.4694 0.4982 0.4537 0.4616 0.4586 0.4559 0.6822 0.4791 0.5175 0.5101 0.5432 0.5750 0.5819 0.4523 0.4690 0.4278 0.4641 0.4758 0.4809 0.5265 0.5220 0.5205 0.4081 1.0000 0.4876 0.6178
0.3965 0.5108 0.5698 0.5510 0.6383 0.6213 0.4778 0.6093 0.4738 0.4554 0.5470 0.5544 0.5253 0.5489 0.7193 0.4113 0.4561 0.4884 0.5026 0.5115 0.5271 0.8441 0.5739 0.6884 0.5543 0.5528 0.4906 0.4876 1.0000 0.4653
0.5878 0.4712 0.4948 0.5188 0.3924 0.4497 0.4477 0.4579 0.4361 0.4958 0.5968 0.5877 0.5052 0.5288 0.5236 0.5109 0.5463 0.4765 0.6085 0.4573 0.5016 0.4544 0.4967 0.5174 0.4496 0.4812 0.4682 0.6178 0.4653 1.0000
