1 1 (0) 1 : 0.000010 0.181427 0.000012 0.000010 0.000010 0.000010 0.000010 0.818512
2 2 (0) 1 : 0.000010 0.245881 0.000010 0.000010 0.000010 0.000010 0.000010 0.754059
3 3 (0) 1 : 0.000010 0.230311 0.000010 0.000014 0.000010 0.000010 0.000010 0.769625
4 4 (0) 1 : 0.000010 0.397773 0.000010 0.000018 0.000010 0.000010 0.000010 0.602159
5 5 (0) 1 : 0.000010 0.391283 0.000011 0.000010 0.000010 0.000010 0.000010 0.608656
6 6 (0) 1 : 0.000010 0.517159 0.000019 0.000015 0.000010 0.000010 0.000010 0.482767
7 7 (0) 1 : 0.000010 0.000010 0.000010 0.000010 0.000010 0.000010 0.000010 0.999930
8 8 (0) 1 : 0.000010 0.338170 0.000010 0.000010 0.000010 0.000010 0.000010 0.661770
9 9 (0) 1 : 0.000010 0.999930 0.000010 0.000010 0.000010 0.000010 0.000010 0.000010
10 10 (0) 1 : 0.000010 0.000010 0.000011 0.000010 0.000010 0.000010 0.000010 0.999929
11 11 (0) 1 : 0.000010 0.361963 0.000010 0.000010 0.000010 0.000010 0.000010 0.637977
12 12 (0) 1 : 0.000010 0.000010 0.000010 0.000010 0.000010 0.000010 0.000010 0.999930
13 13 (0) 1 : 0.000010 0.999930 0.000010 0.000010 0.000010 0.000010 0.000010 0.000010
14 14 (0) 1 : 0.000015 0.000010 0.000010 0.000010 0.000010 0.000010 0.000010 0.999925
15 15 (0) 1 : 0.000010 0.521068 0.000010 0.000010 0.000010 0.000010 0.000010 0.478872
16 16 (0) 1 : 0.000010 0.000010 0.000010 0.000011 0.000010 0.000010 0.000010 0.999929
17 17 (0) 1 : 0.000010 0.221886 0.000010 0.000010 0.000010 0.000010 0.000010 0.778054
18 18 (0) 1 : 0.000010 0.999929 0.000011 0.000010 0.000010 0.000010 0.000010 0.000010
19 19 (0) 1 : 0.000010 0.400863 0.000010 0.000010 0.000010 0.000010 0.000010 0.599077
20 20 (0) 1 : 0.000010 0.163318 0.000010 0.000010 0.000010 0.000010 0.000010 0.836622
21 21 (0) 1 : 0.000010 0.162697 0.000010 0.000010 0.000010 0.000010 0.000010 0.837243
22 22 (0) 1 : 0.000010 0.000010 0.000010 0.000010 0.000010 0.000010 0.000010 0.999930
23 23 (0) 1 : 0.000010 0.000010 0.000010 0.000010 0.000010 0.000010 0.000010 0.999930
24 24 (0) 1 : 0.000010 0.999930 0.000010 0.000010 0.000010 0.000010 0.000010 0.000010
25 25 (0) 1 : 0.000010 0.186097 0.000010 0.000010 0.000010 0.000010 0.000010 0.813843
26 26 (0) 1 : 0.000010 0.157636 0.000010 0.000010 0.000010 0.000010 0.000010 0.842304
27 27 (0) 1 : 0.000010 0.506271 0.000010 0.000010 0.000010 0.000010 0.000010 0.493669
28 28 (0) 1 : 0.000010 0.112256 0.000010 0.000010 0.000010 0.000010 0.000010 0.887683
29 29 (0) 1 : 0.000010 0.400424 0.000010 0.000010 0.000010 0.000010 0.000010 0.599516
30 30 (0) 1 : 0.000010 0.000010 0.000010 0.000010 0.000010 0.000010 0.000010 0.999930
31 31 (0) 1 : 0.000010 0.424681 0.000010 0.000010 0.000017 0.000010 0.000010 0.575253
32 32 (0) 1 : 0.000010 0.000010 0.000010 0.000010 0.000010 0.000010 0.000010 0.999930
33 33 (0) 1 : 0.000010 0.000010 0.000010 0.000010 0.000010 0.000010 0.000010 0.999930
34 34 (0) 1 : 0.000010 0.283844 0.000010 0.000010 0.000010 0.000010 0.000010 0.716096
35 35 (0) 1 : 0.000010 0.999930 0.000010 0.000010 0.000010 0.000010 0.000010 0.000010
36 36 (0) 1 : 0.607012 0.000010 0.000010 0.000010 0.000010 0.392928 0.000010 0.000010
37 37 (0) 1 : 0.999930 0.000010 0.000010 0.000010 0.000010 0.000010 0.000010 0.000010
38 38 (0) 1 : 0.999930 0.000010 0.000010 0.000010 0.000010 0.000010 0.000010 0.000010
39 39 (0) 1 : 0.000010 0.000010 0.000010 0.000010 0.000010 0.999930 0.000010 0.000010
40 40 (0) 1 : 0.384151 0.000010 0.000010 0.000010 0.000010 0.615789 0.000010 0.000010
41 41 (0) 1 : 0.838669 0.000010 0.000010 0.000010 0.000010 0.161270 0.000010 0.000010
42 42 (0) 1 : 0.272336 0.000010 0.000010 0.000010 0.000010 0.727604 0.000010 0.000010
43 43 (0) 1 : 0.051424 0.000010 0.000010 0.000010 0.000010 0.948516 0.000010 0.000010
44 44 (0) 1 : 0.389238 0.000010 0.000010 0.000010 0.000010 0.610702 0.000010 0.000010
45 45 (0) 1 : 0.195085 0.000010 0.000010 0.000014 0.000010 0.804852 0.000010 0.000010
46 46 (0) 1 : 0.999930 0.000010 0.000010 0.000010 0.000010 0.000010 0.000010 0.000010
47 47 (0) 1 : 0.999930 0.000010 0.000010 0.000010 0.000010 0.000010 0.000010 0.000010
48 48 (0) 1 : 0.999930 0.000010 0.000010 0.000010 0.000010 0.000010 0.000010 0.000010
49 49 (0) 1 : 0.319703 0.000010 0.000010 0.000010 0.000010 0.680237 0.000010 0.000010
50 50 (0) 1 : 0.999930 0.000010 0.000010 0.000010 0.000010 0.000010 0.000010 0.000010
51 51 (0) 1 : 0.632140 0.000010 0.000010 0.000010 0.000010 0.367800 0.000010 0.000010
52 52 (0) 1 : 0.999930 0.000010 0.000010 0.000010 0.000010 0.000010 0.000010 0.000010
53 53 (0) 1 : 0.000010 0.000010 0.000010 0.000010 0.000010 0.999930 0.000010 0.000010
54 54 (0) 1 : 0.000010 0.000010 0.000010 0.000010 0.000010 0.999930 0.000010 0.000010
55 55 (0) 1 : 0.447760 0.000010 0.000010 0.000010 0.000010 0.552180 0.000010 0.000010
56 56 (0) 1 : 0.999930 0.000010 0.000010 0.000010 0.000010 0.000010 0.000010 0.000010
57 57 (0) 1 : 0.000010 0.000010 0.000010 0.000010 0.000010 0.999930 0.000010 0.000010
58 58 (0) 1 : 0.303339 0.000010 0.000010 0.000010 0.000010 0.696601 0.000010 0.000010
59 59 (0) 1 : 0.308434 0.000010 0.000010 0.000010 0.000014 0.691502 0.000010 0.000010
60 60 (0) 1 : 0.000010 0.000010 0.000010 0.000010 0.000010 0.999930 0.000010 0.000010
61 61 (0) 1 : 0.000010 0.000010 0.000010 0.000010 0.000012 0.999928 0.000010 0.000010
62 62 (0) 1 : 0.999918 0.000019 0.000010 0.000013 0.000010 0.000010 0.000010 0.000010
63 63 (0) 1 : 0.640920 0.000010 0.000017 0.000010 0.000010 0.359014 0.000010 0.000010
64 64 (0) 1 : 0.000010 0.000011 0.000010 0.000010 0.000010 0.999928 0.000010 0.000010
65 65 (0) 1 : 0.275414 0.000010 0.000010 0.000010 0.000010 0.724525 0.000010 0.000010
66 66 (0) 1 : 0.000010 0.000010 0.000010 0.000010 0.000010 0.999930 0.000010 0.000010
67 67 (0) 1 : 0.108364 0.000010 0.000010 0.000010 0.000010 0.891576 0.000010 0.000010
68 68 (0) 1 : 0.999930 0.000010 0.000010 0.000010 0.000010 0.000010 0.000010 0.000010
69 69 (0) 1 : 0.528763 0.000010 0.000016 0.000010 0.000010 0.471171 0.000010 0.000010
70 70 (0) 1 : 0.857255 0.000010 0.000010 0.000010 0.000010 0.142685 0.000010 0.000010
71 71 (0) 1 : 0.684904 0.000010 0.000010 0.000010 0.000010 0.315036 0.000010 0.000010
72 72 (0) 1 : 0.000010 0.000010 0.000010 0.000010 0.000010 0.999930 0.000010 0.000010
73 73 (0) 1 : 0.000010 0.000010 0.000010 0.000010 0.000010 0.999930 0.000010 0.000010
74 74 (0) 1 : 0.287994 0.000010 0.000010 0.000010 0.000010 0.711946 0.000010 0.000010
75 75 (0) 1 : 0.401992 0.000010 0.000010 0.000010 0.000017 0.597941 0.000010 0.000010
76 76 (0) 1 : 0.999930 0.000010 0.000010 0.000010 0.000010 0.000010 0.000010 0.000010
77 77 (0) 1 : 0.999925 0.000010 0.000010 0.000015 0.000010 0.000010 0.000010 0.000010
78 78 (0) 1 : 0.000010 0.000010 0.000010 0.000013 0.999927 0.000010 0.000010 0.000010
79 79 (0) 1 : 0.000010 0.000010 0.000010 0.000010 0.999930 0.000010 0.000010 0.000010
80 80 (0) 1 : 0.000010 0.000010 0.000010 0.000010 0.000010 0.000010 0.999930 0.000010
81 81 (0) 1 : 0.000010 0.000010 0.000010 0.000010 0.000010 0.000010 0.999930 0.000010
82 82 (0) 1 : 0.000010 0.000010 0.000010 0.000010 0.999930 0.000010 0.000010 0.000010
83 83 (0) 1 : 0.000010 0.000010 0.000010 0.000010 0.999930 0.000010 0.000010 0.000010
84 84 (0) 1 : 0.000010 0.000010 0.000010 0.000010 0.000010 0.000010 0.999930 0.000010
85 85 (0) 1 : 0.000010 0.000010 0.000010 0.000011 0.999929 0.000010 0.000010 0.000010
86 86 (0) 1 : 0.000010 0.000010 0.000010 0.000010 0.000010 0.000010 0.999930 0.000010
87 87 (0) 1 : 0.000010 0.000010 0.000010 0.000010 0.000010 0.000010 0.999930 0.000010
88 88 (0) 1 : 0.000010 0.000010 0.000010 0.000010 0.000010 0.000010 0.999930 0.000010
89 89 (0) 1 : 0.000010 0.000010 0.000010 0.000010 0.999930 0.000010 0.000010 0.000010
90 90 (0) 1 : 0.000010 0.000010 0.000010 0.000010 0.999930 0.000010 0.000010 0.000010
91 91 (0) 1 : 0.000010 0.000010 0.000010 0.000011 0.000010 0.000010 0.999929 0.000010
92 92 (0) 1 : 0.000018 0.000010 0.000010 0.000020 0.000010 0.000010 0.999913 0.000010
93 93 (0) 1 : 0.000010 0.000010 0.000010 0.000010 0.000010 0.000010 0.999930 0.000010
94 94 (0) 1 : 0.000010 0.000010 0.000010 0.000010 0.999930 0.000010 0.000010 0.000010
95 95 (0) 1 : 0.000010 0.000010 0.000010 0.000010 0.000010 0.000010 0.999930 0.000010
96 96 (0) 1 : 0.000010 0.000010 0.999919 0.000016 0.000010 0.000015 0.000010 0.000010
97 97 (0) 1 : 0.000010 0.000017 0.999923 0.000010 0.000010 0.000010 0.000010 0.000010
98 98 (0) 1 : 0.000010 0.000010 0.999913 0.000019 0.000018 0.000010 0.000010 0.000010
99 99 (0) 1 : 0.000010 0.000010 0.999922 0.000018 0.000010 0.000010 0.000010 0.000010
100 100 (0) 1 : 0.000010 0.000016 0.999921 0.000010 0.000014 0.000010 0.000010 0.000010
101 101 (0) 1 : 0.000010 0.000010 0.999925 0.000010 0.000010 0.000015 0.000010 0.000010
102 102 (0) 1 : 0.000010 0.000016 0.999924 0.000010 0.000010 0.000010 0.000010 0.000010
103 103 (0) 1 : 0.000012 0.000019 0.999920 0.000010 0.000010 0.000010 0.000010 0.000010
104 104 (0) 1 : 0.000010 0.000010 0.999923 0.000017 0.000010 0.000010 0.000010 0.000010
105 105 (0) 1 : 0.000010 0.000010 0.999921 0.000010 0.000017 0.000010 0.000012 0.000010
106 106 (0) 1 : 0.000010 0.000016 0.999919 0.000010 0.000010 0.000015 0.000010 0.000010
107 107 (0) 1 : 0.000010 0.000010 0.999930 0.000010 0.000010 0.000010 0.000010 0.000010
108 108 (0) 1 : 0.000010 0.000010 0.999930 0.000010 0.000010 0.000010 0.000010 0.000010
109 109 (0) 1 : 0.000010 0.000010 0.999911 0.000018 0.000018 0.000013 0.000010 0.000010
110 110 (0) 1 : 0.000012 0.000016 0.999912 0.000010 0.000019 0.000010 0.000010 0.000010
111 111 (0) 1 : 0.000010 0.000010 0.999924 0.000015 0.000010 0.000011 0.000010 0.000010
112 112 (0) 1 : 0.000010 0.000020 0.999911 0.000010 0.000013 0.000016 0.000010 0.000010
113 113 (0) 1 : 0.000010 0.000010 0.999919 0.000010 0.000018 0.000010 0.000014 0.000010
114 114 (0) 1 : 0.000010 0.000010 0.000010 0.999930 0.000010 0.000010 0.000010 0.000010
115 115 (0) 1 : 0.000010 0.000010 0.000010 0.999930 0.000010 0.000010 0.000010 0.000010
116 116 (0) 1 : 0.000010 0.000018 0.000010 0.999922 0.000010 0.000010 0.000010 0.000010
117 117 (0) 1 : 0.000010 0.000010 0.000010 0.999930 0.000010 0.000010 0.000010 0.000010
118 118 (0) 1 : 0.000010 0.000010 0.000010 0.999923 0.000010 0.000017 0.000010 0.000010
119 119 (0) 1 : 0.000010 0.000010 0.000010 0.999930 0.000010 0.000010 0.000010 0.000010
120 120 (0) 1 : 0.000010 0.000010 0.000010 0.999923 0.000010 0.000017 0.000010 0.000010
121 121 (0) 1 : 0.000010 0.000010 0.000010 0.999930 0.000010 0.000010 0.000010 0.000010
1 1 (0) 1 : 0.000010 0.000010 0.000010 0.100446 0.000010 0.000010 0.899494 0.000010
2 2 (0) 1 : 0.000010 0.000010 0.000010 0.269344 0.000014 0.000010 0.730592 0.000010
3 3 (0) 1 : 0.000010 0.000010 0.000010 0.005423 0.000010 0.000010 0.994517 0.000010
4 4 (0) 1 : 0.000011 0.000010 0.000010 0.255848 0.000010 0.000012 0.744090 0.000010
5 5 (0) 1 : 0.000010 0.000010 0.000010 0.185588 0.000010 0.000020 0.814342 0.000010
6 6 (0) 1 : 0.000010 0.000010 0.000010 0.420272 0.000010 0.000011 0.579667 0.000010
7 7 (0) 1 : 0.000010 0.000016 0.000010 0.000010 0.000013 0.000010 0.999921 0.000010
8 8 (0) 1 : 0.000010 0.000010 0.000010 0.244510 0.000010 0.000018 0.755422 0.000010
9 9 (0) 1 : 0.000010 0.000010 0.000010 0.999930 0.000010 0.000010 0.000010 0.000010
10 10 (0) 1 : 0.000010 0.000011 0.000010 0.267486 0.000017 0.000010 0.732447 0.000010
11 11 (0) 1 : 0.000010 0.000010 0.000010 0.199346 0.000013 0.000017 0.800584 0.000010
12 12 (0) 1 : 0.000010 0.000010 0.000010 0.151288 0.000010 0.000010 0.848652 0.000010
13 13 (0) 1 : 0.000010 0.000010 0.000016 0.822649 0.000015 0.000014 0.177276 0.000010
14 14 (0) 1 : 0.000010 0.000010 0.000010 0.376439 0.000010 0.000010 0.623501 0.000010
15 15 (0) 1 : 0.000010 0.000010 0.000010 0.452848 0.000010 0.000017 0.547085 0.000010
16 16 (0) 1 : 0.000010 0.000010 0.000010 0.000010 0.000010 0.000010 0.999929 0.000010
17 17 (0) 1 : 0.000010 0.000011 0.000010 0.112958 0.000013 0.000015 0.886974 0.000010
18 18 (0) 1 : 0.000010 0.000010 0.000010 0.999929 0.000011 0.000010 0.000010 0.000010
19 19 (0) 1 : 0.000010 0.000010 0.000010 0.171812 0.000015 0.000010 0.828123 0.000010
20 20 (0) 1 : 0.000010 0.000010 0.000010 0.130147 0.000010 0.000015 0.869787 0.000010
21 21 (0) 1 : 0.000010 0.000010 0.000010 0.069290 0.000014 0.000012 0.930645 0.000010
22 22 (0) 1 : 0.000010 0.000010 0.000010 0.000010 0.000010 0.000010 0.999930 0.000010
23 23 (0) 1 : 0.000010 0.000010 0.000010 0.000010 0.000010 0.000010 0.999930 0.000010
24 24 (0) 1 : 0.000010 0.000010 0.000010 0.999930 0.000010 0.000010 0.000010 0.000010
25 25 (0) 1 : 0.000013 0.000012 0.000010 0.104920 0.000010 0.000011 0.895015 0.000010
26 26 (0) 1 : 0.000011 0.000011 0.000010 0.073399 0.000016 0.000016 0.926527 0.000010
27 27 (0) 1 : 0.000010 0.000014 0.000010 0.456362 0.000015 0.000010 0.543569 0.000010
28 28 (0) 1 : 0.000010 0.000010 0.000010 0.000010 0.000010 0.000010 0.999930 0.000010
29 29 (0) 1 : 0.000010 0.000010 0.000010 0.364430 0.000010 0.000013 0.635507 0.000010
30 30 (0) 1 : 0.000010 0.000010 0.000010 0.000010 0.000010 0.000010 0.999930 0.000010
31 31 (0) 1 : 0.000010 0.000011 0.000010 0.348420 0.000010 0.000010 0.651519 0.000010
32 32 (0) 1 : 0.000010 0.000010 0.000010 0.000010 0.000010 0.000010 0.999929 0.000010
33 33 (0) 1 : 0.000010 0.000012 0.000010 0.087251 0.000010 0.000018 0.912679 0.000010
34 34 (0) 1 : 0.000010 0.000010 0.000010 0.152365 0.000010 0.000014 0.847571 0.000010
35 35 (0) 1 : 0.000010 0.000013 0.000010 0.999920 0.000015 0.000011 0.000010 0.000010
36 36 (0) 1 : 0.613135 0.000010 0.386805 0.000010 0.000010 0.000010 0.000010 0.000010
37 37 (0) 1 : 0.999930 0.000010 0.000010 0.000010 0.000010 0.000010 0.000010 0.000010
38 38 (0) 1 : 0.999918 0.000010 0.000010 0.000010 0.000011 0.000015 0.000015 0.000010
39 39 (0) 1 : 0.009132 0.000014 0.990802 0.000010 0.000012 0.000010 0.000011 0.000010
40 40 (0) 1 : 0.383751 0.000010 0.616184 0.000010 0.000010 0.000012 0.000013 0.000010
41 41 (0) 1 : 0.827957 0.000010 0.171983 0.000010 0.000010 0.000010 0.000010 0.000010
42 42 (0) 1 : 0.279439 0.000010 0.720494 0.000010 0.000010 0.000016 0.000010 0.000010
43 43 (0) 1 : 0.056084 0.000010 0.943856 0.000011 0.000010 0.000010 0.000010 0.000010
44 44 (0) 1 : 0.390509 0.000010 0.609431 0.000010 0.000010 0.000010 0.000010 0.000010
45 45 (0) 1 : 0.201842 0.000010 0.798087 0.000010 0.000019 0.000012 0.000010 0.000010
46 46 (0) 1 : 0.999930 0.000010 0.000010 0.000010 0.000010 0.000010 0.000010 0.000010
47 47 (0) 1 : 0.999930 0.000010 0.000010 0.000010 0.000010 0.000010 0.000010 0.000010
48 48 (0) 1 : 0.999930 0.000010 0.000010 0.000010 0.000010 0.000010 0.000010 0.000010
49 49 (0) 1 : 0.317563 0.000012 0.682375 0.000010 0.000010 0.000010 0.000010 0.000010
50 50 (0) 1 : 0.999929 0.000010 0.000010 0.000010 0.000010 0.000010 0.000010 0.000010
51 51 (0) 1 : 0.634193 0.000010 0.365747 0.000010 0.000010 0.000010 0.000010 0.000010
52 52 (0) 1 : 0.999930 0.000010 0.000010 0.000010 0.000010 0.000010 0.000010 0.000010
53 53 (0) 1 : 0.000010 0.000011 0.999929 0.000010 0.000010 0.000011 0.000010 0.000010
54 54 (0) 1 : 0.000010 0.000010 0.999930 0.000010 0.000010 0.000010 0.000010 0.000010
55 55 (0) 1 : 0.448844 0.000015 0.551091 0.000010 0.000010 0.000010 0.000010 0.000010
56 56 (0) 1 : 0.999924 0.000010 0.000010 0.000010 0.000010 0.000016 0.000010 0.000010
57 57 (0) 1 : 0.000010 0.000011 0.999928 0.000011 0.000010 0.000010 0.000010 0.000010
58 58 (0) 1 : 0.311691 0.000019 0.688231 0.000011 0.000010 0.000013 0.000015 0.000010
59 59 (0) 1 : 0.312262 0.000010 0.687674 0.000010 0.000014 0.000010 0.000010 0.000010
60 60 (0) 1 : 0.000010 0.000010 0.999930 0.000010 0.000010 0.000010 0.000010 0.000010
61 61 (0) 1 : 0.000010 0.000010 0.999930 0.000010 0.000010 0.000010 0.000010 0.000010
62 62 (0) 1 : 0.999922 0.000014 0.000010 0.000010 0.000014 0.000010 0.000010 0.000010
63 63 (0) 1 : 0.643505 0.000010 0.356427 0.000018 0.000010 0.000010 0.000010 0.000010
64 64 (0) 1 : 0.000010 0.000010 0.999929 0.000010 0.000011 0.000011 0.000010 0.000010
65 65 (0) 1 : 0.281060 0.000010 0.718873 0.000010 0.000017 0.000010 0.000010 0.000010
66 66 (0) 1 : 0.000010 0.000010 0.999928 0.000010 0.000010 0.000012 0.000010 0.000010
67 67 (0) 1 : 0.107910 0.000010 0.892022 0.000010 0.000010 0.000018 0.000010 0.000010
68 68 (0) 1 : 0.999928 0.000011 0.000010 0.000010 0.000010 0.000011 0.000011 0.000010
69 69 (0) 1 : 0.398624 0.000010 0.601315 0.000010 0.000010 0.000011 0.000010 0.000010
70 70 (0) 1 : 0.869854 0.000010 0.130086 0.000010 0.000010 0.000010 0.000010 0.000010
71 71 (0) 1 : 0.689258 0.000010 0.310682 0.000010 0.000010 0.000010 0.000010 0.000010
72 72 (0) 1 : 0.000010 0.000010 0.999929 0.000010 0.000010 0.000011 0.000010 0.000010
73 73 (0) 1 : 0.000010 0.000010 0.999930 0.000010 0.000010 0.000010 0.000010 0.000010
74 74 (0) 1 : 0.276058 0.000010 0.723882 0.000010 0.000010 0.000010 0.000010 0.000010
75 75 (0) 1 : 0.401493 0.000010 0.598447 0.000010 0.000010 0.000010 0.000010 0.000010
76 76 (0) 1 : 0.999929 0.000011 0.000010 0.000010 0.000010 0.000011 0.000010 0.000010
77 77 (0) 1 : 0.999930 0.000010 0.000010 0.000010 0.000010 0.000010 0.000010 0.000010
78 78 (0) 1 : 0.000010 0.000010 0.000010 0.000010 0.999930 0.000010 0.000010 0.000010
79 79 (0) 1 : 0.000010 0.000010 0.000010 0.000010 0.999930 0.000010 0.000010 0.000010
80 80 (0) 1 : 0.000010 0.000010 0.000010 0.000010 0.000010 0.000010 0.000010 0.999930
81 81 (0) 1 : 0.000010 0.000010 0.000010 0.000012 0.000010 0.000010 0.000010 0.999928
82 82 (0) 1 : 0.000010 0.000010 0.000010 0.000010 0.999930 0.000010 0.000010 0.000010
83 83 (0) 1 : 0.000010 0.000010 0.000011 0.000010 0.999928 0.000011 0.000010 0.000010
84 84 (0) 1 : 0.000011 0.000010 0.000010 0.000010 0.000010 0.000012 0.000010 0.999927
85 85 (0) 1 : 0.000010 0.000010 0.000010 0.000010 0.999930 0.000010 0.000010 0.000010
86 86 (0) 1 : 0.000018 0.000011 0.000014 0.000010 0.000010 0.000010 0.000010 0.999918
87 87 (0) 1 : 0.000010 0.000010 0.000016 0.000010 0.000010 0.000010 0.000010 0.999924
88 88 (0) 1 : 0.000010 0.000010 0.000010 0.000010 0.000010 0.000010 0.000010 0.999930
89 89 (0) 1 : 0.000010 0.000010 0.000010 0.000010 0.999930 0.000010 0.000010 0.000010
90 90 (0) 1 : 0.000010 0.000010 0.000010 0.000010 0.000015 0.000017 0.000010 0.999918
91 91 (0) 1 : 0.000010 0.000010 0.000010 0.000010 0.000010 0.000010 0.000010 0.999930
92 92 (0) 1 : 0.000010 0.000010 0.000010 0.000010 0.000010 0.000010 0.000010 0.999930
93 93 (0) 1 : 0.000010 0.000010 0.000011 0.000010 0.000010 0.000010 0.000010 0.999929
94 94 (0) 1 : 0.000010 0.000010 0.000010 0.000010 0.999930 0.000010 0.000010 0.000010
95 95 (0) 1 : 0.000010 0.000010 0.000010 0.000010 0.999930 0.000010 0.000010 0.000010
96 96 (0) 1 : 0.000010 0.999930 0.000010 0.000010 0.000010 0.000010 0.000010 0.000010
97 97 (0) 1 : 0.000010 0.999930 0.000010 0.000010 0.000010 0.000010 0.000010 0.000010
98 98 (0) 1 : 0.000010 0.999930 0.000010 0.000010 0.000010 0.000010 0.000010 0.000010
99 99 (0) 1 : 0.000010 0.999929 0.000010 0.000010 0.000010 0.000010 0.000011 0.000010
100 100 (0) 1 : 0.000010 0.999926 0.000010 0.000014 0.000010 0.000010 0.000010 0.000010
101 101 (0) 1 : 0.000010 0.999930 0.000010 0.000010 0.000010 0.000010 0.000010 0.000010
102 102 (0) 1 : 0.000010 0.999930 0.000010 0.000010 0.000010 0.000010 0.000010 0.000010
103 103 (0) 1 : 0.000012 0.999928 0.000010 0.000010 0.000010 0.000010 0.000010 0.000010
104 104 (0) 1 : 0.000010 0.999927 0.000010 0.000012 0.000011 0.000010 0.000010 0.000010
105 105 (0) 1 : 0.000010 0.999930 0.000010 0.000010 0.000010 0.000010 0.000010 0.000010
106 106 (0) 1 : 0.000010 0.999928 0.000010 0.000010 0.000010 0.000010 0.000011 0.000010
107 107 (0) 1 : 0.000012 0.999921 0.000010 0.000017 0.000010 0.000010 0.000010 0.000010
108 108 (0) 1 : 0.000010 0.999930 0.000010 0.000010 0.000010 0.000010 0.000010 0.000010
109 109 (0) 1 : 0.000010 0.999928 0.000010 0.000010 0.000010 0.000011 0.000010 0.000010
110 110 (0) 1 : 0.000010 0.999927 0.000010 0.000010 0.000010 0.000012 0.000010 0.000010
111 111 (0) 1 : 0.000010 0.999930 0.000010 0.000010 0.000010 0.000010 0.000010 0.000010
112 112 (0) 1 : 0.000010 0.999930 0.000010 0.000010 0.000010 0.000010 0.000010 0.000010
113 113 (0) 1 : 0.000010 0.999922 0.000010 0.000011 0.000015 0.000010 0.000011 0.000010
114 114 (0) 1 : 0.000010 0.000010 0.000010 0.000010 0.000010 0.999930 0.000010 0.000010
115 115 (0) 1 : 0.000010 0.000010 0.000010 0.000014 0.000010 0.999926 0.000010 0.000010
116 116 (0) 1 : 0.000010 0.000010 0.000010 0.000010 0.000010 0.999930 0.000010 0.000010
117 117 (0) 1 : 0.000010 0.000010 0.000010 0.000010 0.000016 0.999917 0.000017 0.000010
118 118 (0) 1 : 0.000010 0.000012 0.000010 0.000020 0.000010 0.999919 0.000010 0.000010
119 119 (0) 1 : 0.000010 0.000012 0.000010 0.000010 0.000010 0.999928 0.000010 0.000010
120 120 (0) 1 : 0.000010 0.000010 0.000010 0.000016 0.000018 0.999916 0.000010 0.000010
121 121 (0) 1 : 0.000010 0.000010 0.000010 0.000010 0.000010 0.999930 0.000010 0.000010
1 1 (0) 1 : 0.000010 0.000010 0.000011 0.000010 0.220971 0.000010 0.000010 0.778968
2 2 (0) 1 : 0.000010 0.000010 0.000010 0.000011 0.259030 0.000012 0.000010 0.740907
3 3 (0) 1 : 0.000010 0.000010 0.000010 0.000010 0.380679 0.000010 0.000010 0.619261
4 4 (0) 1 : 0.000010 0.000010 0.000010 0.000010 0.427517 0.000010 0.000010 0.572423
5 5 (0) 1 : 0.000010 0.000010 0.000010 0.000011 0.442148 0.000010 0.000010 0.557791
6 6 (0) 1 : 0.000010 0.000010 0.000010 0.000011 0.548209 0.000010 0.000010 0.451730
7 7 (0) 1 : 0.000010 0.000010 0.000010 0.000010 0.000010 0.000010 0.000010 0.999930
8 8 (0) 1 : 0.000010 0.000010 0.000010 0.000010 0.390286 0.000010 0.000010 0.609654
9 9 (0) 1 : 0.000010 0.000010 0.000010 0.000010 0.999930 0.000010 0.000010 0.000010
10 10 (0) 1 : 0.000010 0.000010 0.000010 0.000010 0.000010 0.000010 0.000010 0.999930
11 11 (0) 1 : 0.000010 0.000010 0.000010 0.000010 0.422774 0.000012 0.000010 0.577163
12 12 (0) 1 : 0.000010 0.000010 0.000010 0.000010 0.000010 0.000010 0.000010 0.999930
13 13 (0) 1 : 0.000010 0.000010 0.000010 0.000010 0.999930 0.000010 0.000010 0.000010
14 14 (0) 1 : 0.000010 0.000010 0.000014 0.000010 0.000010 0.000010 0.000010 0.999926
15 15 (0) 1 : 0.000010 0.000010 0.000010 0.000010 0.563564 0.000010 0.000010 0.436376
16 16 (0) 1 : 0.000010 0.000010 0.000010 0.000010 0.000010 0.000010 0.000010 0.999930
17 17 (0) 1 : 0.000010 0.000010 0.000010 0.000010 0.261868 0.000010 0.000010 0.738072
18 18 (0) 1 : 0.000010 0.000010 0.000010 0.000010 0.999930 0.000010 0.000010 0.000010
19 19 (0) 1 : 0.000012 0.000010 0.000010 0.000010 0.467305 0.000010 0.000010 0.532632
20 20 (0) 1 : 0.000010 0.000010 0.000010 0.000010 0.182105 0.000011 0.000010 0.817834
21 21 (0) 1 : 0.000010 0.000010 0.000010 0.000010 0.172373 0.000010 0.000010 0.827567
22 22 (0) 1 : 0.000010 0.000010 0.000010 0.000010 0.000010 0.000010 0.000010 0.999930
23 23 (0) 1 : 0.000010 0.000010 0.000010 0.000010 0.000010 0.000010 0.000010 0.999930
24 24 (0) 1 : 0.000010 0.000010 0.000010 0.000010 0.999930 0.000010 0.000010 0.000010
25 25 (0) 1 : 0.000010 0.000017 0.000010 0.000010 0.197316 0.000010 0.000010 0.802618
26 26 (0) 1 : 0.000010 0.000010 0.000010 0.000010 0.157715 0.000010 0.000010 0.842225
27 27 (0) 1 : 0.000010 0.000013 0.000010 0.000010 0.521269 0.000010 0.000010 0.478668
28 28 (0) 1 : 0.000010 0.000010 0.000010 0.000010 0.142744 0.000010 0.000010 0.857196
29 29 (0) 1 : 0.000010 0.000010 0.000010 0.000010 0.417229 0.000010 0.000010 0.582711
30 30 (0) 1 : 0.000010 0.000010 0.000010 0.000010 0.000010 0.000010 0.000010 0.999930
31 31 (0) 1 : 0.000010 0.000011 0.000010 0.000010 0.467367 0.000010 0.000010 0.532573
32 32 (0) 1 : 0.000010 0.000010 0.000010 0.000010 0.000010 0.000010 0.000010 0.999930
33 33 (0) 1 : 0.000010 0.000010 0.000010 0.000010 0.000010 0.000010 0.000010 0.999930
34 34 (0) 1 : 0.000010 0.000010 0.000010 0.000010 0.377255 0.000010 0.000010 0.622685
35 35 (0) 1 : 0.000010 0.000010 0.000010 0.000010 0.999930 0.000010 0.000010 0.000010
36 36 (0) 1 : 0.000010 0.000010 0.000010 0.608154 0.000010 0.000010 0.391786 0.000010
37 37 (0) 1 : 0.000010 0.000010 0.000010 0.999930 0.000010 0.000010 0.000010 0.000010
38 38 (0) 1 : 0.000010 0.000019 0.000010 0.999921 0.000010 0.000010 0.000010 0.000010
39 39 (0) 1 : 0.000010 0.000010 0.000010 0.009845 0.000010 0.000010 0.990095 0.000010
40 40 (0) 1 : 0.000010 0.000010 0.000010 0.380055 0.000010 0.000011 0.619884 0.000010
41 41 (0) 1 : 0.000010 0.000010 0.000010 0.826602 0.000010 0.000010 0.173338 0.000010
42 42 (0) 1 : 0.000010 0.000010 0.000010 0.270792 0.000010 0.000010 0.729148 0.000010
43 43 (0) 1 : 0.000010 0.000010 0.000010 0.043641 0.000010 0.000010 0.956299 0.000010
44 44 (0) 1 : 0.000010 0.000010 0.000010 0.565327 0.000010 0.000010 0.434613 0.000010
45 45 (0) 1 : 0.000010 0.000010 0.000010 0.186334 0.000010 0.000010 0.813606 0.000010
46 46 (0) 1 : 0.000010 0.000010 0.000010 0.999930 0.000010 0.000010 0.000010 0.000010
47 47 (0) 1 : 0.000010 0.000010 0.000010 0.999930 0.000010 0.000010 0.000010 0.000010
48 48 (0) 1 : 0.000010 0.000010 0.000010 0.999930 0.000010 0.000010 0.000010 0.000010
49 49 (0) 1 : 0.000011 0.000010 0.000010 0.329836 0.000010 0.000010 0.670103 0.000010
50 50 (0) 1 : 0.000010 0.000010 0.000010 0.999930 0.000010 0.000010 0.000010 0.000010
51 51 (0) 1 : 0.000010 0.000010 0.000010 0.633002 0.000010 0.000010 0.366938 0.000010
52 52 (0) 1 : 0.000010 0.000010 0.000010 0.999930 0.000010 0.000010 0.000010 0.000010
53 53 (0) 1 : 0.000010 0.000010 0.000010 0.000010 0.000010 0.000010 0.999930 0.000010
54 54 (0) 1 : 0.000010 0.000010 0.000010 0.000010 0.000010 0.000010 0.999930 0.000010
55 55 (0) 1 : 0.000010 0.000010 0.000010 0.463920 0.000010 0.000010 0.536020 0.000010
56 56 (0) 1 : 0.000010 0.000010 0.000010 0.999930 0.000010 0.000010 0.000010 0.000010
57 57 (0) 1 : 0.000010 0.000010 0.000010 0.000010 0.000010 0.000010 0.999930 0.000010
58 58 (0) 1 : 0.000010 0.000010 0.000010 0.305875 0.000010 0.000010 0.694065 0.000010
59 59 (0) 1 : 0.000010 0.000010 0.000010 0.323425 0.000013 0.000010 0.676512 0.000010
60 60 (0) 1 : 0.000010 0.000010 0.000010 0.000010 0.000010 0.000010 0.999930 0.000010
61 61 (0) 1 : 0.000010 0.000010 0.000010 0.000010 0.000010 0.000010 0.999930 0.000010
62 62 (0) 1 : 0.000010 0.000010 0.000010 0.999930 0.000010 0.000010 0.000010 0.000010
63 63 (0) 1 : 0.000010 0.000010 0.000010 0.650323 0.000010 0.000010 0.349617 0.000010
64 64 (0) 1 : 0.000010 0.000010 0.000010 0.000010 0.000010 0.000010 0.999930 0.000010
65 65 (0) 1 : 0.000010 0.000010 0.000010 0.278096 0.000010 0.000010 0.721844 0.000010
66 66 (0) 1 : 0.000010 0.000010 0.000010 0.000010 0.000010 0.000010 0.999930 0.000010
67 67 (0) 1 : 0.000010 0.000010 0.000012 0.113357 0.000010 0.000010 0.886581 0.000010
68 68 (0) 1 : 0.000010 0.000010 0.000010 0.999930 0.000010 0.000010 0.000010 0.000010
69 69 (0) 1 : 0.000010 0.000014 0.000020 0.398458 0.000010 0.000010 0.601469 0.000010
70 70 (0) 1 : 0.000010 0.000010 0.000010 0.875574 0.000010 0.000010 0.124366 0.000010
71 71 (0) 1 : 0.000010 0.000010 0.000010 0.692121 0.000010 0.000010 0.307819 0.000010
72 72 (0) 1 : 0.000010 0.000010 0.000010 0.000010 0.000010 0.000010 0.999930 0.000010
73 73 (0) 1 : 0.000010 0.000010 0.000010 0.000010 0.000010 0.000010 0.999930 0.000010
74 74 (0) 1 : 0.000010 0.000010 0.000015 0.279251 0.000011 0.000010 0.720683 0.000010
75 75 (0) 1 : 0.000010 0.000010 0.000011 0.387734 0.000010 0.000010 0.612205 0.000010
76 76 (0) 1 : 0.000010 0.000010 0.000010 0.999930 0.000010 0.000010 0.000010 0.000010
77 77 (0) 1 : 0.000010 0.000010 0.000010 0.999930 0.000010 0.000010 0.000010 0.000010
78 78 (0) 1 : 0.999930 0.000010 0.000010 0.000010 0.000010 0.000010 0.000010 0.000010
79 79 (0) 1 : 0.999930 0.000010 0.000010 0.000010 0.000010 0.000010 0.000010 0.000010
80 80 (0) 1 : 0.000010 0.000010 0.000010 0.000010 0.000010 0.999930 0.000010 0.000010
81 81 (0) 1 : 0.000010 0.000010 0.000010 0.000010 0.000010 0.999930 0.000010 0.000010
82 82 (0) 1 : 0.000010 0.000010 0.000010 0.000010 0.000010 0.999930 0.000010 0.000010
83 83 (0) 1 : 0.999930 0.000010 0.000010 0.000010 0.000010 0.000010 0.000010 0.000010
84 84 (0) 1 : 0.000010 0.000010 0.000010 0.000010 0.000010 0.999930 0.000010 0.000010
85 85 (0) 1 : 0.999930 0.000010 0.000010 0.000010 0.000010 0.000010 0.000010 0.000010
86 86 (0) 1 : 0.999930 0.000010 0.000010 0.000010 0.000010 0.000010 0.000010 0.000010
87 87 (0) 1 : 0.000010 0.000010 0.000010 0.000010 0.000010 0.999930 0.000010 0.000010
88 88 (0) 1 : 0.000010 0.000010 0.000010 0.000010 0.000010 0.999930 0.000010 0.000010
89 89 (0) 1 : 0.999930 0.000010 0.000010 0.000010 0.000010 0.000010 0.000010 0.000010
90 90 (0) 1 : 0.000010 0.000010 0.000010 0.000010 0.000010 0.999930 0.000010 0.000010
91 91 (0) 1 : 0.000010 0.000010 0.000010 0.000010 0.000010 0.999930 0.000010 0.000010
92 92 (0) 1 : 0.999930 0.000010 0.000010 0.000010 0.000010 0.000010 0.000010 0.000010
93 93 (0) 1 : 0.381752 0.000010 0.000010 0.000010 0.000010 0.618188 0.000010 0.000010
94 94 (0) 1 : 0.999930 0.000010 0.000010 0.000010 0.000010 0.000010 0.000010 0.000010
95 95 (0) 1 : 0.000010 0.000010 0.000010 0.000010 0.000010 0.999930 0.000010 0.000010
96 96 (0) 1 : 0.000010 0.999918 0.000010 0.000010 0.000019 0.000012 0.000010 0.000010
97 97 (0) 1 : 0.000010 0.999928 0.000010 0.000010 0.000010 0.000012 0.000010 0.000010
98 98 (0) 1 : 0.000010 0.999927 0.000010 0.000010 0.000013 0.000010 0.000010 0.000010
99 99 (0) 1 : 0.000010 0.999927 0.000010 0.000010 0.000010 0.000013 0.000010 0.000010
100 100 (0) 1 : 0.000010 0.999927 0.000010 0.000010 0.000010 0.000013 0.000010 0.000010
101 101 (0) 1 : 0.000010 0.999930 0.000010 0.000010 0.000010 0.000010 0.000010 0.000010
102 102 (0) 1 : 0.000014 0.999926 0.000010 0.000010 0.000010 0.000010 0.000010 0.000010
103 103 (0) 1 : 0.000010 0.999930 0.000010 0.000010 0.000010 0.000010 0.000010 0.000010
104 104 (0) 1 : 0.000018 0.999917 0.000010 0.000010 0.000010 0.000010 0.000015 0.000010
105 105 (0) 1 : 0.000013 0.999920 0.000010 0.000010 0.000017 0.000010 0.000010 0.000010
106 106 (0) 1 : 0.000010 0.999930 0.000010 0.000010 0.000010 0.000010 0.000010 0.000010
107 107 (0) 1 : 0.000010 0.999930 0.000010 0.000010 0.000010 0.000010 0.000010 0.000010
108 108 (0) 1 : 0.000010 0.999930 0.000010 0.000010 0.000010 0.000010 0.000010 0.000010
109 109 (0) 1 : 0.000010 0.999930 0.000010 0.000010 0.000010 0.000010 0.000010 0.000010
110 110 (0) 1 : 0.000010 0.999924 0.000010 0.000012 0.000010 0.000014 0.000010 0.000010
111 111 (0) 1 : 0.000012 0.999924 0.000014 0.000010 0.000010 0.000010 0.000010 0.000010
112 112 (0) 1 : 0.000010 0.999930 0.000010 0.000010 0.000010 0.000010 0.000010 0.000010
113 113 (0) 1 : 0.000010 0.999930 0.000010 0.000010 0.000010 0.000010 0.000010 0.000010
114 114 (0) 1 : 0.000020 0.000010 0.999916 0.000010 0.000010 0.000014 0.000010 0.000010
115 115 (0) 1 : 0.000010 0.000010 0.999930 0.000010 0.000010 0.000010 0.000010 0.000010
116 116 (0) 1 : 0.000010 0.000010 0.999930 0.000010 0.000010 0.000010 0.000010 0.000010
117 117 (0) 1 : 0.000010 0.000010 0.999930 0.000010 0.000010 0.000010 0.000010 0.000010
118 118 (0) 1 : 0.000010 0.000010 0.999930 0.000010 0.000010 0.000010 0.000010 0.000010
119 119 (0) 1 : 0.000010 0.000013 0.999926 0.000010 0.000010 0.000010 0.000010 0.000010
120 120 (0) 1 : 0.000010 0.000010 0.999928 0.000010 0.000010 0.000012 0.000010 0.000010
121 121 (0) 1 : 0.000010 0.000010 0.999930 0.000010 0.000010 0.000010 0.000010 0.000010
