1 1 (0) 1 : 0.000010 0.000010 0.000010 0.999960 0.000010
2 2 (0) 1 : 0.000010 0.000010 0.000010 0.999960 0.000010
3 3 (0) 1 : 0.000010 0.000010 0.000010 0.999960 0.000010
4 4 (0) 1 : 0.000010 0.000010 0.000010 0.999960 0.000010
5 5 (0) 1 : 0.000010 0.000010 0.000010 0.999960 0.000010
6 6 (0) 1 : 0.000010 0.000010 0.000010 0.999960 0.000010
7 7 (0) 1 : 0.000010 0.000010 0.000010 0.999960 0.000010
8 8 (0) 1 : 0.000010 0.000010 0.000010 0.999960 0.000010
9 9 (0) 1 : 0.000010 0.000010 0.000010 0.999960 0.000010
10 10 (0) 1 : 0.000010 0.000010 0.000010 0.999960 0.000010
11 11 (0) 1 : 0.000010 0.000010 0.000010 0.999960 0.000010
12 12 (0) 1 : 0.000010 0.000010 0.000010 0.999960 0.000010
13 13 (0) 1 : 0.000010 0.000010 0.000011 0.999959 0.000010
14 14 (0) 1 : 0.000010 0.000010 0.000010 0.999960 0.000010
15 15 (0) 1 : 0.000010 0.000010 0.000010 0.999960 0.000010
16 16 (0) 1 : 0.000010 0.000010 0.000010 0.999960 0.000010
17 17 (0) 1 : 0.000010 0.000010 0.000010 0.999960 0.000010
18 18 (0) 1 : 0.000010 0.000010 0.000010 0.999960 0.000010
19 19 (0) 1 : 0.000010 0.000010 0.000010 0.999960 0.000010
20 20 (0) 1 : 0.000010 0.000010 0.000010 0.999960 0.000010
21 21 (0) 1 : 0.000010 0.000010 0.000010 0.999960 0.000010
22 22 (0) 1 : 0.000010 0.000010 0.000010 0.999960 0.000010
23 23 (0) 1 : 0.000010 0.000010 0.000010 0.999960 0.000010
24 24 (0) 1 : 0.000010 0.000010 0.000010 0.999960 0.000010
25 25 (0) 1 : 0.000010 0.000010 0.000010 0.999960 0.000010
26 26 (0) 1 : 0.000010 0.000010 0.000010 0.999960 0.000010
27 27 (0) 1 : 0.000010 0.000010 0.000010 0.999960 0.000010
28 28 (0) 1 : 0.000010 0.000010 0.000010 0.999960 0.000010
29 29 (0) 1 : 0.000010 0.000010 0.000010 0.999960 0.000010
30 30 (0) 1 : 0.000010 0.000010 0.000010 0.999960 0.000010
31 31 (0) 1 : 0.000010 0.000010 0.000010 0.999960 0.000010
32 32 (0) 1 : 0.000010 0.000010 0.000010 0.999960 0.000010
33 33 (0) 1 : 0.000010 0.000010 0.000010 0.999960 0.000010
34 34 (0) 1 : 0.000010 0.000010 0.000010 0.999960 0.000010
35 35 (0) 1 : 0.000010 0.000010 0.000010 0.999960 0.000010
36 36 (0) 1 : 0.000010 0.000010 0.000010 0.000010 0.999960
37 37 (0) 1 : 0.000010 0.000010 0.000010 0.000010 0.999960
38 38 (0) 1 : 0.000010 0.000010 0.000010 0.000010 0.999960
39 39 (0) 1 : 0.000010 0.000010 0.000010 0.000010 0.999960
40 40 (0) 1 : 0.000010 0.000010 0.000010 0.000010 0.999960
41 41 (0) 1 : 0.000010 0.000010 0.000010 0.000010 0.999960
42 42 (0) 1 : 0.000010 0.000010 0.000010 0.000010 0.999960
43 43 (0) 1 : 0.000010 0.000010 0.000010 0.000010 0.999960
44 44 (0) 1 : 0.000010 0.000010 0.000010 0.000010 0.999960
45 45 (0) 1 : 0.000010 0.000010 0.000010 0.000010 0.999960
46 46 (0) 1 : 0.000010 0.000010 0.000010 0.000010 0.999960
47 47 (0) 1 : 0.000010 0.000010 0.000010 0.000010 0.999960
48 48 (0) 1 : 0.000010 0.000010 0.000010 0.000010 0.999960
49 49 (0) 1 : 0.000010 0.000010 0.000010 0.000010 0.999960
50 50 (0) 1 : 0.000010 0.000010 0.000010 0.000010 0.999960
51 51 (0) 1 : 0.000010 0.000010 0.000010 0.000010 0.999960
52 52 (0) 1 : 0.000010 0.000010 0.000010 0.000010 0.999960
53 53 (0) 1 : 0.000010 0.000010 0.000010 0.000010 0.999960
54 54 (0) 1 : 0.000010 0.000010 0.000010 0.000010 0.999960
55 55 (0) 1 : 0.000010 0.000010 0.000010 0.000010 0.999960
56 56 (0) 1 : 0.000010 0.000010 0.000010 0.000010 0.999960
57 57 (0) 1 : 0.000010 0.000010 0.000010 0.000010 0.999960
58 58 (0) 1 : 0.000010 0.000010 0.000010 0.000010 0.999960
59 59 (0) 1 : 0.000010 0.000010 0.000010 0.000010 0.999960
60 60 (0) 1 : 0.000010 0.000010 0.000010 0.000010 0.999960
61 61 (0) 1 : 0.000010 0.000010 0.000010 0.000010 0.999960
62 62 (0) 1 : 0.000010 0.000010 0.000010 0.000010 0.999960
63 63 (0) 1 : 0.000010 0.000010 0.000010 0.000010 0.999960
64 64 (0) 1 : 0.000010 0.000010 0.000010 0.000010 0.999960
65 65 (0) 1 : 0.000010 0.000010 0.000010 0.000010 0.999960
66 66 (0) 1 : 0.000010 0.000010 0.000010 0.000010 0.999960
67 67 (0) 1 : 0.000010 0.000010 0.000010 0.000010 0.999960
68 68 (0) 1 : 0.000010 0.000010 0.000010 0.000010 0.999960
69 69 (0) 1 : 0.000010 0.000010 0.000010 0.000010 0.999960
70 70 (0) 1 : 0.000010 0.000010 0.000010 0.000010 0.999960
71 71 (0) 1 : 0.000010 0.000010 0.000010 0.000010 0.999960
72 72 (0) 1 : 0.000010 0.000010 0.000010 0.000010 0.999960
73 73 (0) 1 : 0.000010 0.000010 0.000010 0.000010 0.999960
74 74 (0) 1 : 0.000010 0.000010 0.000010 0.000010 0.999960
75 75 (0) 1 : 0.000010 0.000010 0.000010 0.000010 0.999960
76 76 (0) 1 : 0.000010 0.000010 0.000010 0.000010 0.999960
77 77 (0) 1 : 0.000010 0.000010 0.000010 0.000010 0.999960
78 78 (0) 1 : 0.999960 0.000010 0.000010 0.000010 0.000010
79 79 (0) 1 : 0.999960 0.000010 0.000010 0.000010 0.000010
80 80 (0) 1 : 0.999960 0.000010 0.000010 0.000010 0.000010
81 81 (0) 1 : 0.999960 0.000010 0.000010 0.000010 0.000010
82 82 (0) 1 : 0.999960 0.000010 0.000010 0.000010 0.000010
83 83 (0) 1 : 0.999960 0.000010 0.000010 0.000010 0.000010
84 84 (0) 1 : 0.999960 0.000010 0.000010 0.000010 0.000010
85 85 (0) 1 : 0.999960 0.000010 0.000010 0.000010 0.000010
86 86 (0) 1 : 0.999960 0.000010 0.000010 0.000010 0.000010
87 87 (0) 1 : 0.999960 0.000010 0.000010 0.000010 0.000010
88 88 (0) 1 : 0.999960 0.000010 0.000010 0.000010 0.000010
89 89 (0) 1 : 0.999960 0.000010 0.000010 0.000010 0.000010
90 90 (0) 1 : 0.999960 0.000010 0.000010 0.000010 0.000010
91 91 (0) 1 : 0.999960 0.000010 0.000010 0.000010 0.000010
92 92 (0) 1 : 0.999960 0.000010 0.000010 0.000010 0.000010
93 93 (0) 1 : 0.999960 0.000010 0.000010 0.000010 0.000010
94 94 (0) 1 : 0.999960 0.000010 0.000010 0.000010 0.000010
95 95 (0) 1 : 0.999960 0.000010 0.000010 0.000010 0.000010
96 96 (0) 1 : 0.000010 0.999950 0.000010 0.000020 0.000010
97 97 (0) 1 : 0.000010 0.999960 0.000010 0.000010 0.000010
98 98 (0) 1 : 0.000010 0.999960 0.000010 0.000010 0.000010
99 99 (0) 1 : 0.000010 0.999960 0.000010 0.000010 0.000010
100 100 (0) 1 : 0.000010 0.999960 0.000010 0.000010 0.000010
101 101 (0) 1 : 0.000010 0.999960 0.000010 0.000010 0.000010
102 102 (0) 1 : 0.000010 0.999960 0.000010 0.000010 0.000010
103 103 (0) 1 : 0.000018 0.999952 0.000010 0.000010 0.000010
104 104 (0) 1 : 0.000010 0.999960 0.000010 0.000010 0.000010
105 105 (0) 1 : 0.000010 0.999960 0.000010 0.000010 0.000010
106 106 (0) 1 : 0.000010 0.999960 0.000010 0.000010 0.000010
107 107 (0) 1 : 0.000010 0.999960 0.000010 0.000010 0.000010
108 108 (0) 1 : 0.000010 0.999960 0.000010 0.000010 0.000010
109 109 (0) 1 : 0.000010 0.999960 0.000010 0.000010 0.000010
110 110 (0) 1 : 0.000010 0.999960 0.000010 0.000010 0.000010
111 111 (0) 1 : 0.000010 0.999960 0.000010 0.000010 0.000010
112 112 (0) 1 : 0.000010 0.999951 0.000019 0.000010 0.000010
113 113 (0) 1 : 0.000010 0.999960 0.000010 0.000010 0.000010
114 114 (0) 1 : 0.000010 0.000010 0.999960 0.000010 0.000010
115 115 (0) 1 : 0.000010 0.000010 0.999960 0.000010 0.000010
116 116 (0) 1 : 0.000010 0.000010 0.999960 0.000010 0.000010
117 117 (0) 1 : 0.000010 0.000010 0.999960 0.000010 0.000010
118 118 (0) 1 : 0.000010 0.000010 0.999960 0.000010 0.000010
119 119 (0) 1 : 0.000010 0.000010 0.999960 0.000010 0.000010
120 120 (0) 1 : 0.000010 0.000010 0.999960 0.000010 0.000010
121 121 (0) 1 : 0.000010 0.000010 0.999960 0.000010 0.000010
1 1 (0) 1 : 0.000010 0.000010 0.000010 0.999960 0.000010
2 2 (0) 1 : 0.000010 0.000010 0.000010 0.999960 0.000010
3 3 (0) 1 : 0.000010 0.000010 0.000010 0.999960 0.000010
4 4 (0) 1 : 0.000010 0.000010 0.000010 0.999960 0.000010
5 5 (0) 1 : 0.000010 0.000010 0.000010 0.999960 0.000010
6 6 (0) 1 : 0.000010 0.000010 0.000010 0.999960 0.000010
7 7 (0) 1 : 0.000010 0.000010 0.000010 0.999960 0.000010
8 8 (0) 1 : 0.000010 0.000010 0.000010 0.999960 0.000010
9 9 (0) 1 : 0.000010 0.000010 0.000010 0.999960 0.000010
10 10 (0) 1 : 0.000010 0.000010 0.000010 0.999960 0.000010
11 11 (0) 1 : 0.000010 0.000010 0.000010 0.999960 0.000010
12 12 (0) 1 : 0.000010 0.000010 0.000010 0.999960 0.000010
13 13 (0) 1 : 0.000010 0.000010 0.000010 0.999960 0.000010
14 14 (0) 1 : 0.000010 0.000010 0.000010 0.999960 0.000010
15 15 (0) 1 : 0.000010 0.000010 0.000010 0.999960 0.000010
16 16 (0) 1 : 0.000010 0.000010 0.000010 0.999960 0.000010
17 17 (0) 1 : 0.000010 0.000010 0.000010 0.999960 0.000010
18 18 (0) 1 : 0.000010 0.000010 0.000010 0.999960 0.000010
19 19 (0) 1 : 0.000010 0.000010 0.000010 0.999960 0.000010
20 20 (0) 1 : 0.000010 0.000010 0.000010 0.999960 0.000010
21 21 (0) 1 : 0.000010 0.000010 0.000010 0.999960 0.000010
22 22 (0) 1 : 0.000010 0.000010 0.000010 0.999960 0.000010
23 23 (0) 1 : 0.000010 0.000010 0.000010 0.999960 0.000010
24 24 (0) 1 : 0.000010 0.000010 0.000010 0.999960 0.000010
25 25 (0) 1 : 0.000010 0.000010 0.000010 0.999960 0.000010
26 26 (0) 1 : 0.000010 0.000010 0.000010 0.999960 0.000010
27 27 (0) 1 : 0.000010 0.000010 0.000010 0.999960 0.000010
28 28 (0) 1 : 0.000010 0.000010 0.000010 0.999960 0.000010
29 29 (0) 1 : 0.000010 0.000010 0.000010 0.999960 0.000010
30 30 (0) 1 : 0.000010 0.000010 0.000010 0.999960 0.000010
31 31 (0) 1 : 0.000010 0.000010 0.000010 0.999960 0.000010
32 32 (0) 1 : 0.000010 0.000010 0.000010 0.999960 0.000010
33 33 (0) 1 : 0.000010 0.000010 0.000010 0.999960 0.000010
34 34 (0) 1 : 0.000010 0.000010 0.000010 0.999960 0.000010
35 35 (0) 1 : 0.000010 0.000010 0.000010 0.999960 0.000010
36 36 (0) 1 : 0.000010 0.999960 0.000010 0.000010 0.000010
37 37 (0) 1 : 0.000010 0.999960 0.000010 0.000010 0.000010
38 38 (0) 1 : 0.000010 0.999960 0.000010 0.000010 0.000010
39 39 (0) 1 : 0.000010 0.999960 0.000010 0.000010 0.000010
40 40 (0) 1 : 0.000010 0.999960 0.000010 0.000010 0.000010
41 41 (0) 1 : 0.000010 0.999960 0.000010 0.000010 0.000010
42 42 (0) 1 : 0.000010 0.999960 0.000010 0.000010 0.000010
43 43 (0) 1 : 0.000010 0.999960 0.000010 0.000010 0.000010
44 44 (0) 1 : 0.000010 0.999960 0.000010 0.000010 0.000010
45 45 (0) 1 : 0.000010 0.999960 0.000010 0.000010 0.000010
46 46 (0) 1 : 0.000010 0.999960 0.000010 0.000010 0.000010
47 47 (0) 1 : 0.000010 0.999960 0.000010 0.000010 0.000010
48 48 (0) 1 : 0.000010 0.999960 0.000010 0.000010 0.000010
49 49 (0) 1 : 0.000010 0.999960 0.000010 0.000010 0.000010
50 50 (0) 1 : 0.000010 0.999960 0.000010 0.000010 0.000010
51 51 (0) 1 : 0.000010 0.999960 0.000010 0.000010 0.000010
52 52 (0) 1 : 0.000010 0.999960 0.000010 0.000010 0.000010
53 53 (0) 1 : 0.000010 0.999960 0.000010 0.000010 0.000010
54 54 (0) 1 : 0.000010 0.999960 0.000010 0.000010 0.000010
55 55 (0) 1 : 0.000010 0.999960 0.000010 0.000010 0.000010
56 56 (0) 1 : 0.000010 0.999960 0.000010 0.000010 0.000010
57 57 (0) 1 : 0.000010 0.999960 0.000010 0.000010 0.000010
58 58 (0) 1 : 0.000010 0.999960 0.000010 0.000010 0.000010
59 59 (0) 1 : 0.000010 0.999960 0.000010 0.000010 0.000010
60 60 (0) 1 : 0.000010 0.999960 0.000010 0.000010 0.000010
61 61 (0) 1 : 0.000010 0.999960 0.000010 0.000010 0.000010
62 62 (0) 1 : 0.000010 0.999960 0.000010 0.000010 0.000010
63 63 (0) 1 : 0.000010 0.999960 0.000010 0.000010 0.000010
64 64 (0) 1 : 0.000010 0.999960 0.000010 0.000010 0.000010
65 65 (0) 1 : 0.000010 0.999960 0.000010 0.000010 0.000010
66 66 (0) 1 : 0.000010 0.999960 0.000010 0.000010 0.000010
67 67 (0) 1 : 0.000010 0.999960 0.000010 0.000010 0.000010
68 68 (0) 1 : 0.000010 0.999960 0.000010 0.000010 0.000010
69 69 (0) 1 : 0.000010 0.999960 0.000010 0.000010 0.000010
70 70 (0) 1 : 0.000010 0.999960 0.000010 0.000010 0.000010
71 71 (0) 1 : 0.000010 0.999960 0.000010 0.000010 0.000010
72 72 (0) 1 : 0.000010 0.999960 0.000010 0.000010 0.000010
73 73 (0) 1 : 0.000010 0.999960 0.000010 0.000010 0.000010
74 74 (0) 1 : 0.000010 0.999960 0.000010 0.000010 0.000010
75 75 (0) 1 : 0.000010 0.999960 0.000010 0.000010 0.000010
76 76 (0) 1 : 0.000010 0.999960 0.000010 0.000010 0.000010
77 77 (0) 1 : 0.000010 0.999960 0.000010 0.000010 0.000010
78 78 (0) 1 : 0.999960 0.000010 0.000010 0.000010 0.000010
79 79 (0) 1 : 0.999957 0.000010 0.000013 0.000010 0.000010
80 80 (0) 1 : 0.999960 0.000010 0.000010 0.000010 0.000010
81 81 (0) 1 : 0.999960 0.000010 0.000010 0.000010 0.000010
82 82 (0) 1 : 0.999960 0.000010 0.000010 0.000010 0.000010
83 83 (0) 1 : 0.999960 0.000010 0.000010 0.000010 0.000010
84 84 (0) 1 : 0.999950 0.000010 0.000020 0.000010 0.000010
85 85 (0) 1 : 0.999960 0.000010 0.000010 0.000010 0.000010
86 86 (0) 1 : 0.999960 0.000010 0.000010 0.000010 0.000010
87 87 (0) 1 : 0.999960 0.000010 0.000010 0.000010 0.000010
88 88 (0) 1 : 0.999960 0.000010 0.000010 0.000010 0.000010
89 89 (0) 1 : 0.999960 0.000010 0.000010 0.000010 0.000010
90 90 (0) 1 : 0.999956 0.000010 0.000014 0.000010 0.000010
91 91 (0) 1 : 0.999960 0.000010 0.000010 0.000010 0.000010
92 92 (0) 1 : 0.999960 0.000010 0.000010 0.000010 0.000010
93 93 (0) 1 : 0.999951 0.000010 0.000019 0.000010 0.000010
94 94 (0) 1 : 0.999960 0.000010 0.000010 0.000010 0.000010
95 95 (0) 1 : 0.999960 0.000010 0.000010 0.000010 0.000010
96 96 (0) 1 : 0.000010 0.000010 0.000010 0.000010 0.999960
97 97 (0) 1 : 0.000010 0.000010 0.000019 0.000010 0.999951
98 98 (0) 1 : 0.000010 0.000010 0.000010 0.000010 0.999960
99 99 (0) 1 : 0.000010 0.000010 0.000010 0.000010 0.999960
100 100 (0) 1 : 0.000010 0.000010 0.000010 0.000010 0.999960
101 101 (0) 1 : 0.000010 0.000010 0.000018 0.000010 0.999952
102 102 (0) 1 : 0.000010 0.000010 0.000018 0.000010 0.999952
103 103 (0) 1 : 0.000010 0.000010 0.000010 0.000010 0.999960
104 104 (0) 1 : 0.000010 0.000010 0.000010 0.000010 0.999960
105 105 (0) 1 : 0.000010 0.000010 0.000010 0.000010 0.999960
106 106 (0) 1 : 0.000010 0.000010 0.000010 0.000010 0.999960
107 107 (0) 1 : 0.000010 0.000010 0.000010 0.000010 0.999960
108 108 (0) 1 : 0.000010 0.000010 0.000010 0.000010 0.999960
109 109 (0) 1 : 0.000010 0.000010 0.000010 0.000010 0.999960
110 110 (0) 1 : 0.000015 0.000010 0.000014 0.000010 0.999951
111 111 (0) 1 : 0.000010 0.000010 0.000010 0.000010 0.999960
112 112 (0) 1 : 0.000010 0.000010 0.000010 0.000010 0.999960
113 113 (0) 1 : 0.000010 0.000010 0.000010 0.000010 0.999960
114 114 (0) 1 : 0.000010 0.000010 0.999960 0.000010 0.000010
115 115 (0) 1 : 0.000010 0.000010 0.999960 0.000010 0.000010
116 116 (0) 1 : 0.000010 0.000010 0.999960 0.000010 0.000010
117 117 (0) 1 : 0.000010 0.000010 0.999960 0.000010 0.000010
118 118 (0) 1 : 0.000011 0.000010 0.999959 0.000010 0.000010
119 119 (0) 1 : 0.000010 0.000010 0.999960 0.000010 0.000010
120 120 (0) 1 : 0.000010 0.000010 0.999960 0.000010 0.000010
121 121 (0) 1 : 0.000010 0.000010 0.999960 0.000010 0.000010
1 1 (0) 1 : 0.000010 0.000010 0.000010 0.999960 0.000010
2 2 (0) 1 : 0.000010 0.000010 0.000015 0.999955 0.000010
3 3 (0) 1 : 0.000020 0.000010 0.000019 0.999942 0.000010
4 4 (0) 1 : 0.000010 0.000010 0.000010 0.999960 0.000010
5 5 (0) 1 : 0.000010 0.000010 0.000010 0.999960 0.000010
6 6 (0) 1 : 0.000010 0.000010 0.000010 0.999960 0.000010
7 7 (0) 1 : 0.000010 0.000010 0.000010 0.999960 0.000010
8 8 (0) 1 : 0.000017 0.000012 0.000010 0.999952 0.000010
9 9 (0) 1 : 0.000010 0.000010 0.000013 0.999957 0.000010
10 10 (0) 1 : 0.000018 0.000016 0.000010 0.999946 0.000010
11 11 (0) 1 : 0.000010 0.000010 0.000010 0.999960 0.000010
12 12 (0) 1 : 0.000013 0.000010 0.000015 0.999953 0.000010
13 13 (0) 1 : 0.000012 0.000010 0.000015 0.999953 0.000010
14 14 (0) 1 : 0.000010 0.000010 0.000010 0.999960 0.000010
15 15 (0) 1 : 0.000010 0.000010 0.000010 0.999960 0.000010
16 16 (0) 1 : 0.000010 0.000011 0.000010 0.999959 0.000010
17 17 (0) 1 : 0.000015 0.000010 0.000010 0.999955 0.000010
18 18 (0) 1 : 0.000010 0.000010 0.000015 0.999955 0.000010
19 19 (0) 1 : 0.000010 0.000010 0.000010 0.999960 0.000010
20 20 (0) 1 : 0.000016 0.000012 0.000011 0.999952 0.000010
21 21 (0) 1 : 0.000011 0.000019 0.000010 0.999951 0.000010
22 22 (0) 1 : 0.000013 0.000010 0.000020 0.999947 0.000010
23 23 (0) 1 : 0.000013 0.000014 0.000010 0.999953 0.000010
24 24 (0) 1 : 0.000010 0.000010 0.000016 0.999954 0.000010
25 25 (0) 1 : 0.000019 0.000010 0.000010 0.999951 0.000010
26 26 (0) 1 : 0.000010 0.000010 0.000010 0.999960 0.000010
27 27 (0) 1 : 0.000010 0.000014 0.000010 0.999956 0.000010
28 28 (0) 1 : 0.000010 0.000010 0.000010 0.999960 0.000010
29 29 (0) 1 : 0.000010 0.000010 0.000010 0.999960 0.000010
30 30 (0) 1 : 0.000010 0.000010 0.000010 0.999960 0.000010
31 31 (0) 1 : 0.000010 0.000012 0.000010 0.999958 0.000010
32 32 (0) 1 : 0.000017 0.000010 0.000010 0.999953 0.000010
33 33 (0) 1 : 0.000010 0.000013 0.000010 0.999957 0.000010
34 34 (0) 1 : 0.000010 0.000010 0.000010 0.999960 0.000010
35 35 (0) 1 : 0.000010 0.000011 0.000010 0.999959 0.000010
36 36 (0) 1 : 0.000010 0.000010 0.000010 0.000010 0.999960
37 37 (0) 1 : 0.000012 0.000010 0.000010 0.000010 0.999958
38 38 (0) 1 : 0.000010 0.000010 0.000010 0.000010 0.999960
39 39 (0) 1 : 0.000010 0.000018 0.000010 0.000010 0.999952
40 40 (0) 1 : 0.000010 0.000010 0.000010 0.000010 0.999960
41 41 (0) 1 : 0.000010 0.000019 0.000010 0.000010 0.999951
42 42 (0) 1 : 0.000010 0.000010 0.000010 0.000010 0.999960
43 43 (0) 1 : 0.000019 0.000010 0.000013 0.000010 0.999947
44 44 (0) 1 : 0.000010 0.000010 0.000010 0.000010 0.999960
45 45 (0) 1 : 0.000010 0.000010 0.000010 0.000010 0.999960
46 46 (0) 1 : 0.000010 0.000010 0.000010 0.000010 0.999960
47 47 (0) 1 : 0.000010 0.000010 0.000010 0.000010 0.999960
48 48 (0) 1 : 0.000010 0.000013 0.000010 0.000010 0.999957
49 49 (0) 1 : 0.000010 0.000010 0.000010 0.000010 0.999960
50 50 (0) 1 : 0.000019 0.000015 0.000010 0.000010 0.999946
51 51 (0) 1 : 0.000010 0.000019 0.000010 0.000010 0.999951
52 52 (0) 1 : 0.000010 0.000016 0.000010 0.000010 0.999954
53 53 (0) 1 : 0.000010 0.000010 0.000010 0.000010 0.999960
54 54 (0) 1 : 0.000010 0.000010 0.000015 0.000010 0.999955
55 55 (0) 1 : 0.000010 0.000010 0.000010 0.000010 0.999960
56 56 (0) 1 : 0.000010 0.000010 0.000010 0.000010 0.999960
57 57 (0) 1 : 0.000010 0.000017 0.000010 0.000010 0.999953
58 58 (0) 1 : 0.000017 0.000013 0.000010 0.000010 0.999950
59 59 (0) 1 : 0.000010 0.000010 0.000010 0.000010 0.999960
60 60 (0) 1 : 0.000010 0.000010 0.000010 0.000010 0.999960
61 61 (0) 1 : 0.000013 0.000017 0.000010 0.000010 0.999949
62 62 (0) 1 : 0.000015 0.000010 0.000010 0.000010 0.999955
63 63 (0) 1 : 0.000010 0.000010 0.000010 0.000010 0.999960
64 64 (0) 1 : 0.000010 0.000010 0.000017 0.000010 0.999953
65 65 (0) 1 : 0.000015 0.000012 0.000010 0.000010 0.999953
66 66 (0) 1 : 0.000012 0.000019 0.000010 0.000010 0.999949
67 67 (0) 1 : 0.000010 0.000013 0.000010 0.000010 0.999957
68 68 (0) 1 : 0.000010 0.000013 0.000013 0.000010 0.999954
69 69 (0) 1 : 0.000020 0.000010 0.000013 0.000010 0.999947
70 70 (0) 1 : 0.000019 0.000010 0.000016 0.000010 0.999945
71 71 (0) 1 : 0.000010 0.000010 0.000010 0.000010 0.999960
72 72 (0) 1 : 0.000010 0.000010 0.000010 0.000010 0.999960
73 73 (0) 1 : 0.000010 0.000010 0.000010 0.000010 0.999960
74 74 (0) 1 : 0.000010 0.000011 0.000010 0.000010 0.999959
75 75 (0) 1 : 0.000010 0.000010 0.000010 0.000010 0.999960
76 76 (0) 1 : 0.000010 0.000010 0.000010 0.000010 0.999960
77 77 (0) 1 : 0.000012 0.000010 0.000010 0.000010 0.999958
78 78 (0) 1 : 0.999952 0.000010 0.000018 0.000010 0.000010
79 79 (0) 1 : 0.999954 0.000014 0.000012 0.000010 0.000010
80 80 (0) 1 : 0.999960 0.000010 0.000010 0.000010 0.000010
81 81 (0) 1 : 0.999956 0.000010 0.000010 0.000014 0.000010
82 82 (0) 1 : 0.999947 0.000016 0.000018 0.000010 0.000010
83 83 (0) 1 : 0.999960 0.000010 0.000010 0.000010 0.000010
84 84 (0) 1 : 0.999960 0.000010 0.000010 0.000010 0.000010
85 85 (0) 1 : 0.999960 0.000010 0.000010 0.000010 0.000010
86 86 (0) 1 : 0.999957 0.000010 0.000012 0.000011 0.000010
87 87 (0) 1 : 0.999959 0.000010 0.000011 0.000010 0.000010
88 88 (0) 1 : 0.999960 0.000010 0.000010 0.000010 0.000010
89 89 (0) 1 : 0.999960 0.000010 0.000010 0.000010 0.000010
90 90 (0) 1 : 0.999955 0.000010 0.000010 0.000015 0.000010
91 91 (0) 1 : 0.999960 0.000010 0.000010 0.000010 0.000010
92 92 (0) 1 : 0.999949 0.000017 0.000014 0.000010 0.000010
93 93 (0) 1 : 0.999960 0.000010 0.000010 0.000010 0.000010
94 94 (0) 1 : 0.999960 0.000010 0.000010 0.000010 0.000010
95 95 (0) 1 : 0.999960 0.000010 0.000010 0.000010 0.000010
96 96 (0) 1 : 0.000010 0.000010 0.999960 0.000010 0.000010
97 97 (0) 1 : 0.000013 0.000014 0.999953 0.000010 0.000010
98 98 (0) 1 : 0.000011 0.000010 0.999959 0.000010 0.000010
99 99 (0) 1 : 0.000010 0.000010 0.999950 0.000020 0.000010
100 100 (0) 1 : 0.000012 0.000010 0.999955 0.000013 0.000010
101 101 (0) 1 : 0.000010 0.000010 0.999955 0.000015 0.000010
102 102 (0) 1 : 0.000015 0.000010 0.999951 0.000014 0.000010
103 103 (0) 1 : 0.000010 0.000015 0.999954 0.000010 0.000010
104 104 (0) 1 : 0.000010 0.000010 0.999952 0.000018 0.000010
105 105 (0) 1 : 0.000011 0.000010 0.999953 0.000016 0.000010
106 106 (0) 1 : 0.000019 0.000010 0.999950 0.000011 0.000010
107 107 (0) 1 : 0.000010 0.000011 0.999959 0.000010 0.000010
108 108 (0) 1 : 0.000010 0.000012 0.999958 0.000010 0.000010
109 109 (0) 1 : 0.000013 0.000019 0.999948 0.000010 0.000010
110 110 (0) 1 : 0.000013 0.000010 0.999957 0.000010 0.000010
111 111 (0) 1 : 0.000015 0.000010 0.999955 0.000010 0.000010
112 112 (0) 1 : 0.000010 0.000010 0.999960 0.000010 0.000010
113 113 (0) 1 : 0.000010 0.000010 0.999955 0.000015 0.000010
114 114 (0) 1 : 0.000010 0.999960 0.000010 0.000010 0.000010
115 115 (0) 1 : 0.000011 0.999959 0.000010 0.000010 0.000010
116 116 (0) 1 : 0.000018 0.999951 0.000011 0.000010 0.000010
117 117 (0) 1 : 0.000016 0.999954 0.000010 0.000010 0.000010
118 118 (0) 1 : 0.000010 0.999960 0.000010 0.000010 0.000010
119 119 (0) 1 : 0.000010 0.999959 0.000010 0.000011 0.000010
120 120 (0) 1 : 0.000010 0.999956 0.000010 0.000014 0.000010
121 121 (0) 1 : 0.000020 0.999950 0.000010 0.000010 0.000010
1 1 (0) 1 : 0.999953 0.000010 0.000010 0.000017 0.000010
2 2 (0) 1 : 0.999960 0.000010 0.000010 0.000010 0.000010
3 3 (0) 1 : 0.999960 0.000010 0.000010 0.000010 0.000010
4 4 (0) 1 : 0.999950 0.000014 0.000010 0.000015 0.000010
5 5 (0) 1 : 0.999951 0.000019 0.000010 0.000010 0.000010
6 6 (0) 1 : 0.999960 0.000010 0.000010 0.000010 0.000010
7 7 (0) 1 : 0.999948 0.000015 0.000017 0.000010 0.000010
8 8 (0) 1 : 0.999951 0.000010 0.000010 0.000019 0.000010
9 9 (0) 1 : 0.999952 0.000011 0.000010 0.000017 0.000010
10 10 (0) 1 : 0.999954 0.000010 0.000016 0.000010 0.000010
11 11 (0) 1 : 0.999960 0.000010 0.000010 0.000010 0.000010
12 12 (0) 1 : 0.999960 0.000010 0.000010 0.000010 0.000010
13 13 (0) 1 : 0.999954 0.000012 0.000010 0.000014 0.000010
14 14 (0) 1 : 0.999943 0.000010 0.000018 0.000020 0.000010
15 15 (0) 1 : 0.999946 0.000017 0.000010 0.000017 0.000010
16 16 (0) 1 : 0.999960 0.000010 0.000010 0.000010 0.000010
17 17 (0) 1 : 0.999956 0.000014 0.000010 0.000010 0.000010
18 18 (0) 1 : 0.999960 0.000010 0.000010 0.000010 0.000010
19 19 (0) 1 : 0.999960 0.000010 0.000010 0.000010 0.000010
20 20 (0) 1 : 0.999953 0.000010 0.000010 0.000017 0.000010
21 21 (0) 1 : 0.999960 0.000010 0.000010 0.000010 0.000010
22 22 (0) 1 : 0.999959 0.000010 0.000010 0.000011 0.000010
23 23 (0) 1 : 0.999949 0.000017 0.000010 0.000014 0.000010
24 24 (0) 1 : 0.999952 0.000018 0.000010 0.000010 0.000010
25 25 (0) 1 : 0.999950 0.000010 0.000019 0.000012 0.000010
26 26 (0) 1 : 0.999955 0.000010 0.000010 0.000015 0.000010
27 27 (0) 1 : 0.999960 0.000010 0.000010 0.000010 0.000010
28 28 (0) 1 : 0.999944 0.000013 0.000018 0.000015 0.000010
29 29 (0) 1 : 0.999947 0.000013 0.000010 0.000020 0.000010
30 30 (0) 1 : 0.999956 0.000014 0.000011 0.000010 0.000010
31 31 (0) 1 : 0.999953 0.000014 0.000013 0.000010 0.000010
32 32 (0) 1 : 0.999951 0.000010 0.000010 0.000019 0.000010
33 33 (0) 1 : 0.999953 0.000010 0.000010 0.000017 0.000010
34 34 (0) 1 : 0.999960 0.000010 0.000010 0.000010 0.000010
35 35 (0) 1 : 0.999955 0.000014 0.000011 0.000010 0.000010
36 36 (0) 1 : 0.000017 0.000012 0.000010 0.999951 0.000010
37 37 (0) 1 : 0.000018 0.000010 0.000010 0.999952 0.000010
38 38 (0) 1 : 0.000013 0.000010 0.000013 0.999954 0.000010
39 39 (0) 1 : 0.000010 0.000016 0.000010 0.999954 0.000010
40 40 (0) 1 : 0.000010 0.000010 0.000013 0.999957 0.000010
41 41 (0) 1 : 0.000010 0.000010 0.000010 0.999960 0.000010
42 42 (0) 1 : 0.000017 0.000010 0.000010 0.999953 0.000010
43 43 (0) 1 : 0.000015 0.000018 0.000010 0.999947 0.000010
44 44 (0) 1 : 0.000019 0.000015 0.000010 0.999946 0.000010
45 45 (0) 1 : 0.000017 0.000018 0.000010 0.999945 0.000010
46 46 (0) 1 : 0.000010 0.000010 0.000015 0.999955 0.000010
47 47 (0) 1 : 0.000010 0.000010 0.000016 0.999954 0.000010
48 48 (0) 1 : 0.000016 0.000010 0.000010 0.999954 0.000010
49 49 (0) 1 : 0.000017 0.000010 0.000011 0.999952 0.000010
50 50 (0) 1 : 0.000010 0.000010 0.000010 0.999960 0.000010
51 51 (0) 1 : 0.000010 0.000010 0.000013 0.999957 0.000010
52 52 (0) 1 : 0.000018 0.000010 0.000012 0.999950 0.000010
53 53 (0) 1 : 0.000010 0.000010 0.000010 0.999960 0.000010
54 54 (0) 1 : 0.000010 0.000010 0.000010 0.999960 0.000010
55 55 (0) 1 : 0.000016 0.000010 0.000010 0.999954 0.000010
56 56 (0) 1 : 0.000010 0.000010 0.000018 0.999952 0.000010
57 57 (0) 1 : 0.000010 0.000010 0.000016 0.999954 0.000010
58 58 (0) 1 : 0.000016 0.000010 0.000010 0.999954 0.000010
59 59 (0) 1 : 0.000019 0.000010 0.000015 0.999945 0.000010
60 60 (0) 1 : 0.000019 0.000010 0.000010 0.999951 0.000010
61 61 (0) 1 : 0.000012 0.000011 0.000010 0.999956 0.000010
62 62 (0) 1 : 0.000010 0.000010 0.000010 0.999960 0.000010
63 63 (0) 1 : 0.000018 0.000010 0.000010 0.999952 0.000010
64 64 (0) 1 : 0.000010 0.000018 0.000010 0.999952 0.000010
65 65 (0) 1 : 0.000010 0.000016 0.000010 0.999954 0.000010
66 66 (0) 1 : 0.000011 0.000015 0.000017 0.999946 0.000010
67 67 (0) 1 : 0.000018 0.000019 0.000010 0.999943 0.000010
68 68 (0) 1 : 0.000010 0.000010 0.000012 0.999958 0.000010
69 69 (0) 1 : 0.000010 0.000010 0.000013 0.999957 0.000010
70 70 (0) 1 : 0.000013 0.000015 0.000010 0.999952 0.000010
71 71 (0) 1 : 0.000010 0.000010 0.000016 0.999954 0.000010
72 72 (0) 1 : 0.000016 0.000010 0.000010 0.999954 0.000010
73 73 (0) 1 : 0.000010 0.000010 0.000010 0.999960 0.000010
74 74 (0) 1 : 0.000017 0.000010 0.000010 0.999953 0.000010
75 75 (0) 1 : 0.000010 0.000010 0.000010 0.999960 0.000010
76 76 (0) 1 : 0.000010 0.000017 0.000010 0.999953 0.000010
77 77 (0) 1 : 0.000010 0.000010 0.000010 0.999960 0.000010
78 78 (0) 1 : 0.000010 0.999960 0.000010 0.000010 0.000010
79 79 (0) 1 : 0.000010 0.999960 0.000010 0.000010 0.000010
80 80 (0) 1 : 0.000010 0.999960 0.000010 0.000010 0.000010
81 81 (0) 1 : 0.000010 0.999960 0.000010 0.000010 0.000010
82 82 (0) 1 : 0.000010 0.999960 0.000010 0.000010 0.000010
83 83 (0) 1 : 0.000010 0.999960 0.000010 0.000010 0.000010
84 84 (0) 1 : 0.000010 0.999960 0.000010 0.000010 0.000010
85 85 (0) 1 : 0.000010 0.999957 0.000010 0.000013 0.000010
86 86 (0) 1 : 0.000010 0.999960 0.000010 0.000010 0.000010
87 87 (0) 1 : 0.000010 0.999960 0.000010 0.000010 0.000010
88 88 (0) 1 : 0.000010 0.999960 0.000010 0.000010 0.000010
89 89 (0) 1 : 0.000010 0.999960 0.000010 0.000010 0.000010
90 90 (0) 1 : 0.000010 0.999960 0.000010 0.000010 0.000010
91 91 (0) 1 : 0.000012 0.999958 0.000010 0.000010 0.000010
92 92 (0) 1 : 0.000010 0.999960 0.000010 0.000010 0.000010
93 93 (0) 1 : 0.000010 0.999960 0.000010 0.000010 0.000010
94 94 (0) 1 : 0.000010 0.999960 0.000010 0.000010 0.000010
95 95 (0) 1 : 0.000010 0.999959 0.000010 0.000011 0.000010
96 96 (0) 1 : 0.000010 0.000010 0.000010 0.000010 0.999960
97 97 (0) 1 : 0.000010 0.000010 0.000010 0.000010 0.999960
98 98 (0) 1 : 0.000010 0.000010 0.000010 0.000010 0.999960
99 99 (0) 1 : 0.000010 0.000010 0.000010 0.000010 0.999960
100 100 (0) 1 : 0.000010 0.000010 0.000010 0.000010 0.999960
101 101 (0) 1 : 0.000010 0.000010 0.000010 0.000010 0.999960
102 102 (0) 1 : 0.000010 0.000010 0.000010 0.000010 0.999960
103 103 (0) 1 : 0.000010 0.000010 0.000010 0.000010 0.999960
104 104 (0) 1 : 0.000010 0.000010 0.000010 0.000010 0.999960
105 105 (0) 1 : 0.000010 0.000010 0.000010 0.000010 0.999960
106 106 (0) 1 : 0.000010 0.000010 0.000010 0.000010 0.999960
107 107 (0) 1 : 0.000010 0.000010 0.000010 0.000010 0.999960
108 108 (0) 1 : 0.000010 0.000010 0.000010 0.000010 0.999960
109 109 (0) 1 : 0.000010 0.000010 0.000010 0.000010 0.999960
110 110 (0) 1 : 0.000010 0.000010 0.000010 0.000010 0.999960
111 111 (0) 1 : 0.000010 0.000010 0.000010 0.000010 0.999960
112 112 (0) 1 : 0.000010 0.000010 0.000010 0.000010 0.999960
113 113 (0) 1 : 0.000010 0.000010 0.000010 0.000010 0.999960
114 114 (0) 1 : 0.000010 0.000010 0.999960 0.000010 0.000010
115 115 (0) 1 : 0.000010 0.000010 0.999960 0.000010 0.000010
116 116 (0) 1 : 0.000010 0.000010 0.999960 0.000010 0.000010
117 117 (0) 1 : 0.000010 0.000010 0.999960 0.000010 0.000010
118 118 (0) 1 : 0.000010 0.000010 0.999960 0.000010 0.000010
119 119 (0) 1 : 0.000010 0.000010 0.999960 0.000010 0.000010
120 120 (0) 1 : 0.000010 0.000010 0.999960 0.000010 0.000010
121 121 (0) 1 : 0.000010 0.000010 0.999960 0.000010 0.000010
1 1 (0) 1 : 0.999960 0.000010 0.000010 0.000010 0.000010
2 2 (0) 1 : 0.999960 0.000010 0.000010 0.000010 0.000010
3 3 (0) 1 : 0.999960 0.000010 0.000010 0.000010 0.000010
4 4 (0) 1 : 0.999960 0.000010 0.000010 0.000010 0.000010
5 5 (0) 1 : 0.999960 0.000010 0.000010 0.000010 0.000010
6 6 (0) 1 : 0.999960 0.000010 0.000010 0.000010 0.000010
7 7 (0) 1 : 0.999960 0.000010 0.000010 0.000010 0.000010
8 8 (0) 1 : 0.999960 0.000010 0.000010 0.000010 0.000010
9 9 (0) 1 : 0.999960 0.000010 0.000010 0.000010 0.000010
10 10 (0) 1 : 0.999960 0.000010 0.000010 0.000010 0.000010
11 11 (0) 1 : 0.999960 0.000010 0.000010 0.000010 0.000010
12 12 (0) 1 : 0.999960 0.000010 0.000010 0.000010 0.000010
13 13 (0) 1 : 0.999960 0.000010 0.000010 0.000010 0.000010
14 14 (0) 1 : 0.999960 0.000010 0.000010 0.000010 0.000010
15 15 (0) 1 : 0.999960 0.000010 0.000010 0.000010 0.000010
16 16 (0) 1 : 0.999960 0.000010 0.000010 0.000010 0.000010
17 17 (0) 1 : 0.999960 0.000010 0.000010 0.000010 0.000010
18 18 (0) 1 : 0.999960 0.000010 0.000010 0.000010 0.000010
19 19 (0) 1 : 0.999960 0.000010 0.000010 0.000010 0.000010
20 20 (0) 1 : 0.999960 0.000010 0.000010 0.000010 0.000010
21 21 (0) 1 : 0.999960 0.000010 0.000010 0.000010 0.000010
22 22 (0) 1 : 0.999960 0.000010 0.000010 0.000010 0.000010
23 23 (0) 1 : 0.999960 0.000010 0.000010 0.000010 0.000010
24 24 (0) 1 : 0.999960 0.000010 0.000010 0.000010 0.000010
25 25 (0) 1 : 0.999960 0.000010 0.000010 0.000010 0.000010
26 26 (0) 1 : 0.999960 0.000010 0.000010 0.000010 0.000010
27 27 (0) 1 : 0.999960 0.000010 0.000010 0.000010 0.000010
28 28 (0) 1 : 0.999960 0.000010 0.000010 0.000010 0.000010
29 29 (0) 1 : 0.999960 0.000010 0.000010 0.000010 0.000010
30 30 (0) 1 : 0.999960 0.000010 0.000010 0.000010 0.000010
31 31 (0) 1 : 0.999960 0.000010 0.000010 0.000010 0.000010
32 32 (0) 1 : 0.999960 0.000010 0.000010 0.000010 0.000010
33 33 (0) 1 : 0.999960 0.000010 0.000010 0.000010 0.000010
34 34 (0) 1 : 0.999960 0.000010 0.000010 0.000010 0.000010
35 35 (0) 1 : 0.999960 0.000010 0.000010 0.000010 0.000010
36 36 (0) 1 : 0.000010 0.000010 0.999960 0.000010 0.000010
37 37 (0) 1 : 0.000010 0.000013 0.999957 0.000010 0.000010
38 38 (0) 1 : 0.000010 0.000010 0.999960 0.000010 0.000010
39 39 (0) 1 : 0.000010 0.000010 0.999960 0.000010 0.000010
40 40 (0) 1 : 0.000010 0.000010 0.999960 0.000010 0.000010
41 41 (0) 1 : 0.000010 0.000010 0.999960 0.000010 0.000010
42 42 (0) 1 : 0.000010 0.000012 0.999958 0.000010 0.000010
43 43 (0) 1 : 0.000010 0.000010 0.999960 0.000010 0.000010
44 44 (0) 1 : 0.000010 0.000010 0.999960 0.000010 0.000010
45 45 (0) 1 : 0.000010 0.000010 0.999960 0.000010 0.000010
46 46 (0) 1 : 0.000010 0.000010 0.999960 0.000010 0.000010
47 47 (0) 1 : 0.000010 0.000010 0.999960 0.000010 0.000010
48 48 (0) 1 : 0.000010 0.000010 0.999960 0.000010 0.000010
49 49 (0) 1 : 0.000010 0.000010 0.999960 0.000010 0.000010
50 50 (0) 1 : 0.000010 0.000010 0.999960 0.000010 0.000010
51 51 (0) 1 : 0.000010 0.000010 0.999960 0.000010 0.000010
52 52 (0) 1 : 0.000010 0.000010 0.999960 0.000010 0.000010
53 53 (0) 1 : 0.000010 0.000010 0.999960 0.000010 0.000010
54 54 (0) 1 : 0.000010 0.000010 0.999960 0.000010 0.000010
55 55 (0) 1 : 0.000010 0.000010 0.999960 0.000010 0.000010
56 56 (0) 1 : 0.000010 0.000010 0.999960 0.000010 0.000010
57 57 (0) 1 : 0.000010 0.000010 0.999960 0.000010 0.000010
58 58 (0) 1 : 0.000010 0.000010 0.999960 0.000010 0.000010
59 59 (0) 1 : 0.000010 0.000010 0.999960 0.000010 0.000010
60 60 (0) 1 : 0.000012 0.000010 0.999958 0.000010 0.000010
61 61 (0) 1 : 0.000010 0.000010 0.999960 0.000010 0.000010
62 62 (0) 1 : 0.000010 0.000010 0.999960 0.000010 0.000010
63 63 (0) 1 : 0.000010 0.000010 0.999960 0.000010 0.000010
64 64 (0) 1 : 0.000010 0.000010 0.999960 0.000010 0.000010
65 65 (0) 1 : 0.000010 0.000015 0.999955 0.000010 0.000010
66 66 (0) 1 : 0.000010 0.000010 0.999960 0.000010 0.000010
67 67 (0) 1 : 0.000010 0.000010 0.999960 0.000010 0.000010
68 68 (0) 1 : 0.000010 0.000010 0.999960 0.000010 0.000010
69 69 (0) 1 : 0.000010 0.000010 0.999960 0.000010 0.000010
70 70 (0) 1 : 0.000010 0.000010 0.999960 0.000010 0.000010
71 71 (0) 1 : 0.000010 0.000010 0.999960 0.000010 0.000010
72 72 (0) 1 : 0.000010 0.000010 0.999960 0.000010 0.000010
73 73 (0) 1 : 0.000010 0.000010 0.999960 0.000010 0.000010
74 74 (0) 1 : 0.000010 0.000010 0.999960 0.000010 0.000010
75 75 (0) 1 : 0.000010 0.000010 0.999960 0.000010 0.000010
76 76 (0) 1 : 0.000010 0.000010 0.999960 0.000010 0.000010
77 77 (0) 1 : 0.000010 0.000010 0.999960 0.000010 0.000010
78 78 (0) 1 : 0.000010 0.000010 0.000010 0.000010 0.999960
79 79 (0) 1 : 0.000010 0.000010 0.000010 0.000010 0.999960
80 80 (0) 1 : 0.000010 0.000010 0.000010 0.000010 0.999960
81 81 (0) 1 : 0.000010 0.000010 0.000010 0.000010 0.999960
82 82 (0) 1 : 0.000010 0.000010 0.000010 0.000010 0.999960
83 83 (0) 1 : 0.000010 0.000010 0.000010 0.000010 0.999960
84 84 (0) 1 : 0.000010 0.000010 0.000010 0.000010 0.999960
85 85 (0) 1 : 0.000010 0.000010 0.000010 0.000010 0.999960
86 86 (0) 1 : 0.000010 0.000010 0.000010 0.000010 0.999960
87 87 (0) 1 : 0.000010 0.000010 0.000010 0.000010 0.999960
88 88 (0) 1 : 0.000010 0.000010 0.000010 0.000010 0.999960
89 89 (0) 1 : 0.000010 0.000010 0.000010 0.000010 0.999960
90 90 (0) 1 : 0.000010 0.000010 0.000010 0.000010 0.999960
91 91 (0) 1 : 0.000010 0.000010 0.000010 0.000010 0.999960
92 92 (0) 1 : 0.000010 0.000010 0.000010 0.000010 0.999960
93 93 (0) 1 : 0.000010 0.000010 0.000010 0.000010 0.999960
94 94 (0) 1 : 0.000010 0.000010 0.000010 0.000010 0.999960
95 95 (0) 1 : 0.000010 0.000010 0.000010 0.000010 0.999960
96 96 (0) 1 : 0.000010 0.999960 0.000010 0.000010 0.000010
97 97 (0) 1 : 0.000010 0.999960 0.000010 0.000010 0.000010
98 98 (0) 1 : 0.000010 0.999960 0.000010 0.000010 0.000010
99 99 (0) 1 : 0.000010 0.999960 0.000010 0.000010 0.000010
100 100 (0) 1 : 0.000010 0.999960 0.000010 0.000010 0.000010
101 101 (0) 1 : 0.000010 0.999960 0.000010 0.000010 0.000010
102 102 (0) 1 : 0.000010 0.999960 0.000010 0.000010 0.000010
103 103 (0) 1 : 0.000010 0.999960 0.000010 0.000010 0.000010
104 104 (0) 1 : 0.000010 0.999960 0.000010 0.000010 0.000010
105 105 (0) 1 : 0.000010 0.999960 0.000010 0.000010 0.000010
106 106 (0) 1 : 0.000010 0.999960 0.000010 0.000010 0.000010
107 107 (0) 1 : 0.000010 0.999960 0.000010 0.000010 0.000010
108 108 (0) 1 : 0.000010 0.999960 0.000010 0.000010 0.000010
109 109 (0) 1 : 0.000010 0.999960 0.000010 0.000010 0.000010
110 110 (0) 1 : 0.000010 0.999960 0.000010 0.000010 0.000010
111 111 (0) 1 : 0.000010 0.999960 0.000010 0.000010 0.000010
112 112 (0) 1 : 0.000010 0.999960 0.000010 0.000010 0.000010
113 113 (0) 1 : 0.000010 0.999960 0.000010 0.000010 0.000010
114 114 (0) 1 : 0.000010 0.000010 0.000010 0.999960 0.000010
115 115 (0) 1 : 0.000010 0.000010 0.000010 0.999960 0.000010
116 116 (0) 1 : 0.000010 0.000010 0.000010 0.999960 0.000010
117 117 (0) 1 : 0.000010 0.000010 0.000010 0.999960 0.000010
118 118 (0) 1 : 0.000010 0.000010 0.000010 0.999960 0.000010
119 119 (0) 1 : 0.000010 0.000010 0.000010 0.999960 0.000010
120 120 (0) 1 : 0.000010 0.000010 0.000010 0.999960 0.000010
121 121 (0) 1 : 0.000010 0.000010 0.000010 0.999960 0.000010
1 1 (0) 1 : 0.000010 0.000010 0.999960 0.000010 0.000010
2 2 (0) 1 : 0.000010 0.000010 0.999960 0.000010 0.000010
3 3 (0) 1 : 0.000010 0.000010 0.999960 0.000010 0.000010
4 4 (0) 1 : 0.000010 0.000010 0.999960 0.000010 0.000010
5 5 (0) 1 : 0.000010 0.000010 0.999960 0.000010 0.000010
6 6 (0) 1 : 0.000010 0.000010 0.999960 0.000010 0.000010
7 7 (0) 1 : 0.000010 0.000010 0.999960 0.000010 0.000010
8 8 (0) 1 : 0.000010 0.000010 0.999960 0.000010 0.000010
9 9 (0) 1 : 0.000010 0.000010 0.999960 0.000010 0.000010
10 10 (0) 1 : 0.000010 0.000010 0.999960 0.000010 0.000010
11 11 (0) 1 : 0.000010 0.000010 0.999960 0.000010 0.000010
12 12 (0) 1 : 0.000010 0.000010 0.999960 0.000010 0.000010
13 13 (0) 1 : 0.000010 0.000010 0.999960 0.000010 0.000010
14 14 (0) 1 : 0.000010 0.000010 0.999960 0.000010 0.000010
15 15 (0) 1 : 0.000010 0.000010 0.999960 0.000010 0.000010
16 16 (0) 1 : 0.000010 0.000010 0.999960 0.000010 0.000010
17 17 (0) 1 : 0.000010 0.000010 0.999960 0.000010 0.000010
18 18 (0) 1 : 0.000010 0.000010 0.999960 0.000010 0.000010
19 19 (0) 1 : 0.000010 0.000010 0.999960 0.000010 0.000010
20 20 (0) 1 : 0.000010 0.000010 0.999960 0.000010 0.000010
21 21 (0) 1 : 0.000010 0.000010 0.999960 0.000010 0.000010
22 22 (0) 1 : 0.000010 0.000010 0.999960 0.000010 0.000010
23 23 (0) 1 : 0.000010 0.000010 0.999960 0.000010 0.000010
24 24 (0) 1 : 0.000010 0.000010 0.999960 0.000010 0.000010
25 25 (0) 1 : 0.000010 0.000010 0.999960 0.000010 0.000010
26 26 (0) 1 : 0.000010 0.000012 0.999958 0.000010 0.000010
27 27 (0) 1 : 0.000010 0.000010 0.999960 0.000010 0.000010
28 28 (0) 1 : 0.000010 0.000010 0.999960 0.000010 0.000010
29 29 (0) 1 : 0.000010 0.000010 0.999960 0.000010 0.000010
30 30 (0) 1 : 0.000010 0.000010 0.999960 0.000010 0.000010
31 31 (0) 1 : 0.000010 0.000010 0.999960 0.000010 0.000010
32 32 (0) 1 : 0.000010 0.000012 0.999958 0.000010 0.000010
33 33 (0) 1 : 0.000010 0.000010 0.999960 0.000010 0.000010
34 34 (0) 1 : 0.000010 0.000010 0.999960 0.000010 0.000010
35 35 (0) 1 : 0.000010 0.000010 0.999960 0.000010 0.000010
36 36 (0) 1 : 0.999960 0.000010 0.000010 0.000010 0.000010
37 37 (0) 1 : 0.999960 0.000010 0.000010 0.000010 0.000010
38 38 (0) 1 : 0.999960 0.000010 0.000010 0.000010 0.000010
39 39 (0) 1 : 0.999960 0.000010 0.000010 0.000010 0.000010
40 40 (0) 1 : 0.999960 0.000010 0.000010 0.000010 0.000010
41 41 (0) 1 : 0.999960 0.000010 0.000010 0.000010 0.000010
42 42 (0) 1 : 0.999960 0.000010 0.000010 0.000010 0.000010
43 43 (0) 1 : 0.999960 0.000010 0.000010 0.000010 0.000010
44 44 (0) 1 : 0.999960 0.000010 0.000010 0.000010 0.000010
45 45 (0) 1 : 0.999960 0.000010 0.000010 0.000010 0.000010
46 46 (0) 1 : 0.999960 0.000010 0.000010 0.000010 0.000010
47 47 (0) 1 : 0.999960 0.000010 0.000010 0.000010 0.000010
48 48 (0) 1 : 0.999960 0.000010 0.000010 0.000010 0.000010
49 49 (0) 1 : 0.999960 0.000010 0.000010 0.000010 0.000010
50 50 (0) 1 : 0.999960 0.000010 0.000010 0.000010 0.000010
51 51 (0) 1 : 0.999960 0.000010 0.000010 0.000010 0.000010
52 52 (0) 1 : 0.999960 0.000010 0.000010 0.000010 0.000010
53 53 (0) 1 : 0.999960 0.000010 0.000010 0.000010 0.000010
54 54 (0) 1 : 0.999960 0.000010 0.000010 0.000010 0.000010
55 55 (0) 1 : 0.999960 0.000010 0.000010 0.000010 0.000010
56 56 (0) 1 : 0.999960 0.000010 0.000010 0.000010 0.000010
57 57 (0) 1 : 0.999960 0.000010 0.000010 0.000010 0.000010
58 58 (0) 1 : 0.999960 0.000010 0.000010 0.000010 0.000010
59 59 (0) 1 : 0.999960 0.000010 0.000010 0.000010 0.000010
60 60 (0) 1 : 0.999960 0.000010 0.000010 0.000010 0.000010
61 61 (0) 1 : 0.999960 0.000010 0.000010 0.000010 0.000010
62 62 (0) 1 : 0.999960 0.000010 0.000010 0.000010 0.000010
63 63 (0) 1 : 0.999954 0.000010 0.000016 0.000010 0.000010
64 64 (0) 1 : 0.999960 0.000010 0.000010 0.000010 0.000010
65 65 (0) 1 : 0.999960 0.000010 0.000010 0.000010 0.000010
66 66 (0) 1 : 0.999960 0.000010 0.000010 0.000010 0.000010
67 67 (0) 1 : 0.999960 0.000010 0.000010 0.000010 0.000010
68 68 (0) 1 : 0.999960 0.000010 0.000010 0.000010 0.000010
69 69 (0) 1 : 0.999960 0.000010 0.000010 0.000010 0.000010
70 70 (0) 1 : 0.999960 0.000010 0.000010 0.000010 0.000010
71 71 (0) 1 : 0.999960 0.000010 0.000010 0.000010 0.000010
72 72 (0) 1 : 0.999960 0.000010 0.000010 0.000010 0.000010
73 73 (0) 1 : 0.999960 0.000010 0.000010 0.000010 0.000010
74 74 (0) 1 : 0.999960 0.000010 0.000010 0.000010 0.000010
75 75 (0) 1 : 0.999960 0.000010 0.000010 0.000010 0.000010
76 76 (0) 1 : 0.999960 0.000010 0.000010 0.000010 0.000010
77 77 (0) 1 : 0.999960 0.000010 0.000010 0.000010 0.000010
78 78 (0) 1 : 0.000016 0.000010 0.000010 0.000010 0.999954
79 79 (0) 1 : 0.000010 0.000010 0.000010 0.000010 0.999960
80 80 (0) 1 : 0.000010 0.000010 0.000010 0.000010 0.999960
81 81 (0) 1 : 0.000010 0.000010 0.000010 0.000010 0.999960
82 82 (0) 1 : 0.000010 0.000011 0.000018 0.000010 0.999951
83 83 (0) 1 : 0.000010 0.000010 0.000010 0.000010 0.999960
84 84 (0) 1 : 0.000010 0.000010 0.000010 0.000010 0.999960
85 85 (0) 1 : 0.000010 0.000010 0.000010 0.000010 0.999960
86 86 (0) 1 : 0.000010 0.000010 0.000010 0.000010 0.999960
87 87 (0) 1 : 0.000010 0.000010 0.000010 0.000010 0.999960
88 88 (0) 1 : 0.000010 0.000010 0.000010 0.000010 0.999960
89 89 (0) 1 : 0.000011 0.000010 0.000010 0.000010 0.999959
90 90 (0) 1 : 0.000011 0.000010 0.000010 0.000010 0.999959
91 91 (0) 1 : 0.000010 0.000019 0.000010 0.000010 0.999951
92 92 (0) 1 : 0.000010 0.000010 0.000010 0.000010 0.999960
93 93 (0) 1 : 0.000010 0.000010 0.000010 0.000010 0.999960
94 94 (0) 1 : 0.000010 0.000010 0.000010 0.000010 0.999960
95 95 (0) 1 : 0.000010 0.000010 0.000010 0.000010 0.999960
96 96 (0) 1 : 0.000010 0.000010 0.000010 0.999960 0.000010
97 97 (0) 1 : 0.000010 0.000010 0.000010 0.999960 0.000010
98 98 (0) 1 : 0.000010 0.000010 0.000010 0.999960 0.000010
99 99 (0) 1 : 0.000010 0.000010 0.000010 0.999960 0.000010
100 100 (0) 1 : 0.000010 0.000010 0.000010 0.999960 0.000010
101 101 (0) 1 : 0.000010 0.000010 0.000010 0.999960 0.000010
102 102 (0) 1 : 0.000010 0.000010 0.000010 0.999960 0.000010
103 103 (0) 1 : 0.000010 0.000010 0.000010 0.999960 0.000010
104 104 (0) 1 : 0.000010 0.000010 0.000010 0.999960 0.000010
105 105 (0) 1 : 0.000010 0.000010 0.000010 0.999960 0.000010
106 106 (0) 1 : 0.000010 0.000010 0.000010 0.999960 0.000010
107 107 (0) 1 : 0.000010 0.000010 0.000010 0.999960 0.000010
108 108 (0) 1 : 0.000010 0.000010 0.000010 0.999960 0.000010
109 109 (0) 1 : 0.000010 0.000010 0.000010 0.999960 0.000010
110 110 (0) 1 : 0.000010 0.000010 0.000010 0.999960 0.000010
111 111 (0) 1 : 0.000010 0.000010 0.000010 0.999960 0.000010
112 112 (0) 1 : 0.000010 0.000010 0.000010 0.999960 0.000010
113 113 (0) 1 : 0.000010 0.000010 0.000010 0.999960 0.000010
114 114 (0) 1 : 0.000010 0.999960 0.000010 0.000010 0.000010
115 115 (0) 1 : 0.000010 0.999960 0.000010 0.000010 0.000010
116 116 (0) 1 : 0.000010 0.999960 0.000010 0.000010 0.000010
117 117 (0) 1 : 0.000010 0.999960 0.000010 0.000010 0.000010
118 118 (0) 1 : 0.000010 0.999960 0.000010 0.000010 0.000010
119 119 (0) 1 : 0.000010 0.999960 0.000010 0.000010 0.000010
120 120 (0) 1 : 0.000010 0.999960 0.000010 0.000010 0.000010
121 121 (0) 1 : 0.000010 0.999956 0.000014 0.000010 0.000010
1 1 (0) 1 : 0.000010 0.000010 0.000010 0.000010 0.999960
2 2 (0) 1 : 0.000010 0.000010 0.000010 0.000010 0.999960
3 3 (0) 1 : 0.000010 0.000010 0.000010 0.000010 0.999960
4 4 (0) 1 : 0.000010 0.000010 0.000010 0.000010 0.999960
5 5 (0) 1 : 0.000010 0.000010 0.000010 0.000010 0.999960
6 6 (0) 1 : 0.000010 0.000010 0.000010 0.000010 0.999960
7 7 (0) 1 : 0.000010 0.000010 0.000010 0.000010 0.999960
8 8 (0) 1 : 0.000010 0.000010 0.000010 0.000010 0.999960
9 9 (0) 1 : 0.000010 0.000010 0.000010 0.000010 0.999960
10 10 (0) 1 : 0.000010 0.000010 0.000010 0.000010 0.999960
11 11 (0) 1 : 0.000010 0.000010 0.000010 0.000010 0.999960
12 12 (0) 1 : 0.000011 0.000010 0.000010 0.000010 0.999959
13 13 (0) 1 : 0.000010 0.000010 0.000010 0.000010 0.999960
14 14 (0) 1 : 0.000010 0.000010 0.000010 0.000010 0.999960
15 15 (0) 1 : 0.000010 0.000010 0.000010 0.000010 0.999960
16 16 (0) 1 : 0.000010 0.000010 0.000010 0.000010 0.999960
17 17 (0) 1 : 0.000010 0.000010 0.000010 0.000010 0.999960
18 18 (0) 1 : 0.000010 0.000010 0.000010 0.000010 0.999960
19 19 (0) 1 : 0.000010 0.000010 0.000010 0.000010 0.999960
20 20 (0) 1 : 0.000010 0.000010 0.000010 0.000010 0.999960
21 21 (0) 1 : 0.000010 0.000010 0.000010 0.000010 0.999960
22 22 (0) 1 : 0.000010 0.000010 0.000010 0.000010 0.999960
23 23 (0) 1 : 0.000010 0.000010 0.000010 0.000010 0.999960
24 24 (0) 1 : 0.000010 0.000010 0.000010 0.000010 0.999960
25 25 (0) 1 : 0.000010 0.000010 0.000010 0.000010 0.999960
26 26 (0) 1 : 0.000010 0.000010 0.000010 0.000010 0.999960
27 27 (0) 1 : 0.000010 0.000010 0.000010 0.000010 0.999960
28 28 (0) 1 : 0.000010 0.000010 0.000010 0.000010 0.999960
29 29 (0) 1 : 0.000010 0.000010 0.000010 0.000010 0.999960
30 30 (0) 1 : 0.000010 0.000010 0.000010 0.000010 0.999960
31 31 (0) 1 : 0.000010 0.000010 0.000010 0.000010 0.999960
32 32 (0) 1 : 0.000010 0.000010 0.000010 0.000010 0.999960
33 33 (0) 1 : 0.000010 0.000010 0.000010 0.000010 0.999960
34 34 (0) 1 : 0.000010 0.000010 0.000010 0.000010 0.999960
35 35 (0) 1 : 0.000010 0.000010 0.000010 0.000010 0.999960
36 36 (0) 1 : 0.000010 0.000010 0.999960 0.000010 0.000010
37 37 (0) 1 : 0.000010 0.000010 0.999960 0.000010 0.000010
38 38 (0) 1 : 0.000010 0.000010 0.999960 0.000010 0.000010
39 39 (0) 1 : 0.000010 0.000010 0.999960 0.000010 0.000010
40 40 (0) 1 : 0.000010 0.000010 0.999960 0.000010 0.000010
41 41 (0) 1 : 0.000010 0.000010 0.999960 0.000010 0.000010
42 42 (0) 1 : 0.000010 0.000010 0.999960 0.000010 0.000010
43 43 (0) 1 : 0.000010 0.000010 0.999960 0.000010 0.000010
44 44 (0) 1 : 0.000010 0.000010 0.999960 0.000010 0.000010
45 45 (0) 1 : 0.000010 0.000010 0.999960 0.000010 0.000010
46 46 (0) 1 : 0.000010 0.000010 0.999960 0.000010 0.000010
47 47 (0) 1 : 0.000010 0.000010 0.999960 0.000010 0.000010
48 48 (0) 1 : 0.000010 0.000010 0.999960 0.000010 0.000010
49 49 (0) 1 : 0.000010 0.000010 0.999960 0.000010 0.000010
50 50 (0) 1 : 0.000010 0.000010 0.999960 0.000010 0.000010
51 51 (0) 1 : 0.000010 0.000010 0.999960 0.000010 0.000010
52 52 (0) 1 : 0.000010 0.000010 0.999960 0.000010 0.000010
53 53 (0) 1 : 0.000010 0.000012 0.999958 0.000010 0.000010
54 54 (0) 1 : 0.000010 0.000010 0.999960 0.000010 0.000010
55 55 (0) 1 : 0.000010 0.000010 0.999960 0.000010 0.000010
56 56 (0) 1 : 0.000010 0.000010 0.999960 0.000010 0.000010
57 57 (0) 1 : 0.000010 0.000010 0.999960 0.000010 0.000010
58 58 (0) 1 : 0.000010 0.000010 0.999960 0.000010 0.000010
59 59 (0) 1 : 0.000010 0.000010 0.999960 0.000010 0.000010
60 60 (0) 1 : 0.000010 0.000010 0.999960 0.000010 0.000010
61 61 (0) 1 : 0.000010 0.000010 0.999960 0.000010 0.000010
62 62 (0) 1 : 0.000010 0.000010 0.999960 0.000010 0.000010
63 63 (0) 1 : 0.000010 0.000010 0.999960 0.000010 0.000010
64 64 (0) 1 : 0.000010 0.000010 0.999960 0.000010 0.000010
65 65 (0) 1 : 0.000010 0.000010 0.999960 0.000010 0.000010
66 66 (0) 1 : 0.000010 0.000010 0.999960 0.000010 0.000010
67 67 (0) 1 : 0.000010 0.000010 0.999960 0.000010 0.000010
68 68 (0) 1 : 0.000010 0.000010 0.999960 0.000010 0.000010
69 69 (0) 1 : 0.000010 0.000010 0.999960 0.000010 0.000010
70 70 (0) 1 : 0.000010 0.000010 0.999960 0.000010 0.000010
71 71 (0) 1 : 0.000010 0.000010 0.999960 0.000010 0.000010
72 72 (0) 1 : 0.000010 0.000010 0.999960 0.000010 0.000010
73 73 (0) 1 : 0.000010 0.000010 0.999960 0.000010 0.000010
74 74 (0) 1 : 0.000010 0.000010 0.999960 0.000010 0.000010
75 75 (0) 1 : 0.000010 0.000010 0.999960 0.000010 0.000010
76 76 (0) 1 : 0.000010 0.000010 0.999960 0.000010 0.000010
77 77 (0) 1 : 0.000010 0.000010 0.999960 0.000010 0.000010
78 78 (0) 1 : 0.000010 0.000012 0.000010 0.999958 0.000010
79 79 (0) 1 : 0.000010 0.000010 0.000010 0.999960 0.000010
80 80 (0) 1 : 0.000010 0.000010 0.000010 0.999960 0.000010
81 81 (0) 1 : 0.000010 0.000010 0.000010 0.999960 0.000010
82 82 (0) 1 : 0.000015 0.000016 0.000010 0.999949 0.000010
83 83 (0) 1 : 0.000010 0.000010 0.000010 0.999960 0.000010
84 84 (0) 1 : 0.000010 0.000010 0.000010 0.999960 0.000010
85 85 (0) 1 : 0.000010 0.000010 0.000010 0.999960 0.000010
86 86 (0) 1 : 0.000010 0.000010 0.000010 0.999960 0.000010
87 87 (0) 1 : 0.000010 0.000010 0.000010 0.999960 0.000010
88 88 (0) 1 : 0.000010 0.000016 0.000010 0.999954 0.000010
89 89 (0) 1 : 0.000010 0.000010 0.000010 0.999960 0.000010
90 90 (0) 1 : 0.000010 0.000010 0.000010 0.999960 0.000010
91 91 (0) 1 : 0.000010 0.000018 0.000010 0.999952 0.000010
92 92 (0) 1 : 0.000010 0.000010 0.000010 0.999960 0.000010
93 93 (0) 1 : 0.000010 0.000010 0.000010 0.999960 0.000010
94 94 (0) 1 : 0.000010 0.000010 0.000010 0.999960 0.000010
95 95 (0) 1 : 0.000010 0.000011 0.000010 0.999959 0.000010
96 96 (0) 1 : 0.999958 0.000012 0.000010 0.000010 0.000010
97 97 (0) 1 : 0.999960 0.000010 0.000010 0.000010 0.000010
98 98 (0) 1 : 0.999960 0.000010 0.000010 0.000010 0.000010
99 99 (0) 1 : 0.999960 0.000010 0.000010 0.000010 0.000010
100 100 (0) 1 : 0.999960 0.000010 0.000010 0.000010 0.000010
101 101 (0) 1 : 0.999960 0.000010 0.000010 0.000010 0.000010
102 102 (0) 1 : 0.999960 0.000010 0.000010 0.000010 0.000010
103 103 (0) 1 : 0.999960 0.000010 0.000010 0.000010 0.000010
104 104 (0) 1 : 0.999958 0.000012 0.000010 0.000010 0.000010
105 105 (0) 1 : 0.999960 0.000010 0.000010 0.000010 0.000010
106 106 (0) 1 : 0.999960 0.000010 0.000010 0.000010 0.000010
107 107 (0) 1 : 0.999960 0.000010 0.000010 0.000010 0.000010
108 108 (0) 1 : 0.999960 0.000010 0.000010 0.000010 0.000010
109 109 (0) 1 : 0.999960 0.000010 0.000010 0.000010 0.000010
110 110 (0) 1 : 0.999960 0.000010 0.000010 0.000010 0.000010
111 111 (0) 1 : 0.999960 0.000010 0.000010 0.000010 0.000010
112 112 (0) 1 : 0.999960 0.000010 0.000010 0.000010 0.000010
113 113 (0) 1 : 0.999960 0.000010 0.000010 0.000010 0.000010
114 114 (0) 1 : 0.000010 0.999960 0.000010 0.000010 0.000010
115 115 (0) 1 : 0.000010 0.999958 0.000010 0.000012 0.000010
116 116 (0) 1 : 0.000010 0.999960 0.000010 0.000010 0.000010
117 117 (0) 1 : 0.000010 0.999960 0.000010 0.000010 0.000010
118 118 (0) 1 : 0.000010 0.999960 0.000010 0.000010 0.000010
119 119 (0) 1 : 0.000010 0.999955 0.000010 0.000015 0.000010
120 120 (0) 1 : 0.000010 0.999960 0.000010 0.000010 0.000010
121 121 (0) 1 : 0.000010 0.999960 0.000010 0.000010 0.000010
1 1 (0) 1 : 0.999960 0.000010 0.000010 0.000010 0.000010
2 2 (0) 1 : 0.999950 0.000012 0.000010 0.000018 0.000010
3 3 (0) 1 : 0.999960 0.000010 0.000010 0.000010 0.000010
4 4 (0) 1 : 0.999957 0.000013 0.000010 0.000010 0.000010
5 5 (0) 1 : 0.999955 0.000010 0.000015 0.000010 0.000010
6 6 (0) 1 : 0.999955 0.000015 0.000010 0.000010 0.000010
7 7 (0) 1 : 0.999953 0.000017 0.000010 0.000010 0.000010
8 8 (0) 1 : 0.999954 0.000016 0.000010 0.000010 0.000010
9 9 (0) 1 : 0.999960 0.000010 0.000010 0.000010 0.000010
10 10 (0) 1 : 0.999953 0.000017 0.000010 0.000010 0.000010
11 11 (0) 1 : 0.999960 0.000010 0.000010 0.000010 0.000010
12 12 (0) 1 : 0.999960 0.000010 0.000010 0.000010 0.000010
13 13 (0) 1 : 0.999960 0.000010 0.000010 0.000010 0.000010
14 14 (0) 1 : 0.999957 0.000010 0.000010 0.000013 0.000010
15 15 (0) 1 : 0.999952 0.000017 0.000010 0.000010 0.000010
16 16 (0) 1 : 0.999953 0.000017 0.000010 0.000010 0.000010
17 17 (0) 1 : 0.999960 0.000010 0.000010 0.000010 0.000010
18 18 (0) 1 : 0.999955 0.000015 0.000010 0.000010 0.000010
19 19 (0) 1 : 0.999959 0.000010 0.000010 0.000011 0.000010
20 20 (0) 1 : 0.999960 0.000010 0.000010 0.000010 0.000010
21 21 (0) 1 : 0.999960 0.000010 0.000010 0.000010 0.000010
22 22 (0) 1 : 0.999950 0.000013 0.000010 0.000017 0.000010
23 23 (0) 1 : 0.999960 0.000010 0.000010 0.000010 0.000010
24 24 (0) 1 : 0.999949 0.000015 0.000010 0.000016 0.000010
25 25 (0) 1 : 0.999945 0.000020 0.000010 0.000015 0.000010
26 26 (0) 1 : 0.999960 0.000010 0.000010 0.000010 0.000010
27 27 (0) 1 : 0.999960 0.000010 0.000010 0.000010 0.000010
28 28 (0) 1 : 0.999954 0.000016 0.000010 0.000010 0.000010
29 29 (0) 1 : 0.999960 0.000010 0.000010 0.000010 0.000010
30 30 (0) 1 : 0.999957 0.000013 0.000010 0.000010 0.000010
31 31 (0) 1 : 0.999960 0.000010 0.000010 0.000010 0.000010
32 32 (0) 1 : 0.999954 0.000016 0.000010 0.000010 0.000010
33 33 (0) 1 : 0.999960 0.000010 0.000010 0.000010 0.000010
34 34 (0) 1 : 0.999950 0.000020 0.000010 0.000010 0.000010
35 35 (0) 1 : 0.999960 0.000010 0.000010 0.000010 0.000010
36 36 (0) 1 : 0.000014 0.999950 0.000013 0.000013 0.000010
37 37 (0) 1 : 0.000017 0.999953 0.000010 0.000010 0.000010
38 38 (0) 1 : 0.000016 0.999948 0.000012 0.000015 0.000010
39 39 (0) 1 : 0.000019 0.999951 0.000010 0.000010 0.000010
40 40 (0) 1 : 0.000019 0.999946 0.000015 0.000010 0.000010
41 41 (0) 1 : 0.000010 0.999951 0.000011 0.000018 0.000010
42 42 (0) 1 : 0.000010 0.999953 0.000017 0.000010 0.000010
43 43 (0) 1 : 0.000010 0.999960 0.000010 0.000010 0.000010
44 44 (0) 1 : 0.000016 0.999954 0.000010 0.000010 0.000010
45 45 (0) 1 : 0.000018 0.999940 0.000016 0.000016 0.000010
46 46 (0) 1 : 0.000010 0.999957 0.000013 0.000010 0.000010
47 47 (0) 1 : 0.000010 0.999959 0.000011 0.000010 0.000010
48 48 (0) 1 : 0.000010 0.999960 0.000010 0.000010 0.000010
49 49 (0) 1 : 0.000020 0.999943 0.000018 0.000010 0.000010
50 50 (0) 1 : 0.000010 0.999952 0.000018 0.000010 0.000010
51 51 (0) 1 : 0.000015 0.999953 0.000012 0.000010 0.000010
52 52 (0) 1 : 0.000016 0.999954 0.000010 0.000010 0.000010
53 53 (0) 1 : 0.000020 0.999941 0.000019 0.000010 0.000010
54 54 (0) 1 : 0.000010 0.999959 0.000011 0.000010 0.000010
55 55 (0) 1 : 0.000010 0.999947 0.000017 0.000016 0.000010
56 56 (0) 1 : 0.000014 0.999956 0.000010 0.000010 0.000010
57 57 (0) 1 : 0.000010 0.999952 0.000010 0.000018 0.000010
58 58 (0) 1 : 0.000019 0.999951 0.000010 0.000010 0.000010
59 59 (0) 1 : 0.000014 0.999956 0.000010 0.000010 0.000010
60 60 (0) 1 : 0.000010 0.999954 0.000016 0.000010 0.000010
61 61 (0) 1 : 0.000010 0.999952 0.000010 0.000018 0.000010
62 62 (0) 1 : 0.000010 0.999960 0.000010 0.000010 0.000010
63 63 (0) 1 : 0.000010 0.999960 0.000010 0.000010 0.000010
64 64 (0) 1 : 0.000010 0.999960 0.000010 0.000010 0.000010
65 65 (0) 1 : 0.000010 0.999955 0.000010 0.000015 0.000010
66 66 (0) 1 : 0.000010 0.999952 0.000018 0.000010 0.000010
67 67 (0) 1 : 0.000015 0.999955 0.000010 0.000010 0.000010
68 68 (0) 1 : 0.000010 0.999951 0.000019 0.000010 0.000010
69 69 (0) 1 : 0.000016 0.999947 0.000017 0.000010 0.000010
70 70 (0) 1 : 0.000010 0.999959 0.000011 0.000010 0.000010
71 71 (0) 1 : 0.000010 0.999959 0.000011 0.000010 0.000010
72 72 (0) 1 : 0.000015 0.999942 0.000018 0.000015 0.000010
73 73 (0) 1 : 0.000010 0.999947 0.000018 0.000015 0.000010
74 74 (0) 1 : 0.000010 0.999960 0.000010 0.000010 0.000010
75 75 (0) 1 : 0.000010 0.999952 0.000012 0.000016 0.000010
76 76 (0) 1 : 0.000010 0.999956 0.000014 0.000010 0.000010
77 77 (0) 1 : 0.000010 0.999954 0.000011 0.000015 0.000010
78 78 (0) 1 : 0.000010 0.000010 0.000010 0.999960 0.000010
79 79 (0) 1 : 0.000010 0.000010 0.000019 0.999951 0.000010
80 80 (0) 1 : 0.000010 0.000010 0.000010 0.999960 0.000010
81 81 (0) 1 : 0.000010 0.000010 0.000010 0.999960 0.000010
82 82 (0) 1 : 0.000010 0.000010 0.000010 0.999960 0.000010
83 83 (0) 1 : 0.000010 0.000010 0.000010 0.999960 0.000010
84 84 (0) 1 : 0.000010 0.000013 0.000010 0.999957 0.000010
85 85 (0) 1 : 0.000010 0.000010 0.000012 0.999958 0.000010
86 86 (0) 1 : 0.000010 0.000017 0.000010 0.999953 0.000010
87 87 (0) 1 : 0.000019 0.000017 0.000010 0.999945 0.000010
88 88 (0) 1 : 0.000010 0.000010 0.000010 0.999960 0.000010
89 89 (0) 1 : 0.000010 0.000010 0.000010 0.999960 0.000010
90 90 (0) 1 : 0.000010 0.000010 0.000010 0.999960 0.000010
91 91 (0) 1 : 0.000010 0.000010 0.000010 0.999960 0.000010
92 92 (0) 1 : 0.000010 0.000010 0.000010 0.999960 0.000010
93 93 (0) 1 : 0.000010 0.000010 0.000010 0.999960 0.000010
94 94 (0) 1 : 0.000010 0.000010 0.000010 0.999960 0.000010
95 95 (0) 1 : 0.000010 0.000010 0.000010 0.999960 0.000010
96 96 (0) 1 : 0.000010 0.000010 0.555225 0.000010 0.444745
97 97 (0) 1 : 0.000010 0.000010 0.404085 0.000010 0.595885
98 98 (0) 1 : 0.000010 0.000010 0.000010 0.000010 0.999960
99 99 (0) 1 : 0.000010 0.000010 0.397830 0.000010 0.602140
100 100 (0) 1 : 0.000010 0.000018 0.000010 0.000010 0.999952
101 101 (0) 1 : 0.000010 0.000015 0.174489 0.000010 0.825476
102 102 (0) 1 : 0.000010 0.000010 0.485193 0.000010 0.514777
103 103 (0) 1 : 0.000010 0.000010 0.114665 0.000010 0.885305
104 104 (0) 1 : 0.000010 0.000010 0.386830 0.000010 0.613140
105 105 (0) 1 : 0.000010 0.000010 0.999960 0.000010 0.000010
106 106 (0) 1 : 0.000010 0.000010 0.000010 0.000010 0.999960
107 107 (0) 1 : 0.000010 0.000010 0.999960 0.000010 0.000010
108 108 (0) 1 : 0.000010 0.000018 0.276175 0.000010 0.723787
109 109 (0) 1 : 0.000010 0.000010 0.112483 0.000010 0.887486
110 110 (0) 1 : 0.000010 0.000010 0.000010 0.000010 0.999960
111 111 (0) 1 : 0.000010 0.000010 0.000010 0.000010 0.999960
112 112 (0) 1 : 0.000010 0.000010 0.000010 0.000010 0.999960
113 113 (0) 1 : 0.000010 0.000018 0.999952 0.000010 0.000010
114 114 (0) 1 : 0.386449 0.000010 0.000010 0.613521 0.000010
115 115 (0) 1 : 0.394619 0.000010 0.000010 0.605351 0.000010
116 116 (0) 1 : 0.385256 0.000010 0.000010 0.614714 0.000010
117 117 (0) 1 : 0.385823 0.000010 0.000010 0.614147 0.000010
118 118 (0) 1 : 0.382894 0.000010 0.000010 0.617076 0.000010
119 119 (0) 1 : 0.393315 0.000010 0.000010 0.606655 0.000010
120 120 (0) 1 : 0.399131 0.000010 0.000010 0.600839 0.000010
121 121 (0) 1 : 0.390124 0.000010 0.000010 0.609846 0.000010
1 1 (0) 1 : 0.000010 0.000010 0.000010 0.999960 0.000010
2 2 (0) 1 : 0.000010 0.000010 0.000010 0.999960 0.000010
3 3 (0) 1 : 0.000010 0.000010 0.000010 0.999960 0.000010
4 4 (0) 1 : 0.000010 0.000010 0.000010 0.999960 0.000010
5 5 (0) 1 : 0.000010 0.000010 0.000010 0.999960 0.000010
6 6 (0) 1 : 0.000010 0.000010 0.000010 0.999960 0.000010
7 7 (0) 1 : 0.000010 0.000010 0.000010 0.999960 0.000010
8 8 (0) 1 : 0.000010 0.000010 0.000010 0.999960 0.000010
9 9 (0) 1 : 0.000010 0.000010 0.000010 0.999960 0.000010
10 10 (0) 1 : 0.000010 0.000010 0.000010 0.999960 0.000010
11 11 (0) 1 : 0.000010 0.000010 0.000010 0.999960 0.000010
12 12 (0) 1 : 0.000010 0.000010 0.000010 0.999960 0.000010
13 13 (0) 1 : 0.000010 0.000010 0.000010 0.999960 0.000010
14 14 (0) 1 : 0.000010 0.000010 0.000010 0.999960 0.000010
15 15 (0) 1 : 0.000011 0.000010 0.000010 0.999959 0.000010
16 16 (0) 1 : 0.000010 0.000020 0.000010 0.999950 0.000010
17 17 (0) 1 : 0.000010 0.000010 0.000010 0.999960 0.000010
18 18 (0) 1 : 0.000010 0.000010 0.000010 0.999960 0.000010
19 19 (0) 1 : 0.000010 0.000010 0.000010 0.999960 0.000010
20 20 (0) 1 : 0.000010 0.000010 0.000010 0.999960 0.000010
21 21 (0) 1 : 0.000010 0.000010 0.000010 0.999960 0.000010
22 22 (0) 1 : 0.000018 0.000010 0.000010 0.999952 0.000010
23 23 (0) 1 : 0.000018 0.000010 0.000010 0.999952 0.000010
24 24 (0) 1 : 0.000010 0.000010 0.000010 0.999960 0.000010
25 25 (0) 1 : 0.000018 0.000010 0.000010 0.999952 0.000010
26 26 (0) 1 : 0.000010 0.000010 0.000010 0.999960 0.000010
27 27 (0) 1 : 0.000010 0.000010 0.000010 0.999960 0.000010
28 28 (0) 1 : 0.000010 0.000010 0.000010 0.999960 0.000010
29 29 (0) 1 : 0.000010 0.000010 0.000010 0.999960 0.000010
30 30 (0) 1 : 0.000010 0.000010 0.000010 0.999960 0.000010
31 31 (0) 1 : 0.000010 0.000010 0.000010 0.999960 0.000010
32 32 (0) 1 : 0.000010 0.000010 0.000010 0.999960 0.000010
33 33 (0) 1 : 0.000015 0.000010 0.000010 0.999955 0.000010
34 34 (0) 1 : 0.000010 0.000010 0.000010 0.999960 0.000010
35 35 (0) 1 : 0.000010 0.000010 0.000010 0.999960 0.000010
36 36 (0) 1 : 0.000010 0.999960 0.000010 0.000010 0.000010
37 37 (0) 1 : 0.000010 0.999960 0.000010 0.000010 0.000010
38 38 (0) 1 : 0.000010 0.999960 0.000010 0.000010 0.000010
39 39 (0) 1 : 0.000010 0.999960 0.000010 0.000010 0.000010
40 40 (0) 1 : 0.000010 0.999960 0.000010 0.000010 0.000010
41 41 (0) 1 : 0.000010 0.999960 0.000010 0.000010 0.000010
42 42 (0) 1 : 0.000010 0.999960 0.000010 0.000010 0.000010
43 43 (0) 1 : 0.000010 0.999960 0.000010 0.000010 0.000010
44 44 (0) 1 : 0.000010 0.999960 0.000010 0.000010 0.000010
45 45 (0) 1 : 0.000010 0.999960 0.000010 0.000010 0.000010
46 46 (0) 1 : 0.000010 0.999960 0.000010 0.000010 0.000010
47 47 (0) 1 : 0.000010 0.999960 0.000010 0.000010 0.000010
48 48 (0) 1 : 0.000010 0.999960 0.000010 0.000010 0.000010
49 49 (0) 1 : 0.000010 0.999960 0.000010 0.000010 0.000010
50 50 (0) 1 : 0.000010 0.999960 0.000010 0.000010 0.000010
51 51 (0) 1 : 0.000010 0.999960 0.000010 0.000010 0.000010
52 52 (0) 1 : 0.000010 0.999960 0.000010 0.000010 0.000010
53 53 (0) 1 : 0.000010 0.999960 0.000010 0.000010 0.000010
54 54 (0) 1 : 0.000010 0.999960 0.000010 0.000010 0.000010
55 55 (0) 1 : 0.000010 0.999960 0.000010 0.000010 0.000010
56 56 (0) 1 : 0.000010 0.999960 0.000010 0.000010 0.000010
57 57 (0) 1 : 0.000010 0.999960 0.000010 0.000010 0.000010
58 58 (0) 1 : 0.000010 0.999960 0.000010 0.000010 0.000010
59 59 (0) 1 : 0.000010 0.999960 0.000010 0.000010 0.000010
60 60 (0) 1 : 0.000010 0.999960 0.000010 0.000010 0.000010
61 61 (0) 1 : 0.000010 0.999960 0.000010 0.000010 0.000010
62 62 (0) 1 : 0.000010 0.999960 0.000010 0.000010 0.000010
63 63 (0) 1 : 0.000010 0.999960 0.000010 0.000010 0.000010
64 64 (0) 1 : 0.000010 0.999960 0.000010 0.000010 0.000010
65 65 (0) 1 : 0.000010 0.999960 0.000010 0.000010 0.000010
66 66 (0) 1 : 0.000010 0.999960 0.000010 0.000010 0.000010
67 67 (0) 1 : 0.000010 0.999960 0.000010 0.000010 0.000010
68 68 (0) 1 : 0.000010 0.999960 0.000010 0.000010 0.000010
69 69 (0) 1 : 0.000010 0.999960 0.000010 0.000010 0.000010
70 70 (0) 1 : 0.000010 0.999960 0.000010 0.000010 0.000010
71 71 (0) 1 : 0.000010 0.999960 0.000010 0.000010 0.000010
72 72 (0) 1 : 0.000010 0.999960 0.000010 0.000010 0.000010
73 73 (0) 1 : 0.000010 0.999960 0.000010 0.000010 0.000010
74 74 (0) 1 : 0.000010 0.999960 0.000010 0.000010 0.000010
75 75 (0) 1 : 0.000010 0.999960 0.000010 0.000010 0.000010
76 76 (0) 1 : 0.000010 0.999960 0.000010 0.000010 0.000010
77 77 (0) 1 : 0.000010 0.999960 0.000010 0.000010 0.000010
78 78 (0) 1 : 0.000011 0.000010 0.000010 0.000010 0.999959
79 79 (0) 1 : 0.000013 0.000010 0.000016 0.000010 0.999951
80 80 (0) 1 : 0.000010 0.000010 0.000010 0.000010 0.999960
81 81 (0) 1 : 0.000010 0.000010 0.000014 0.000010 0.999955
82 82 (0) 1 : 0.000010 0.000010 0.000010 0.000010 0.999960
83 83 (0) 1 : 0.000012 0.000010 0.000012 0.000010 0.999956
84 84 (0) 1 : 0.000020 0.000010 0.000010 0.000010 0.999950
85 85 (0) 1 : 0.000010 0.000010 0.000010 0.000010 0.999960
86 86 (0) 1 : 0.000010 0.000010 0.000019 0.000010 0.999951
87 87 (0) 1 : 0.000010 0.000010 0.000010 0.000010 0.999960
88 88 (0) 1 : 0.000010 0.000019 0.000010 0.000010 0.999951
89 89 (0) 1 : 0.000010 0.000010 0.000010 0.000010 0.999960
90 90 (0) 1 : 0.000010 0.000010 0.000010 0.000010 0.999960
91 91 (0) 1 : 0.000010 0.000010 0.000010 0.000010 0.999960
92 92 (0) 1 : 0.000010 0.000010 0.000010 0.000010 0.999960
93 93 (0) 1 : 0.000010 0.000010 0.000014 0.000010 0.999956
94 94 (0) 1 : 0.000010 0.000010 0.000010 0.000010 0.999960
95 95 (0) 1 : 0.000010 0.000010 0.000010 0.000010 0.999960
96 96 (0) 1 : 0.000010 0.000010 0.999960 0.000010 0.000010
97 97 (0) 1 : 0.000010 0.000010 0.999960 0.000010 0.000010
98 98 (0) 1 : 0.000010 0.000010 0.999960 0.000010 0.000010
99 99 (0) 1 : 0.000010 0.000010 0.999960 0.000010 0.000010
100 100 (0) 1 : 0.000010 0.000010 0.999960 0.000010 0.000010
101 101 (0) 1 : 0.000010 0.000010 0.999954 0.000016 0.000010
102 102 (0) 1 : 0.000010 0.000010 0.999957 0.000013 0.000010
103 103 (0) 1 : 0.000010 0.000010 0.999960 0.000010 0.000010
104 104 (0) 1 : 0.000012 0.000010 0.999958 0.000010 0.000010
105 105 (0) 1 : 0.000010 0.000010 0.999960 0.000010 0.000010
106 106 (0) 1 : 0.000010 0.000010 0.999955 0.000015 0.000010
107 107 (0) 1 : 0.000010 0.000010 0.999960 0.000010 0.000010
108 108 (0) 1 : 0.000010 0.000010 0.999960 0.000010 0.000010
109 109 (0) 1 : 0.000010 0.000010 0.999960 0.000010 0.000010
110 110 (0) 1 : 0.000010 0.000010 0.999960 0.000010 0.000010
111 111 (0) 1 : 0.000010 0.000010 0.999960 0.000010 0.000010
112 112 (0) 1 : 0.000010 0.000010 0.999959 0.000011 0.000010
113 113 (0) 1 : 0.000010 0.000010 0.999960 0.000010 0.000010
114 114 (0) 1 : 0.999960 0.000010 0.000010 0.000010 0.000010
115 115 (0) 1 : 0.999960 0.000010 0.000010 0.000010 0.000010
116 116 (0) 1 : 0.999960 0.000010 0.000010 0.000010 0.000010
117 117 (0) 1 : 0.999960 0.000010 0.000010 0.000010 0.000010
118 118 (0) 1 : 0.999960 0.000010 0.000010 0.000010 0.000010
119 119 (0) 1 : 0.999960 0.000010 0.000010 0.000010 0.000010
120 120 (0) 1 : 0.999960 0.000010 0.000010 0.000010 0.000010
121 121 (0) 1 : 0.999960 0.000010 0.000010 0.000010 0.000010
1 1 (0) 1 : 0.000010 0.999960 0.000010 0.000010 0.000010
2 2 (0) 1 : 0.000010 0.999953 0.000010 0.000017 0.000010
3 3 (0) 1 : 0.000010 0.999952 0.000013 0.000016 0.000010
4 4 (0) 1 : 0.000010 0.999958 0.000012 0.000010 0.000010
5 5 (0) 1 : 0.000010 0.999951 0.000011 0.000018 0.000010
6 6 (0) 1 : 0.000010 0.999960 0.000010 0.000010 0.000010
7 7 (0) 1 : 0.000011 0.999951 0.000013 0.000015 0.000010
8 8 (0) 1 : 0.000010 0.999960 0.000010 0.000010 0.000010
9 9 (0) 1 : 0.000011 0.999953 0.000011 0.000015 0.000010
10 10 (0) 1 : 0.000011 0.999951 0.000013 0.000015 0.000010
11 11 (0) 1 : 0.000010 0.999957 0.000012 0.000010 0.000010
12 12 (0) 1 : 0.000010 0.999956 0.000010 0.000014 0.000010
13 13 (0) 1 : 0.000010 0.999957 0.000012 0.000011 0.000010
14 14 (0) 1 : 0.000010 0.999960 0.000010 0.000010 0.000010
15 15 (0) 1 : 0.000010 0.999958 0.000010 0.000012 0.000010
16 16 (0) 1 : 0.000010 0.999955 0.000012 0.000013 0.000010
17 17 (0) 1 : 0.000010 0.999950 0.000013 0.000017 0.000010
18 18 (0) 1 : 0.000010 0.999956 0.000010 0.000014 0.000010
19 19 (0) 1 : 0.000010 0.999958 0.000011 0.000011 0.000010
20 20 (0) 1 : 0.000010 0.999955 0.000010 0.000015 0.000010
21 21 (0) 1 : 0.000010 0.999957 0.000012 0.000011 0.000010
22 22 (0) 1 : 0.000010 0.999958 0.000011 0.000011 0.000010
23 23 (0) 1 : 0.000010 0.999951 0.000012 0.000017 0.000010
24 24 (0) 1 : 0.000010 0.999952 0.000012 0.000016 0.000010
25 25 (0) 1 : 0.000010 0.999951 0.000012 0.000016 0.000010
26 26 (0) 1 : 0.000010 0.999952 0.000010 0.000017 0.000010
27 27 (0) 1 : 0.000011 0.999952 0.000011 0.000016 0.000010
28 28 (0) 1 : 0.000010 0.999951 0.000013 0.000015 0.000010
29 29 (0) 1 : 0.000010 0.999957 0.000013 0.000010 0.000010
30 30 (0) 1 : 0.000010 0.999950 0.000013 0.000017 0.000010
31 31 (0) 1 : 0.000011 0.999953 0.000013 0.000013 0.000010
32 32 (0) 1 : 0.000010 0.999960 0.000010 0.000010 0.000010
33 33 (0) 1 : 0.000010 0.999952 0.000012 0.000016 0.000010
34 34 (0) 1 : 0.000010 0.999952 0.000012 0.000016 0.000010
35 35 (0) 1 : 0.000010 0.999953 0.000013 0.000014 0.000010
36 36 (0) 1 : 0.000010 0.000010 0.000011 0.000010 0.999959
37 37 (0) 1 : 0.000011 0.000013 0.000012 0.000010 0.999954
38 38 (0) 1 : 0.000010 0.000013 0.000010 0.000010 0.999957
39 39 (0) 1 : 0.000011 0.000010 0.000010 0.000010 0.999959
40 40 (0) 1 : 0.000010 0.000013 0.000010 0.000010 0.999957
41 41 (0) 1 : 0.000010 0.000011 0.000010 0.000010 0.999959
42 42 (0) 1 : 0.000010 0.000016 0.000010 0.000010 0.999954
43 43 (0) 1 : 0.000011 0.000012 0.000012 0.000010 0.999955
44 44 (0) 1 : 0.000010 0.000012 0.000010 0.000010 0.999958
45 45 (0) 1 : 0.000010 0.000013 0.000010 0.000010 0.999957
46 46 (0) 1 : 0.000011 0.000010 0.000010 0.000010 0.999959
47 47 (0) 1 : 0.000011 0.000010 0.000010 0.000010 0.999959
48 48 (0) 1 : 0.000010 0.000010 0.000010 0.000010 0.999960
49 49 (0) 1 : 0.000011 0.000012 0.000010 0.000010 0.999957
50 50 (0) 1 : 0.000010 0.000010 0.000010 0.000010 0.999960
51 51 (0) 1 : 0.000010 0.000010 0.000014 0.000010 0.999956
52 52 (0) 1 : 0.000010 0.000010 0.000010 0.000010 0.999960
53 53 (0) 1 : 0.000010 0.000010 0.000010 0.000010 0.999960
54 54 (0) 1 : 0.000010 0.000010 0.000010 0.000010 0.999960
55 55 (0) 1 : 0.000011 0.000013 0.000010 0.000010 0.999956
56 56 (0) 1 : 0.000010 0.000010 0.000010 0.000010 0.999960
57 57 (0) 1 : 0.000011 0.000010 0.000010 0.000010 0.999959
58 58 (0) 1 : 0.000010 0.000010 0.000010 0.000010 0.999960
59 59 (0) 1 : 0.000010 0.000010 0.000010 0.000010 0.999960
60 60 (0) 1 : 0.000010 0.000010 0.000010 0.000010 0.999960
61 61 (0) 1 : 0.000010 0.000010 0.000010 0.000010 0.999960
62 62 (0) 1 : 0.000011 0.000010 0.000010 0.000010 0.999959
63 63 (0) 1 : 0.000010 0.000010 0.000010 0.000010 0.999960
64 64 (0) 1 : 0.000010 0.000010 0.000010 0.000010 0.999960
65 65 (0) 1 : 0.000010 0.000010 0.000010 0.000010 0.999960
66 66 (0) 1 : 0.000010 0.000010 0.000010 0.000010 0.999960
67 67 (0) 1 : 0.000010 0.000011 0.000010 0.000010 0.999959
68 68 (0) 1 : 0.000010 0.000010 0.000010 0.000010 0.999960
69 69 (0) 1 : 0.000010 0.000010 0.000010 0.000010 0.999960
70 70 (0) 1 : 0.000012 0.000011 0.000012 0.000010 0.999955
71 71 (0) 1 : 0.000010 0.000010 0.000010 0.000010 0.999960
72 72 (0) 1 : 0.000010 0.000012 0.000010 0.000010 0.999958
73 73 (0) 1 : 0.000011 0.000010 0.000010 0.000010 0.999959
74 74 (0) 1 : 0.000011 0.000012 0.000010 0.000010 0.999957
75 75 (0) 1 : 0.000010 0.000010 0.000011 0.000010 0.999959
76 76 (0) 1 : 0.000010 0.000010 0.000011 0.000010 0.999959
77 77 (0) 1 : 0.000010 0.000010 0.000010 0.000010 0.999960
78 78 (0) 1 : 0.000010 0.000016 0.999954 0.000010 0.000010
79 79 (0) 1 : 0.000014 0.000010 0.999953 0.000013 0.000010
80 80 (0) 1 : 0.000010 0.000013 0.999956 0.000011 0.000010
81 81 (0) 1 : 0.000010 0.000010 0.999960 0.000010 0.000010
82 82 (0) 1 : 0.000010 0.000010 0.999960 0.000010 0.000010
83 83 (0) 1 : 0.000010 0.000010 0.999960 0.000010 0.000010
84 84 (0) 1 : 0.000010 0.000016 0.999950 0.000015 0.000010
85 85 (0) 1 : 0.000010 0.000014 0.999956 0.000010 0.000010
86 86 (0) 1 : 0.000010 0.000015 0.999955 0.000010 0.000010
87 87 (0) 1 : 0.000010 0.000019 0.999950 0.000011 0.000010
88 88 (0) 1 : 0.000013 0.000014 0.999951 0.000012 0.000010
89 89 (0) 1 : 0.000010 0.000010 0.999960 0.000010 0.000010
90 90 (0) 1 : 0.000010 0.000010 0.999960 0.000010 0.000010
91 91 (0) 1 : 0.000010 0.000010 0.999960 0.000010 0.000010
92 92 (0) 1 : 0.000010 0.000010 0.999960 0.000010 0.000010
93 93 (0) 1 : 0.000010 0.000020 0.999950 0.000010 0.000010
94 94 (0) 1 : 0.000010 0.000014 0.999953 0.000014 0.000010
95 95 (0) 1 : 0.000010 0.000017 0.999953 0.000010 0.000010
96 96 (0) 1 : 0.999957 0.000010 0.000013 0.000011 0.000010
97 97 (0) 1 : 0.999960 0.000010 0.000010 0.000010 0.000010
98 98 (0) 1 : 0.999960 0.000010 0.000010 0.000010 0.000010
99 99 (0) 1 : 0.999960 0.000010 0.000010 0.000010 0.000010
100 100 (0) 1 : 0.999960 0.000010 0.000010 0.000010 0.000010
101 101 (0) 1 : 0.999958 0.000010 0.000010 0.000012 0.000010
102 102 (0) 1 : 0.999959 0.000010 0.000011 0.000010 0.000010
103 103 (0) 1 : 0.999960 0.000010 0.000010 0.000010 0.000010
104 104 (0) 1 : 0.999959 0.000010 0.000011 0.000011 0.000010
105 105 (0) 1 : 0.999960 0.000010 0.000010 0.000010 0.000010
106 106 (0) 1 : 0.999960 0.000010 0.000010 0.000010 0.000010
107 107 (0) 1 : 0.999960 0.000010 0.000010 0.000010 0.000010
108 108 (0) 1 : 0.999958 0.000010 0.000012 0.000010 0.000010
109 109 (0) 1 : 0.999960 0.000010 0.000010 0.000010 0.000010
110 110 (0) 1 : 0.999959 0.000011 0.000010 0.000010 0.000010
111 111 (0) 1 : 0.999959 0.000010 0.000011 0.000010 0.000010
112 112 (0) 1 : 0.999960 0.000010 0.000010 0.000010 0.000010
113 113 (0) 1 : 0.999960 0.000010 0.000010 0.000010 0.000010
114 114 (0) 1 : 0.000010 0.000010 0.000010 0.999960 0.000010
115 115 (0) 1 : 0.000010 0.000010 0.000010 0.999960 0.000010
116 116 (0) 1 : 0.000011 0.000010 0.000013 0.999957 0.000010
117 117 (0) 1 : 0.000012 0.000010 0.000010 0.999958 0.000010
118 118 (0) 1 : 0.000012 0.000010 0.000012 0.999956 0.000010
119 119 (0) 1 : 0.000010 0.000015 0.000010 0.999955 0.000010
120 120 (0) 1 : 0.000010 0.000010 0.000010 0.999960 0.000010
121 121 (0) 1 : 0.000010 0.000010 0.000010 0.999960 0.000010
1 1 (0) 1 : 0.999960 0.000010 0.000010 0.000010 0.000010
2 2 (0) 1 : 0.999953 0.000010 0.000017 0.000010 0.000010
3 3 (0) 1 : 0.999960 0.000010 0.000010 0.000010 0.000010
4 4 (0) 1 : 0.999960 0.000010 0.000010 0.000010 0.000010
5 5 (0) 1 : 0.999960 0.000010 0.000010 0.000010 0.000010
6 6 (0) 1 : 0.999960 0.000010 0.000010 0.000010 0.000010
7 7 (0) 1 : 0.999960 0.000010 0.000010 0.000010 0.000010
8 8 (0) 1 : 0.999952 0.000010 0.000018 0.000010 0.000010
9 9 (0) 1 : 0.999473 0.000497 0.000010 0.000010 0.000010
10 10 (0) 1 : 0.999960 0.000010 0.000010 0.000010 0.000010
11 11 (0) 1 : 0.999960 0.000010 0.000010 0.000010 0.000010
12 12 (0) 1 : 0.999960 0.000010 0.000010 0.000010 0.000010
13 13 (0) 1 : 0.999926 0.000044 0.000010 0.000010 0.000010
14 14 (0) 1 : 0.999959 0.000010 0.000011 0.000010 0.000010
15 15 (0) 1 : 0.999958 0.000010 0.000010 0.000012 0.000010
16 16 (0) 1 : 0.999960 0.000010 0.000010 0.000010 0.000010
17 17 (0) 1 : 0.999960 0.000010 0.000010 0.000010 0.000010
18 18 (0) 1 : 0.999960 0.000010 0.000010 0.000010 0.000010
19 19 (0) 1 : 0.999960 0.000010 0.000010 0.000010 0.000010
20 20 (0) 1 : 0.999960 0.000010 0.000010 0.000010 0.000010
21 21 (0) 1 : 0.999960 0.000010 0.000010 0.000010 0.000010
22 22 (0) 1 : 0.999960 0.000010 0.000010 0.000010 0.000010
23 23 (0) 1 : 0.999960 0.000010 0.000010 0.000010 0.000010
24 24 (0) 1 : 0.999960 0.000010 0.000010 0.000010 0.000010
25 25 (0) 1 : 0.999960 0.000010 0.000010 0.000010 0.000010
26 26 (0) 1 : 0.999953 0.000010 0.000010 0.000017 0.000010
27 27 (0) 1 : 0.999960 0.000010 0.000010 0.000010 0.000010
28 28 (0) 1 : 0.999960 0.000010 0.000010 0.000010 0.000010
29 29 (0) 1 : 0.999948 0.000010 0.000015 0.000017 0.000010
30 30 (0) 1 : 0.999960 0.000010 0.000010 0.000010 0.000010
31 31 (0) 1 : 0.999960 0.000010 0.000010 0.000010 0.000010
32 32 (0) 1 : 0.999960 0.000010 0.000010 0.000010 0.000010
33 33 (0) 1 : 0.999954 0.000010 0.000010 0.000016 0.000010
34 34 (0) 1 : 0.999960 0.000010 0.000010 0.000010 0.000010
35 35 (0) 1 : 0.999960 0.000010 0.000010 0.000010 0.000010
36 36 (0) 1 : 0.000010 0.000010 0.999960 0.000010 0.000010
37 37 (0) 1 : 0.000010 0.000010 0.999960 0.000010 0.000010
38 38 (0) 1 : 0.000010 0.000010 0.999960 0.000010 0.000010
39 39 (0) 1 : 0.000010 0.000010 0.999960 0.000010 0.000010
40 40 (0) 1 : 0.000010 0.000010 0.999960 0.000010 0.000010
41 41 (0) 1 : 0.000010 0.000010 0.999960 0.000010 0.000010
42 42 (0) 1 : 0.000010 0.000010 0.999960 0.000010 0.000010
43 43 (0) 1 : 0.000010 0.000010 0.999960 0.000010 0.000010
44 44 (0) 1 : 0.000010 0.000010 0.999960 0.000010 0.000010
45 45 (0) 1 : 0.000010 0.000010 0.999960 0.000010 0.000010
46 46 (0) 1 : 0.000010 0.000010 0.999960 0.000010 0.000010
47 47 (0) 1 : 0.000010 0.000010 0.999960 0.000010 0.000010
48 48 (0) 1 : 0.000010 0.000010 0.999960 0.000010 0.000010
49 49 (0) 1 : 0.000010 0.000010 0.999960 0.000010 0.000010
50 50 (0) 1 : 0.000010 0.000010 0.999960 0.000010 0.000010
51 51 (0) 1 : 0.000010 0.000010 0.999960 0.000010 0.000010
52 52 (0) 1 : 0.000010 0.000010 0.999960 0.000010 0.000010
53 53 (0) 1 : 0.000010 0.000010 0.999960 0.000010 0.000010
54 54 (0) 1 : 0.000010 0.000010 0.999960 0.000010 0.000010
55 55 (0) 1 : 0.000010 0.000010 0.999960 0.000010 0.000010
56 56 (0) 1 : 0.000010 0.000010 0.999960 0.000010 0.000010
57 57 (0) 1 : 0.000010 0.000010 0.999960 0.000010 0.000010
58 58 (0) 1 : 0.000010 0.000010 0.999960 0.000010 0.000010
59 59 (0) 1 : 0.000010 0.000010 0.999960 0.000010 0.000010
60 60 (0) 1 : 0.000010 0.000010 0.999960 0.000010 0.000010
61 61 (0) 1 : 0.000010 0.000010 0.999960 0.000010 0.000010
62 62 (0) 1 : 0.000010 0.000010 0.999960 0.000010 0.000010
63 63 (0) 1 : 0.000011 0.000010 0.999959 0.000010 0.000010
64 64 (0) 1 : 0.000010 0.000010 0.999960 0.000010 0.000010
65 65 (0) 1 : 0.000010 0.000010 0.999960 0.000010 0.000010
66 66 (0) 1 : 0.000010 0.000010 0.999960 0.000010 0.000010
67 67 (0) 1 : 0.000010 0.000010 0.999960 0.000010 0.000010
68 68 (0) 1 : 0.000010 0.000010 0.999960 0.000010 0.000010
69 69 (0) 1 : 0.000010 0.000010 0.999960 0.000010 0.000010
70 70 (0) 1 : 0.000010 0.000010 0.999960 0.000010 0.000010
71 71 (0) 1 : 0.000010 0.000010 0.999960 0.000010 0.000010
72 72 (0) 1 : 0.000010 0.000010 0.999960 0.000010 0.000010
73 73 (0) 1 : 0.000010 0.000010 0.999960 0.000010 0.000010
74 74 (0) 1 : 0.000010 0.000010 0.999960 0.000010 0.000010
75 75 (0) 1 : 0.000010 0.000010 0.999960 0.000010 0.000010
76 76 (0) 1 : 0.000010 0.000010 0.999960 0.000010 0.000010
77 77 (0) 1 : 0.000010 0.000011 0.999959 0.000010 0.000010
78 78 (0) 1 : 0.000010 0.000010 0.000010 0.999960 0.000010
79 79 (0) 1 : 0.000010 0.000010 0.000010 0.999960 0.000010
80 80 (0) 1 : 0.000010 0.000010 0.000010 0.999960 0.000010
81 81 (0) 1 : 0.000010 0.000010 0.000010 0.999960 0.000010
82 82 (0) 1 : 0.000010 0.000010 0.000010 0.999960 0.000010
83 83 (0) 1 : 0.000010 0.000010 0.000010 0.999960 0.000010
84 84 (0) 1 : 0.000010 0.000010 0.000010 0.999960 0.000010
85 85 (0) 1 : 0.000010 0.000010 0.000010 0.999960 0.000010
86 86 (0) 1 : 0.000010 0.000010 0.000010 0.999960 0.000010
87 87 (0) 1 : 0.000010 0.000010 0.000010 0.999960 0.000010
88 88 (0) 1 : 0.000010 0.000010 0.000010 0.999960 0.000010
89 89 (0) 1 : 0.000010 0.000010 0.000010 0.999960 0.000010
90 90 (0) 1 : 0.000010 0.000010 0.000010 0.999960 0.000010
91 91 (0) 1 : 0.000010 0.000010 0.000010 0.999960 0.000010
92 92 (0) 1 : 0.000018 0.000010 0.000010 0.999952 0.000010
93 93 (0) 1 : 0.000010 0.000010 0.000010 0.999960 0.000010
94 94 (0) 1 : 0.000010 0.000010 0.000010 0.999960 0.000010
95 95 (0) 1 : 0.000010 0.000010 0.000010 0.999960 0.000010
96 96 (0) 1 : 0.000010 0.000010 0.000010 0.000010 0.999960
97 97 (0) 1 : 0.000010 0.000010 0.000010 0.000010 0.999960
98 98 (0) 1 : 0.000010 0.000010 0.000010 0.000010 0.999960
99 99 (0) 1 : 0.000010 0.000010 0.000017 0.000010 0.999953
100 100 (0) 1 : 0.000010 0.000010 0.000010 0.000010 0.999960
101 101 (0) 1 : 0.000010 0.000010 0.000010 0.000010 0.999960
102 102 (0) 1 : 0.000010 0.000010 0.000010 0.000010 0.999960
103 103 (0) 1 : 0.000010 0.000010 0.000010 0.000010 0.999960
104 104 (0) 1 : 0.000010 0.000010 0.000010 0.000010 0.999960
105 105 (0) 1 : 0.000010 0.000010 0.000010 0.000010 0.999960
106 106 (0) 1 : 0.000010 0.000010 0.000010 0.000010 0.999960
107 107 (0) 1 : 0.000010 0.000010 0.000010 0.000010 0.999960
108 108 (0) 1 : 0.000010 0.000010 0.000010 0.000010 0.999960
109 109 (0) 1 : 0.000010 0.000010 0.000010 0.000010 0.999960
110 110 (0) 1 : 0.000010 0.000010 0.000010 0.000010 0.999960
111 111 (0) 1 : 0.000010 0.000010 0.000010 0.000010 0.999960
112 112 (0) 1 : 0.000011 0.000010 0.000010 0.000010 0.999959
113 113 (0) 1 : 0.000010 0.000010 0.000010 0.000010 0.999960
114 114 (0) 1 : 0.000010 0.999960 0.000010 0.000010 0.000010
115 115 (0) 1 : 0.000010 0.999960 0.000010 0.000010 0.000010
116 116 (0) 1 : 0.000010 0.999960 0.000010 0.000010 0.000010
117 117 (0) 1 : 0.000010 0.999960 0.000010 0.000010 0.000010
118 118 (0) 1 : 0.000010 0.999960 0.000010 0.000010 0.000010
119 119 (0) 1 : 0.000010 0.999960 0.000010 0.000010 0.000010
120 120 (0) 1 : 0.000010 0.999960 0.000010 0.000010 0.000010
121 121 (0) 1 : 0.000010 0.999960 0.000010 0.000010 0.000010
1 1 (0) 1 : 0.000010 0.000010 0.000010 0.999960 0.000010
2 2 (0) 1 : 0.000010 0.000010 0.000010 0.999960 0.000010
3 3 (0) 1 : 0.000010 0.000010 0.000010 0.999960 0.000010
4 4 (0) 1 : 0.000010 0.000010 0.000010 0.999960 0.000010
5 5 (0) 1 : 0.000010 0.000010 0.000010 0.999960 0.000010
6 6 (0) 1 : 0.000010 0.000010 0.000010 0.999960 0.000010
7 7 (0) 1 : 0.000010 0.000010 0.000010 0.999960 0.000010
8 8 (0) 1 : 0.000010 0.000010 0.000010 0.999960 0.000010
9 9 (0) 1 : 0.000010 0.000010 0.000010 0.999960 0.000010
10 10 (0) 1 : 0.000010 0.000010 0.000010 0.999960 0.000010
11 11 (0) 1 : 0.000010 0.000010 0.000010 0.999960 0.000010
12 12 (0) 1 : 0.000010 0.000010 0.000010 0.999960 0.000010
13 13 (0) 1 : 0.000010 0.000010 0.000010 0.999960 0.000010
14 14 (0) 1 : 0.000010 0.000010 0.000010 0.999960 0.000010
15 15 (0) 1 : 0.000010 0.000010 0.000010 0.999960 0.000010
16 16 (0) 1 : 0.000010 0.000010 0.000010 0.999960 0.000010
17 17 (0) 1 : 0.000010 0.000010 0.000010 0.999960 0.000010
18 18 (0) 1 : 0.000010 0.000010 0.000010 0.999960 0.000010
19 19 (0) 1 : 0.000010 0.000010 0.000010 0.999960 0.000010
20 20 (0) 1 : 0.000010 0.000010 0.000010 0.999960 0.000010
21 21 (0) 1 : 0.000010 0.000010 0.000010 0.999960 0.000010
22 22 (0) 1 : 0.000010 0.000010 0.000010 0.999960 0.000010
23 23 (0) 1 : 0.000010 0.000010 0.000010 0.999960 0.000010
24 24 (0) 1 : 0.000010 0.000010 0.000010 0.999960 0.000010
25 25 (0) 1 : 0.000010 0.000010 0.000010 0.999960 0.000010
26 26 (0) 1 : 0.000010 0.000010 0.000010 0.999960 0.000010
27 27 (0) 1 : 0.000010 0.000010 0.000010 0.999960 0.000010
28 28 (0) 1 : 0.000010 0.000010 0.000010 0.999960 0.000010
29 29 (0) 1 : 0.000010 0.000010 0.000010 0.999960 0.000010
30 30 (0) 1 : 0.000010 0.000010 0.000010 0.999960 0.000010
31 31 (0) 1 : 0.000010 0.000010 0.000010 0.999960 0.000010
32 32 (0) 1 : 0.000010 0.000010 0.000010 0.999960 0.000010
33 33 (0) 1 : 0.000010 0.000010 0.000010 0.999960 0.000010
34 34 (0) 1 : 0.000010 0.000010 0.000010 0.999960 0.000010
35 35 (0) 1 : 0.000010 0.000010 0.000010 0.999960 0.000010
36 36 (0) 1 : 0.000010 0.000010 0.999960 0.000010 0.000010
37 37 (0) 1 : 0.000010 0.000010 0.999960 0.000010 0.000010
38 38 (0) 1 : 0.000010 0.000010 0.999960 0.000010 0.000010
39 39 (0) 1 : 0.000010 0.000010 0.999960 0.000010 0.000010
40 40 (0) 1 : 0.000010 0.000010 0.999960 0.000010 0.000010
41 41 (0) 1 : 0.000010 0.000010 0.999960 0.000010 0.000010
42 42 (0) 1 : 0.000010 0.000010 0.999960 0.000010 0.000010
43 43 (0) 1 : 0.000010 0.000010 0.999960 0.000010 0.000010
44 44 (0) 1 : 0.000010 0.000010 0.999960 0.000010 0.000010
45 45 (0) 1 : 0.000010 0.000010 0.999960 0.000010 0.000010
46 46 (0) 1 : 0.000010 0.000010 0.999960 0.000010 0.000010
47 47 (0) 1 : 0.000010 0.000010 0.999960 0.000010 0.000010
48 48 (0) 1 : 0.000010 0.000010 0.999960 0.000010 0.000010
49 49 (0) 1 : 0.000010 0.000010 0.999960 0.000010 0.000010
50 50 (0) 1 : 0.000010 0.000010 0.999960 0.000010 0.000010
51 51 (0) 1 : 0.000010 0.000010 0.999960 0.000010 0.000010
52 52 (0) 1 : 0.000010 0.000010 0.999960 0.000010 0.000010
53 53 (0) 1 : 0.000010 0.000010 0.999960 0.000010 0.000010
54 54 (0) 1 : 0.000010 0.000010 0.999960 0.000010 0.000010
55 55 (0) 1 : 0.000010 0.000010 0.999960 0.000010 0.000010
56 56 (0) 1 : 0.000010 0.000010 0.999960 0.000010 0.000010
57 57 (0) 1 : 0.000010 0.000010 0.999960 0.000010 0.000010
58 58 (0) 1 : 0.000016 0.000010 0.999954 0.000010 0.000010
59 59 (0) 1 : 0.000010 0.000010 0.999960 0.000010 0.000010
60 60 (0) 1 : 0.000010 0.000010 0.999960 0.000010 0.000010
61 61 (0) 1 : 0.000010 0.000010 0.999960 0.000010 0.000010
62 62 (0) 1 : 0.000010 0.000010 0.999960 0.000010 0.000010
63 63 (0) 1 : 0.000010 0.000010 0.999960 0.000010 0.000010
64 64 (0) 1 : 0.000010 0.000010 0.999960 0.000010 0.000010
65 65 (0) 1 : 0.000010 0.000010 0.999960 0.000010 0.000010
66 66 (0) 1 : 0.000010 0.000010 0.999960 0.000010 0.000010
67 67 (0) 1 : 0.000010 0.000010 0.999960 0.000010 0.000010
68 68 (0) 1 : 0.000010 0.000016 0.999954 0.000010 0.000010
69 69 (0) 1 : 0.000010 0.000010 0.999960 0.000010 0.000010
70 70 (0) 1 : 0.000010 0.000010 0.999960 0.000010 0.000010
71 71 (0) 1 : 0.000010 0.000010 0.999960 0.000010 0.000010
72 72 (0) 1 : 0.000010 0.000010 0.999960 0.000010 0.000010
73 73 (0) 1 : 0.000010 0.000010 0.999960 0.000010 0.000010
74 74 (0) 1 : 0.000010 0.000010 0.999960 0.000010 0.000010
75 75 (0) 1 : 0.000010 0.000010 0.999960 0.000010 0.000010
76 76 (0) 1 : 0.000010 0.000010 0.999960 0.000010 0.000010
77 77 (0) 1 : 0.000010 0.000010 0.999960 0.000010 0.000010
78 78 (0) 1 : 0.999960 0.000010 0.000010 0.000010 0.000010
79 79 (0) 1 : 0.999960 0.000010 0.000010 0.000010 0.000010
80 80 (0) 1 : 0.999953 0.000010 0.000010 0.000017 0.000010
81 81 (0) 1 : 0.999960 0.000010 0.000010 0.000010 0.000010
82 82 (0) 1 : 0.999960 0.000010 0.000010 0.000010 0.000010
83 83 (0) 1 : 0.999960 0.000010 0.000010 0.000010 0.000010
84 84 (0) 1 : 0.999960 0.000010 0.000010 0.000010 0.000010
85 85 (0) 1 : 0.999960 0.000010 0.000010 0.000010 0.000010
86 86 (0) 1 : 0.999960 0.000010 0.000010 0.000010 0.000010
87 87 (0) 1 : 0.999960 0.000010 0.000010 0.000010 0.000010
88 88 (0) 1 : 0.999960 0.000010 0.000010 0.000010 0.000010
89 89 (0) 1 : 0.999960 0.000010 0.000010 0.000010 0.000010
90 90 (0) 1 : 0.999960 0.000010 0.000010 0.000010 0.000010
91 91 (0) 1 : 0.999960 0.000010 0.000010 0.000010 0.000010
92 92 (0) 1 : 0.999960 0.000010 0.000010 0.000010 0.000010
93 93 (0) 1 : 0.999960 0.000010 0.000010 0.000010 0.000010
94 94 (0) 1 : 0.999960 0.000010 0.000010 0.000010 0.000010
95 95 (0) 1 : 0.999960 0.000010 0.000010 0.000010 0.000010
96 96 (0) 1 : 0.000010 0.000010 0.000010 0.000010 0.999960
97 97 (0) 1 : 0.000010 0.000010 0.000010 0.000010 0.999960
98 98 (0) 1 : 0.000010 0.000010 0.000010 0.000010 0.999960
99 99 (0) 1 : 0.000010 0.000010 0.000010 0.000010 0.999960
100 100 (0) 1 : 0.000010 0.000010 0.000010 0.000010 0.999960
101 101 (0) 1 : 0.000010 0.000010 0.000010 0.000010 0.999960
102 102 (0) 1 : 0.000010 0.000010 0.000010 0.000010 0.999960
103 103 (0) 1 : 0.000010 0.000010 0.000010 0.000010 0.999960
104 104 (0) 1 : 0.000010 0.000010 0.000010 0.000010 0.999960
105 105 (0) 1 : 0.000010 0.000010 0.000010 0.000010 0.999960
106 106 (0) 1 : 0.000010 0.000010 0.000010 0.000010 0.999960
107 107 (0) 1 : 0.000010 0.000010 0.000010 0.000010 0.999960
108 108 (0) 1 : 0.000010 0.000010 0.000010 0.000010 0.999960
109 109 (0) 1 : 0.000010 0.000010 0.000010 0.000010 0.999960
110 110 (0) 1 : 0.000010 0.000010 0.000010 0.000010 0.999960
111 111 (0) 1 : 0.000010 0.000010 0.000010 0.000010 0.999960
112 112 (0) 1 : 0.000010 0.000010 0.000010 0.000010 0.999960
113 113 (0) 1 : 0.000010 0.000010 0.000010 0.000010 0.999960
114 114 (0) 1 : 0.000010 0.999960 0.000010 0.000010 0.000010
115 115 (0) 1 : 0.000010 0.999960 0.000010 0.000010 0.000010
116 116 (0) 1 : 0.000010 0.999960 0.000010 0.000010 0.000010
117 117 (0) 1 : 0.000010 0.999960 0.000010 0.000010 0.000010
118 118 (0) 1 : 0.000010 0.999960 0.000010 0.000010 0.000010
119 119 (0) 1 : 0.000010 0.999960 0.000010 0.000010 0.000010
120 120 (0) 1 : 0.000010 0.999960 0.000010 0.000010 0.000010
121 121 (0) 1 : 0.000010 0.999960 0.000010 0.000010 0.000010
1 1 (0) 1 : 0.000010 0.000010 0.999956 0.000014 0.000010
2 2 (0) 1 : 0.000010 0.000010 0.999960 0.000010 0.000010
3 3 (0) 1 : 0.000010 0.000010 0.999960 0.000010 0.000010
4 4 (0) 1 : 0.000010 0.000016 0.999954 0.000010 0.000010
5 5 (0) 1 : 0.000010 0.000010 0.999960 0.000010 0.000010
6 6 (0) 1 : 0.000010 0.000010 0.999960 0.000010 0.000010
7 7 (0) 1 : 0.000010 0.000010 0.999960 0.000010 0.000010
8 8 (0) 1 : 0.000010 0.000010 0.999950 0.000020 0.000010
9 9 (0) 1 : 0.000010 0.000010 0.999960 0.000010 0.000010
10 10 (0) 1 : 0.000010 0.000010 0.999960 0.000010 0.000010
11 11 (0) 1 : 0.000010 0.000011 0.999959 0.000010 0.000010
12 12 (0) 1 : 0.000012 0.000010 0.999958 0.000010 0.000010
13 13 (0) 1 : 0.000010 0.000017 0.999953 0.000010 0.000010
14 14 (0) 1 : 0.000010 0.000010 0.999960 0.000010 0.000010
15 15 (0) 1 : 0.000010 0.000017 0.999953 0.000010 0.000010
16 16 (0) 1 : 0.000010 0.000010 0.999960 0.000010 0.000010
17 17 (0) 1 : 0.000010 0.000010 0.999960 0.000010 0.000010
18 18 (0) 1 : 0.000010 0.000010 0.999952 0.000018 0.000010
19 19 (0) 1 : 0.000010 0.000010 0.999957 0.000013 0.000010
20 20 (0) 1 : 0.000010 0.000010 0.999960 0.000010 0.000010
21 21 (0) 1 : 0.000010 0.000010 0.999960 0.000010 0.000010
22 22 (0) 1 : 0.000010 0.000015 0.999955 0.000010 0.000010
23 23 (0) 1 : 0.000010 0.000010 0.999960 0.000010 0.000010
24 24 (0) 1 : 0.000010 0.000010 0.999960 0.000010 0.000010
25 25 (0) 1 : 0.000010 0.000010 0.999959 0.000011 0.000010
26 26 (0) 1 : 0.000010 0.000019 0.999951 0.000010 0.000010
27 27 (0) 1 : 0.000010 0.000010 0.999960 0.000010 0.000010
28 28 (0) 1 : 0.000010 0.000010 0.999951 0.000019 0.000010
29 29 (0) 1 : 0.000010 0.000010 0.999960 0.000010 0.000010
30 30 (0) 1 : 0.000010 0.000013 0.999957 0.000010 0.000010
31 31 (0) 1 : 0.000010 0.000010 0.999960 0.000010 0.000010
32 32 (0) 1 : 0.000010 0.000010 0.999960 0.000010 0.000010
33 33 (0) 1 : 0.000010 0.000010 0.999950 0.000020 0.000010
34 34 (0) 1 : 0.000010 0.000010 0.999960 0.000010 0.000010
35 35 (0) 1 : 0.000010 0.000011 0.999959 0.000010 0.000010
36 36 (0) 1 : 0.999960 0.000010 0.000010 0.000010 0.000010
37 37 (0) 1 : 0.999960 0.000010 0.000010 0.000010 0.000010
38 38 (0) 1 : 0.999960 0.000010 0.000010 0.000010 0.000010
39 39 (0) 1 : 0.999960 0.000010 0.000010 0.000010 0.000010
40 40 (0) 1 : 0.999960 0.000010 0.000010 0.000010 0.000010
41 41 (0) 1 : 0.999960 0.000010 0.000010 0.000010 0.000010
42 42 (0) 1 : 0.999960 0.000010 0.000010 0.000010 0.000010
43 43 (0) 1 : 0.999960 0.000010 0.000010 0.000010 0.000010
44 44 (0) 1 : 0.999951 0.000010 0.000019 0.000010 0.000010
45 45 (0) 1 : 0.999948 0.000020 0.000012 0.000010 0.000010
46 46 (0) 1 : 0.999953 0.000010 0.000017 0.000010 0.000010
47 47 (0) 1 : 0.999960 0.000010 0.000010 0.000010 0.000010
48 48 (0) 1 : 0.999960 0.000010 0.000010 0.000010 0.000010
49 49 (0) 1 : 0.999958 0.000012 0.000010 0.000010 0.000010
50 50 (0) 1 : 0.999960 0.000010 0.000010 0.000010 0.000010
51 51 (0) 1 : 0.999960 0.000010 0.000010 0.000010 0.000010
52 52 (0) 1 : 0.999952 0.000018 0.000010 0.000010 0.000010
53 53 (0) 1 : 0.999960 0.000010 0.000010 0.000010 0.000010
54 54 (0) 1 : 0.999960 0.000010 0.000010 0.000010 0.000010
55 55 (0) 1 : 0.999960 0.000010 0.000010 0.000010 0.000010
56 56 (0) 1 : 0.999960 0.000010 0.000010 0.000010 0.000010
57 57 (0) 1 : 0.999960 0.000010 0.000010 0.000010 0.000010
58 58 (0) 1 : 0.999952 0.000018 0.000010 0.000010 0.000010
59 59 (0) 1 : 0.999960 0.000010 0.000010 0.000010 0.000010
60 60 (0) 1 : 0.999958 0.000010 0.000012 0.000010 0.000010
61 61 (0) 1 : 0.999960 0.000010 0.000010 0.000010 0.000010
62 62 (0) 1 : 0.999960 0.000010 0.000010 0.000010 0.000010
63 63 (0) 1 : 0.999957 0.000013 0.000010 0.000010 0.000010
64 64 (0) 1 : 0.999960 0.000010 0.000010 0.000010 0.000010
65 65 (0) 1 : 0.999960 0.000010 0.000010 0.000010 0.000010
66 66 (0) 1 : 0.999960 0.000010 0.000010 0.000010 0.000010
67 67 (0) 1 : 0.999960 0.000010 0.000010 0.000010 0.000010
68 68 (0) 1 : 0.999960 0.000010 0.000010 0.000010 0.000010
69 69 (0) 1 : 0.999950 0.000010 0.000010 0.000020 0.000010
70 70 (0) 1 : 0.999960 0.000010 0.000010 0.000010 0.000010
71 71 (0) 1 : 0.999960 0.000010 0.000010 0.000010 0.000010
72 72 (0) 1 : 0.999954 0.000010 0.000016 0.000010 0.000010
73 73 (0) 1 : 0.999960 0.000010 0.000010 0.000010 0.000010
74 74 (0) 1 : 0.999960 0.000010 0.000010 0.000010 0.000010
75 75 (0) 1 : 0.999960 0.000010 0.000010 0.000010 0.000010
76 76 (0) 1 : 0.999960 0.000010 0.000010 0.000010 0.000010
77 77 (0) 1 : 0.999957 0.000010 0.000013 0.000010 0.000010
78 78 (0) 1 : 0.000010 0.000010 0.000010 0.999960 0.000010
79 79 (0) 1 : 0.000010 0.000010 0.000010 0.999960 0.000010
80 80 (0) 1 : 0.000010 0.000010 0.000010 0.999960 0.000010
81 81 (0) 1 : 0.000010 0.000010 0.000010 0.999960 0.000010
82 82 (0) 1 : 0.000010 0.000010 0.000010 0.999960 0.000010
83 83 (0) 1 : 0.000010 0.000010 0.000010 0.999960 0.000010
84 84 (0) 1 : 0.000010 0.000010 0.000010 0.999960 0.000010
85 85 (0) 1 : 0.000010 0.000010 0.000010 0.999960 0.000010
86 86 (0) 1 : 0.000010 0.000010 0.000010 0.999960 0.000010
87 87 (0) 1 : 0.000010 0.000010 0.000010 0.999960 0.000010
88 88 (0) 1 : 0.000010 0.000010 0.000010 0.999960 0.000010
89 89 (0) 1 : 0.000010 0.000010 0.000010 0.999960 0.000010
90 90 (0) 1 : 0.000010 0.000010 0.000010 0.999960 0.000010
91 91 (0) 1 : 0.000010 0.000010 0.000010 0.999960 0.000010
92 92 (0) 1 : 0.000010 0.000010 0.000010 0.999960 0.000010
93 93 (0) 1 : 0.000010 0.000010 0.000010 0.999960 0.000010
94 94 (0) 1 : 0.000010 0.000010 0.000010 0.999960 0.000010
95 95 (0) 1 : 0.000010 0.000010 0.000010 0.999960 0.000010
96 96 (0) 1 : 0.000014 0.000010 0.000010 0.000010 0.999956
97 97 (0) 1 : 0.000010 0.000018 0.000010 0.000010 0.999952
98 98 (0) 1 : 0.000012 0.000010 0.000010 0.000010 0.999958
99 99 (0) 1 : 0.000010 0.000010 0.000010 0.000010 0.999960
100 100 (0) 1 : 0.000011 0.000013 0.000010 0.000010 0.999956
101 101 (0) 1 : 0.000010 0.000018 0.000018 0.000010 0.999944
102 102 (0) 1 : 0.000010 0.000010 0.000013 0.000010 0.999957
103 103 (0) 1 : 0.000010 0.000012 0.000010 0.000010 0.999958
104 104 (0) 1 : 0.000010 0.000010 0.000010 0.000010 0.999960
105 105 (0) 1 : 0.000010 0.000010 0.000010 0.000010 0.999960
106 106 (0) 1 : 0.000010 0.000011 0.000010 0.000010 0.999959
107 107 (0) 1 : 0.000010 0.000010 0.000010 0.000010 0.999960
108 108 (0) 1 : 0.000010 0.000011 0.000010 0.000010 0.999959
109 109 (0) 1 : 0.000010 0.000010 0.000010 0.000010 0.999960
110 110 (0) 1 : 0.000010 0.000010 0.000010 0.000010 0.999960
111 111 (0) 1 : 0.000010 0.000010 0.000010 0.000010 0.999960
112 112 (0) 1 : 0.000010 0.000017 0.000010 0.000010 0.999953
113 113 (0) 1 : 0.000011 0.000010 0.000010 0.000010 0.999959
114 114 (0) 1 : 0.000010 0.999960 0.000010 0.000010 0.000010
115 115 (0) 1 : 0.000010 0.999960 0.000010 0.000010 0.000010
116 116 (0) 1 : 0.000010 0.999960 0.000010 0.000010 0.000010
117 117 (0) 1 : 0.000010 0.999960 0.000010 0.000010 0.000010
118 118 (0) 1 : 0.000010 0.999960 0.000010 0.000010 0.000010
119 119 (0) 1 : 0.000010 0.999948 0.000014 0.000018 0.000010
120 120 (0) 1 : 0.000010 0.999960 0.000010 0.000010 0.000010
121 121 (0) 1 : 0.000010 0.999960 0.000010 0.000010 0.000010
