-------------------------------------------------------------------------------
 L       Percentage of nodes in the largest component
 D       Percentage of nodes in components of size at most 3 [-div option]
 R       Percentage of nodes not in L or D: 100 - L -D
 S       Percentage of nodes that are singletons
 E       Fraction of edges retained (input graph has 870)
 cce     Expected size of component, nodewise [ sum(sz^2) / sum^2(sz) ]
 EW      Edge weight traits (mean, median and IQR)
 ND      Node degree traits [mean, median and IQR]
 CCF     Clustering coefficient (scale 1-100)
 eff     Induced component efficiency relative to start graph (scale 1-1000)
Total number of nodes: 30
----------------------------------------------------------------------------------------------
  L   D   R   S     E     cce  EWmean   EWmed   EWiqr  NDmean   NDmed  NDiqr CCF  eff  Cutoff 
----------------------------------------------------------------------------------------------
100   0   0   0 1.000      30    0.96    0.99    0.01    29.0    29.5    0.5   -    -     0.50
100   0   0   0 1.000      30    0.96    0.99    0.01    29.0    29.5    0.5   -    -     0.51
100   0   0   0 1.000      30    0.96    0.99    0.01    29.0    29.5    0.5   -    -     0.52
100   0   0   0 1.000      30    0.96    0.99    0.01    29.0    29.5    0.5   -    -     0.53
100   0   0   0 1.000      30    0.96    0.99    0.01    29.0    29.5    0.5   -    -     0.54
100   0   0   0 1.000      30    0.96    0.99    0.01    29.0    29.5    0.5   -    -     0.55
 97   3   0   3 0.933      28    0.99    0.99    0.01    27.1    28.5    0.5   -    -     0.56
 97   3   0   3 0.933      28    0.99    0.99    0.01    27.1    28.5    0.5   -    -     0.57
 97   3   0   3 0.933      28    0.99    0.99    0.01    27.1    28.5    0.5   -    -     0.58
 97   3   0   3 0.933      28    0.99    0.99    0.01    27.1    28.5    0.5   -    -     0.59
 97   3   0   3 0.933      28    0.99    0.99    0.01    27.1    28.5    0.5   -    -     0.60
 97   3   0   3 0.933      28    0.99    0.99    0.01    27.1    28.5    0.5   -    -     0.61
 97   3   0   3 0.933      28    0.99    0.99    0.01    27.1    28.5    0.5   -    -     0.62
 97   3   0   3 0.933      28    0.99    0.99    0.01    27.1    28.5    0.5   -    -     0.63
 97   3   0   3 0.933      28    0.99    0.99    0.01    27.1    28.5    0.5   -    -     0.64
 97   3   0   3 0.933      28    0.99    0.99    0.01    27.1    28.5    0.5   -    -     0.65
 97   3   0   3 0.933      28    0.99    0.99    0.01    27.1    28.5    0.5   -    -     0.66
 97   3   0   3 0.933      28    0.99    0.99    0.01    27.1    28.5    0.5   -    -     0.67
 97   3   0   3 0.933      28    0.99    0.99    0.01    27.1    28.5    0.5   -    -     0.68
 97   3   0   3 0.933      28    0.99    0.99    0.01    27.1    28.5    0.5   -    -     0.69
 97   3   0   3 0.933      28    0.99    0.99    0.01    27.1    28.5    0.5   -    -     0.70
 97   3   0   3 0.933      28    0.99    0.99    0.01    27.1    28.5    0.5   -    -     0.71
 97   3   0   3 0.933      28    0.99    0.99    0.01    27.1    28.5    0.5   -    -     0.72
 97   3   0   3 0.933      28    0.99    0.99    0.01    27.1    28.5    0.5   -    -     0.73
 97   3   0   3 0.933      28    0.99    0.99    0.01    27.1    28.5    0.5   -    -     0.74
 97   3   0   3 0.933      28    0.99    0.99    0.01    27.1    28.5    0.5   -    -     0.75
 97   3   0   3 0.933      28    0.99    0.99    0.01    27.1    28.5    0.5   -    -     0.76
 97   3   0   3 0.933      28    0.99    0.99    0.01    27.1    28.5    0.5   -    -     0.77
 97   3   0   3 0.933      28    0.99    0.99    0.01    27.1    28.5    0.5   -    -     0.78
 97   3   0   3 0.933      28    0.99    0.99    0.01    27.1    28.5    0.5   -    -     0.79
 97   3   0   3 0.933      28    0.99    0.99    0.01    27.1    28.5    0.5   -    -     0.80
 97   3   0   3 0.933      28    0.99    0.99    0.01    27.1    28.5    0.5   -    -     0.81
 97   3   0   3 0.933      28    0.99    0.99    0.01    27.1    28.5    0.5   -    -     0.82
 97   3   0   3 0.933      28    0.99    0.99    0.01    27.1    28.5    0.5   -    -     0.83
 97   3   0   3 0.933      28    0.99    0.99    0.01    27.1    28.5    0.5   -    -     0.84
 97   3   0   3 0.933      28    0.99    0.99    0.01    27.1    28.5    0.5   -    -     0.85
 97   3   0   3 0.933      28    0.99    0.99    0.01    27.1    28.5    0.5   -    -     0.86
 97   3   0   3 0.933      28    0.99    0.99    0.01    27.1    28.5    0.5   -    -     0.87
 97   3   0   3 0.933      28    0.99    0.99    0.01    27.1    28.5    0.5   -    -     0.88
 97   3   0   3 0.933      28    0.99    0.99    0.01    27.1    28.5    0.5   -    -     0.89
 97   3   0   3 0.933      28    0.99    0.99    0.01    27.1    28.5    0.5   -    -     0.90
 97   3   0   3 0.933      28    0.99    0.99    0.01    27.1    28.5    0.5   -    -     0.91
 97   3   0   3 0.933      28    0.99    0.99    0.01    27.1    28.5    0.5   -    -     0.92
 97   3   0   3 0.933      28    0.99    0.99    0.01    27.1    28.5    0.5   -    -     0.93
 97   3   0   3 0.933      28    0.99    0.99    0.01    27.1    28.5    0.5   -    -     0.94
 97   3   0   3 0.933      28    0.99    0.99    0.01    27.1    28.5    0.5   -    -     0.95
 97   3   0   3 0.933      28    0.99    0.99    0.01    27.1    28.5    0.5   -    -     0.96
 97   3   0   3 0.851      28    0.99    0.99    0.02    24.7    26.5    1.5   -    -     0.97
 90  10   0   3 0.657      24    0.99    0.99    0.01    19.1    21.5    9.5   -    -     0.98
 43  17  40  10 0.251       8    1.00    1.00    0.00     7.3     5.5    7.5   -    -     0.99
---------------------------------------------------------------------------------------------
