-------------------------------------------------------------------------------
 L       Percentage of nodes in the largest component
 D       Percentage of nodes in components of size at most 3 [-div option]
 R       Percentage of nodes not in L or D: 100 - L -D
 S       Percentage of nodes that are singletons
 E       Fraction of edges retained (input graph has 870)
 cce     Expected size of component, nodewise [ sum(sz^2) / sum^2(sz) ]
 EW      Edge weight traits (mean, median and IQR)
 ND      Node degree traits [mean, median and IQR]
 CCF     Clustering coefficient (scale 1-100)
 eff     Induced component efficiency relative to start graph (scale 1-1000)
Total number of nodes: 30
----------------------------------------------------------------------------------------------
  L   D   R   S     E     cce  EWmean   EWmed   EWiqr  NDmean   NDmed  NDiqr CCF  eff  Cutoff 
----------------------------------------------------------------------------------------------
100   0   0   0 1.000      30    0.77    0.59    0.42    29.0    29.5    0.5   -    -     0.50
100   0   0   0 1.000      30    0.77    0.59    0.42    29.0    29.5    0.5   -    -     0.51
100   0   0   0 1.000      30    0.77    0.59    0.42    29.0    29.5    0.5   -    -     0.52
100   0   0   0 1.000      30    0.77    0.59    0.42    29.0    29.5    0.5   -    -     0.53
100   0   0   0 1.000      30    0.77    0.59    0.42    29.0    29.5    0.5   -    -     0.54
100   0   0   0 1.000      30    0.77    0.59    0.42    29.0    29.5    0.5   -    -     0.55
100   0   0   0 1.000      30    0.77    0.59    0.42    29.0    29.5    0.5   -    -     0.56
100   0   0   0 0.531      30    0.95    0.99    0.02    15.4    17.5    5.5   -    -     0.57
100   0   0   0 0.531      30    0.95    0.99    0.02    15.4    17.5    5.5   -    -     0.58
 57   0  43   0 0.492      15    0.98    1.00    0.01    14.3    16.5    4.5   -    -     0.59
 57   0  43   0 0.492      15    0.98    1.00    0.01    14.3    16.5    4.5   -    -     0.60
 57   0  43   0 0.492      15    0.98    1.00    0.01    14.3    16.5    4.5   -    -     0.61
 57   0  43   0 0.492      15    0.98    1.00    0.01    14.3    16.5    4.5   -    -     0.62
 57   0  43   0 0.492      15    0.98    1.00    0.01    14.3    16.5    4.5   -    -     0.63
 57   0  43   0 0.492      15    0.98    1.00    0.01    14.3    16.5    4.5   -    -     0.64
 57   0  43   0 0.492      15    0.98    1.00    0.01    14.3    16.5    4.5   -    -     0.65
 57   0  43   0 0.492      15    0.98    1.00    0.01    14.3    16.5    4.5   -    -     0.66
 57   0  43   0 0.492      15    0.98    1.00    0.01    14.3    16.5    4.5   -    -     0.67
 57   0  43   0 0.492      15    0.98    1.00    0.01    14.3    16.5    4.5   -    -     0.68
 57   0  43   0 0.492      15    0.98    1.00    0.01    14.3    16.5    4.5   -    -     0.69
 57   0  43   0 0.492      15    0.98    1.00    0.01    14.3    16.5    4.5   -    -     0.70
 57   3  40   3 0.464      14    0.99    1.00    0.01    13.5    16.5    5.5   -    -     0.71
 57   3  40   3 0.464      14    0.99    1.00    0.01    13.5    16.5    5.5   -    -     0.72
 57   3  40   3 0.464      14    0.99    1.00    0.01    13.5    16.5    5.5   -    -     0.73
 57   3  40   3 0.464      14    0.99    1.00    0.01    13.5    16.5    5.5   -    -     0.74
 57   3  40   3 0.464      14    0.99    1.00    0.01    13.5    16.5    5.5   -    -     0.75
 57   3  40   3 0.464      14    0.99    1.00    0.01    13.5    16.5    5.5   -    -     0.76
 57   3  40   3 0.464      14    0.99    1.00    0.01    13.5    16.5    5.5   -    -     0.77
 57   3  40   3 0.464      14    0.99    1.00    0.01    13.5    16.5    5.5   -    -     0.78
 57   3  40   3 0.464      14    0.99    1.00    0.01    13.5    16.5    5.5   -    -     0.79
 57   3  40   3 0.464      14    0.99    1.00    0.01    13.5    16.5    5.5   -    -     0.80
 57   3  40   3 0.464      14    0.99    1.00    0.01    13.5    16.5    5.5   -    -     0.81
 57   3  40   3 0.464      14    0.99    1.00    0.01    13.5    16.5    5.5   -    -     0.82
 57   3  40   3 0.464      14    0.99    1.00    0.01    13.5    16.5    5.5   -    -     0.83
 57   3  40   3 0.464      14    0.99    1.00    0.01    13.5    16.5    5.5   -    -     0.84
 57   3  40   3 0.464      14    0.99    1.00    0.01    13.5    16.5    5.5   -    -     0.85
 57   3  40   3 0.464      14    0.99    1.00    0.01    13.5    16.5    5.5   -    -     0.86
 57   3  40   3 0.464      14    0.99    1.00    0.01    13.5    16.5    5.5   -    -     0.87
 57   3  40   3 0.464      14    0.99    1.00    0.01    13.5    16.5    5.5   -    -     0.88
 57   3  40   3 0.464      14    0.99    1.00    0.01    13.5    16.5    5.5   -    -     0.89
 57   3  40   3 0.464      14    0.99    1.00    0.01    13.5    16.5    5.5   -    -     0.90
 57   3  40   3 0.464      14    0.99    1.00    0.01    13.5    16.5    5.5   -    -     0.91
 57   3  40   3 0.464      14    0.99    1.00    0.01    13.5    16.5    5.5   -    -     0.92
 57   3  40   3 0.464      14    0.99    1.00    0.01    13.5    16.5    5.5   -    -     0.93
 57   3  40   3 0.464      14    0.99    1.00    0.01    13.5    16.5    5.5   -    -     0.94
 57   3  40   3 0.464      14    0.99    1.00    0.01    13.5    16.5    5.5   -    -     0.95
 57   3  40   3 0.464      14    0.99    1.00    0.01    13.5    16.5    5.5   -    -     0.96
 57   3  40   3 0.444      14    0.99    1.00    0.01    12.9    15.5    4.5   -    -     0.97
 53   7  40   7 0.428      13    0.99    1.00    0.01    12.4    15.5    4.5   -    -     0.98
 40  30  30  10 0.248       8    1.00    1.00    0.00     7.2     8.5    9.5   -    -     0.99
---------------------------------------------------------------------------------------------
