-------------------------------------------------------------------------------
 L       Percentage of nodes in the largest component
 D       Percentage of nodes in components of size at most 3 [-div option]
 R       Percentage of nodes not in L or D: 100 - L -D
 S       Percentage of nodes that are singletons
 E       Fraction of edges retained (input graph has 870)
 cce     Expected size of component, nodewise [ sum(sz^2) / sum^2(sz) ]
 EW      Edge weight traits (mean, median and IQR)
 ND      Node degree traits [mean, median and IQR]
 CCF     Clustering coefficient (scale 1-100)
 eff     Induced component efficiency relative to start graph (scale 1-1000)
Total number of nodes: 30
----------------------------------------------------------------------------------------------
  L   D   R   S     E     cce  EWmean   EWmed   EWiqr  NDmean   NDmed  NDiqr CCF  eff  Cutoff 
----------------------------------------------------------------------------------------------
100   0   0   0 0.931      30    0.78    0.62    0.39    27.0    29.5    5.5   -    -     0.50
100   0   0   0 0.931      30    0.78    0.62    0.39    27.0    29.5    5.5   -    -     0.51
100   0   0   0 0.931      30    0.78    0.62    0.39    27.0    29.5    5.5   -    -     0.52
100   0   0   0 0.931      30    0.78    0.62    0.39    27.0    29.5    5.5   -    -     0.53
100   0   0   0 0.931      30    0.78    0.62    0.39    27.0    29.5    5.5   -    -     0.54
100   0   0   0 0.931      30    0.78    0.62    0.39    27.0    29.5    5.5   -    -     0.55
100   0   0   0 0.931      30    0.78    0.62    0.39    27.0    29.5    5.5   -    -     0.56
100   0   0   0 0.931      30    0.78    0.62    0.39    27.0    29.5    5.5   -    -     0.57
100   0   0   0 0.931      30    0.78    0.62    0.39    27.0    29.5    5.5   -    -     0.58
100   0   0   0 0.931      30    0.78    0.62    0.39    27.0    29.5    5.5   -    -     0.59
100   0   0   0 0.816      30    0.81    0.93    0.39    23.7    24.5    5.5   -    -     0.60
100   0   0   0 0.692      30    0.85    0.93    0.38    20.1    23.5    9.5   -    -     0.61
 63   0  37   0 0.451      14    0.97    1.00    0.07    13.1    18.5   13.5   -    -     0.62
 63   0  37   0 0.451      14    0.97    1.00    0.07    13.1    18.5   13.5   -    -     0.63
 63   0  37   0 0.451      14    0.97    1.00    0.07    13.1    18.5   13.5   -    -     0.64
 63   0  37   0 0.451      14    0.97    1.00    0.07    13.1    18.5   13.5   -    -     0.65
 63   0  37   0 0.451      14    0.97    1.00    0.07    13.1    18.5   13.5   -    -     0.66
 63   0  37   0 0.451      14    0.97    1.00    0.07    13.1    18.5   13.5   -    -     0.67
 63   0  37   0 0.451      14    0.97    1.00    0.07    13.1    18.5   13.5   -    -     0.68
 63   0  37   0 0.451      14    0.97    1.00    0.07    13.1    18.5   13.5   -    -     0.69
 63   0  37   0 0.451      14    0.97    1.00    0.07    13.1    18.5   13.5   -    -     0.70
 63   0  37   0 0.451      14    0.97    1.00    0.07    13.1    18.5   13.5   -    -     0.71
 63   0  37   0 0.451      14    0.97    1.00    0.07    13.1    18.5   13.5   -    -     0.72
 63   0  37   0 0.451      14    0.97    1.00    0.07    13.1    18.5   13.5   -    -     0.73
 63   0  37   0 0.451      14    0.97    1.00    0.07    13.1    18.5   13.5   -    -     0.74
 63   0  37   0 0.451      14    0.97    1.00    0.07    13.1    18.5   13.5   -    -     0.75
 63   0  37   0 0.451      14    0.97    1.00    0.07    13.1    18.5   13.5   -    -     0.76
 63   0  37   0 0.451      14    0.97    1.00    0.07    13.1    18.5   13.5   -    -     0.77
 63   0  37   0 0.451      14    0.97    1.00    0.07    13.1    18.5   13.5   -    -     0.78
 63   0  37   0 0.451      14    0.97    1.00    0.07    13.1    18.5   13.5   -    -     0.79
 63   0  37   0 0.451      14    0.97    1.00    0.07    13.1    18.5   13.5   -    -     0.80
 63   0  37   0 0.451      14    0.97    1.00    0.07    13.1    18.5   13.5   -    -     0.81
 63   0  37   0 0.451      14    0.97    1.00    0.07    13.1    18.5   13.5   -    -     0.82
 63   0  37   0 0.451      14    0.97    1.00    0.07    13.1    18.5   13.5   -    -     0.83
 63   0  37   0 0.451      14    0.97    1.00    0.07    13.1    18.5   13.5   -    -     0.84
 63   0  37   0 0.451      14    0.97    1.00    0.07    13.1    18.5   13.5   -    -     0.85
 63   0  37   0 0.451      14    0.97    1.00    0.07    13.1    18.5   13.5   -    -     0.86
 63   0  37   0 0.451      14    0.97    1.00    0.07    13.1    18.5   13.5   -    -     0.87
 63   0  37   0 0.451      14    0.97    1.00    0.07    13.1    18.5   13.5   -    -     0.88
 63   0  37   0 0.451      14    0.97    1.00    0.07    13.1    18.5   13.5   -    -     0.89
 63   0  37   0 0.451      14    0.97    1.00    0.07    13.1    18.5   13.5   -    -     0.90
 63   0  37   0 0.451      14    0.97    1.00    0.07    13.1    18.5   13.5   -    -     0.91
 63   0  37   0 0.451      14    0.97    1.00    0.07    13.1    18.5   13.5   -    -     0.92
 33   0  67   0 0.244       8    1.00    1.00    0.00     7.1     8.5    4.5   -    -     0.93
 33   0  67   0 0.244       8    1.00    1.00    0.00     7.1     8.5    4.5   -    -     0.94
 33   0  67   0 0.244       8    1.00    1.00    0.00     7.1     8.5    4.5   -    -     0.95
 33   0  67   0 0.244       8    1.00    1.00    0.00     7.1     8.5    4.5   -    -     0.96
 33   0  67   0 0.244       8    1.00    1.00    0.00     7.1     8.5    4.5   -    -     0.97
 33   0  67   0 0.244       8    1.00    1.00    0.00     7.1     8.5    4.5   -    -     0.98
 33   0  67   0 0.244       8    1.00    1.00    0.00     7.1     8.5    4.5   -    -     0.99
---------------------------------------------------------------------------------------------
