1 1 (0) 1 : 0.000010 0.999940 0.000010 0.000010 0.000010 0.000010 0.000010
2 2 (0) 1 : 0.000010 0.999940 0.000010 0.000010 0.000010 0.000010 0.000010
3 3 (0) 1 : 0.000010 0.999940 0.000010 0.000010 0.000010 0.000010 0.000010
4 4 (0) 1 : 0.000010 0.999940 0.000010 0.000010 0.000010 0.000010 0.000010
5 5 (0) 1 : 0.000010 0.999940 0.000010 0.000010 0.000010 0.000010 0.000010
6 6 (0) 1 : 0.000010 0.999940 0.000010 0.000010 0.000010 0.000010 0.000010
7 7 (0) 1 : 0.000010 0.999940 0.000010 0.000010 0.000010 0.000010 0.000010
8 8 (0) 1 : 0.000010 0.999940 0.000010 0.000010 0.000010 0.000010 0.000010
9 9 (0) 1 : 0.000010 0.999940 0.000010 0.000010 0.000010 0.000010 0.000010
10 10 (0) 1 : 0.000010 0.999940 0.000010 0.000010 0.000010 0.000010 0.000010
11 11 (0) 1 : 0.000010 0.999940 0.000010 0.000010 0.000010 0.000010 0.000010
12 12 (0) 1 : 0.000010 0.999940 0.000010 0.000010 0.000010 0.000010 0.000010
13 13 (0) 1 : 0.000010 0.999940 0.000010 0.000010 0.000010 0.000010 0.000010
14 14 (0) 1 : 0.000010 0.999940 0.000010 0.000010 0.000010 0.000010 0.000010
15 15 (0) 1 : 0.000010 0.999940 0.000010 0.000010 0.000010 0.000010 0.000010
16 16 (0) 1 : 0.000010 0.999940 0.000010 0.000010 0.000010 0.000010 0.000010
17 17 (0) 1 : 0.000010 0.999940 0.000010 0.000010 0.000010 0.000010 0.000010
18 18 (0) 1 : 0.000010 0.999940 0.000010 0.000010 0.000010 0.000010 0.000010
19 19 (0) 1 : 0.000010 0.999940 0.000010 0.000010 0.000010 0.000010 0.000010
20 20 (0) 1 : 0.000010 0.999940 0.000010 0.000010 0.000010 0.000010 0.000010
21 21 (0) 1 : 0.000010 0.999940 0.000010 0.000010 0.000010 0.000010 0.000010
22 22 (0) 1 : 0.000010 0.999940 0.000010 0.000010 0.000010 0.000010 0.000010
23 23 (0) 1 : 0.000010 0.999940 0.000010 0.000010 0.000010 0.000010 0.000010
24 24 (0) 1 : 0.000010 0.999940 0.000010 0.000010 0.000010 0.000010 0.000010
25 25 (0) 1 : 0.000010 0.999940 0.000010 0.000010 0.000010 0.000010 0.000010
26 26 (0) 1 : 0.000010 0.999940 0.000010 0.000010 0.000010 0.000010 0.000010
27 27 (0) 1 : 0.000010 0.999940 0.000010 0.000010 0.000010 0.000010 0.000010
28 28 (0) 1 : 0.000010 0.999940 0.000010 0.000010 0.000010 0.000010 0.000010
29 29 (0) 1 : 0.000010 0.999940 0.000010 0.000010 0.000010 0.000010 0.000010
30 30 (0) 1 : 0.000010 0.999940 0.000010 0.000010 0.000010 0.000010 0.000010
31 31 (0) 1 : 0.000010 0.999940 0.000010 0.000010 0.000010 0.000010 0.000010
32 32 (0) 1 : 0.000010 0.999940 0.000010 0.000010 0.000010 0.000010 0.000010
33 33 (0) 1 : 0.000010 0.999940 0.000010 0.000010 0.000010 0.000010 0.000010
34 34 (0) 1 : 0.000010 0.999940 0.000010 0.000010 0.000010 0.000010 0.000010
35 35 (0) 1 : 0.000010 0.999940 0.000010 0.000010 0.000010 0.000010 0.000010
36 36 (0) 1 : 0.000010 0.000010 0.000010 0.000010 0.609743 0.390207 0.000010
37 37 (0) 1 : 0.000010 0.000010 0.000010 0.000010 0.999940 0.000010 0.000010
38 38 (0) 1 : 0.000010 0.000010 0.000010 0.000010 0.999940 0.000010 0.000010
39 39 (0) 1 : 0.000010 0.000010 0.000010 0.000010 0.000010 0.999940 0.000010
40 40 (0) 1 : 0.000010 0.000010 0.000010 0.000010 0.384640 0.615310 0.000010
41 41 (0) 1 : 0.000010 0.000010 0.000010 0.000010 0.841709 0.158241 0.000010
42 42 (0) 1 : 0.000010 0.000010 0.000010 0.000010 0.253528 0.746422 0.000010
43 43 (0) 1 : 0.000010 0.000010 0.000010 0.000010 0.101859 0.898091 0.000010
44 44 (0) 1 : 0.000015 0.000010 0.000010 0.000010 0.387405 0.612540 0.000010
45 45 (0) 1 : 0.000010 0.000010 0.000010 0.000010 0.203387 0.796563 0.000010
46 46 (0) 1 : 0.000010 0.000010 0.000010 0.000010 0.999940 0.000010 0.000010
47 47 (0) 1 : 0.000010 0.000010 0.000010 0.000010 0.999940 0.000010 0.000010
48 48 (0) 1 : 0.000010 0.000010 0.000010 0.000010 0.999940 0.000010 0.000010
49 49 (0) 1 : 0.000010 0.000010 0.000010 0.000010 0.313659 0.686291 0.000010
50 50 (0) 1 : 0.000010 0.000010 0.000010 0.000010 0.999940 0.000010 0.000010
51 51 (0) 1 : 0.000010 0.000015 0.000010 0.000010 0.630322 0.369624 0.000010
52 52 (0) 1 : 0.000010 0.000010 0.000010 0.000010 0.999940 0.000010 0.000010
53 53 (0) 1 : 0.000010 0.000010 0.000010 0.000010 0.000010 0.999940 0.000010
54 54 (0) 1 : 0.000010 0.000010 0.000010 0.000010 0.000010 0.999940 0.000010
55 55 (0) 1 : 0.000010 0.000010 0.000010 0.000010 0.442978 0.556972 0.000010
56 56 (0) 1 : 0.000010 0.000010 0.000010 0.000010 0.999940 0.000010 0.000010
57 57 (0) 1 : 0.000010 0.000010 0.000010 0.000010 0.000010 0.999940 0.000010
58 58 (0) 1 : 0.000010 0.000010 0.000010 0.000010 0.301913 0.698037 0.000010
59 59 (0) 1 : 0.000010 0.000010 0.000010 0.000010 0.282792 0.717158 0.000010
60 60 (0) 1 : 0.000010 0.000010 0.000010 0.000010 0.000010 0.999940 0.000010
61 61 (0) 1 : 0.000010 0.000010 0.000010 0.000010 0.000010 0.999940 0.000010
62 62 (0) 1 : 0.000010 0.000010 0.000010 0.000010 0.999940 0.000010 0.000010
63 63 (0) 1 : 0.000010 0.000010 0.000010 0.000010 0.642643 0.357307 0.000010
64 64 (0) 1 : 0.000010 0.000010 0.000010 0.000010 0.000010 0.999940 0.000010
65 65 (0) 1 : 0.000010 0.000010 0.000010 0.000010 0.275248 0.724702 0.000010
66 66 (0) 1 : 0.000010 0.000010 0.000010 0.000010 0.000010 0.999940 0.000010
67 67 (0) 1 : 0.000010 0.000010 0.000010 0.000010 0.106464 0.893486 0.000010
68 68 (0) 1 : 0.000010 0.000010 0.000010 0.000010 0.999940 0.000010 0.000010
69 69 (0) 1 : 0.000010 0.000010 0.000010 0.000010 0.530296 0.469654 0.000010
70 70 (0) 1 : 0.000010 0.000010 0.000010 0.000010 0.850839 0.149111 0.000010
71 71 (0) 1 : 0.000010 0.000010 0.000010 0.000010 0.685608 0.314342 0.000010
72 72 (0) 1 : 0.000010 0.000010 0.000010 0.000010 0.000010 0.999940 0.000010
73 73 (0) 1 : 0.000010 0.000010 0.000010 0.000010 0.000010 0.999940 0.000010
74 74 (0) 1 : 0.000010 0.000010 0.000010 0.000010 0.287965 0.711985 0.000010
75 75 (0) 1 : 0.000010 0.000010 0.000010 0.000010 0.404539 0.595411 0.000010
76 76 (0) 1 : 0.000010 0.000010 0.000010 0.000010 0.999940 0.000010 0.000010
77 77 (0) 1 : 0.000010 0.000010 0.000010 0.000010 0.999940 0.000010 0.000010
78 78 (0) 1 : 0.000010 0.000010 0.999940 0.000010 0.000010 0.000010 0.000010
79 79 (0) 1 : 0.000010 0.000010 0.999940 0.000010 0.000010 0.000010 0.000010
80 80 (0) 1 : 0.000010 0.000014 0.999936 0.000010 0.000010 0.000010 0.000010
81 81 (0) 1 : 0.000010 0.000010 0.999940 0.000010 0.000010 0.000010 0.000010
82 82 (0) 1 : 0.000010 0.000010 0.999940 0.000010 0.000010 0.000010 0.000010
83 83 (0) 1 : 0.000017 0.000010 0.999933 0.000010 0.000010 0.000010 0.000010
84 84 (0) 1 : 0.000010 0.000018 0.999932 0.000010 0.000010 0.000010 0.000010
85 85 (0) 1 : 0.000010 0.000010 0.999940 0.000010 0.000010 0.000010 0.000010
86 86 (0) 1 : 0.000010 0.000010 0.999939 0.000011 0.000010 0.000010 0.000010
87 87 (0) 1 : 0.000010 0.000010 0.999938 0.000012 0.000010 0.000010 0.000010
88 88 (0) 1 : 0.000010 0.000010 0.999940 0.000010 0.000010 0.000010 0.000010
89 89 (0) 1 : 0.000010 0.000010 0.999940 0.000010 0.000010 0.000010 0.000010
90 90 (0) 1 : 0.000019 0.000020 0.999921 0.000010 0.000010 0.000010 0.000010
91 91 (0) 1 : 0.000016 0.000011 0.999933 0.000010 0.000010 0.000010 0.000010
92 92 (0) 1 : 0.000010 0.000018 0.999927 0.000015 0.000010 0.000010 0.000010
93 93 (0) 1 : 0.000010 0.000014 0.999928 0.000018 0.000010 0.000010 0.000010
94 94 (0) 1 : 0.000010 0.000010 0.999940 0.000010 0.000010 0.000010 0.000010
95 95 (0) 1 : 0.000010 0.000013 0.999937 0.000010 0.000010 0.000010 0.000010
96 96 (0) 1 : 0.999935 0.000010 0.000010 0.000015 0.000010 0.000010 0.000010
97 97 (0) 1 : 0.999940 0.000010 0.000010 0.000010 0.000010 0.000010 0.000010
98 98 (0) 1 : 0.999940 0.000010 0.000010 0.000010 0.000010 0.000010 0.000010
99 99 (0) 1 : 0.537742 0.000010 0.000010 0.462208 0.000010 0.000010 0.000010
100 100 (0) 1 : 0.999940 0.000010 0.000010 0.000010 0.000010 0.000010 0.000010
101 101 (0) 1 : 0.778580 0.000010 0.000010 0.221370 0.000010 0.000010 0.000010
102 102 (0) 1 : 0.000011 0.000010 0.000010 0.999939 0.000010 0.000010 0.000010
103 103 (0) 1 : 0.999940 0.000010 0.000010 0.000010 0.000010 0.000010 0.000010
104 104 (0) 1 : 0.546127 0.000010 0.000010 0.453823 0.000010 0.000010 0.000010
105 105 (0) 1 : 0.000010 0.000010 0.000010 0.999940 0.000010 0.000010 0.000010
106 106 (0) 1 : 0.999940 0.000010 0.000010 0.000010 0.000010 0.000010 0.000010
107 107 (0) 1 : 0.000010 0.000010 0.000010 0.999940 0.000010 0.000010 0.000010
108 108 (0) 1 : 0.252123 0.000010 0.000010 0.747827 0.000010 0.000010 0.000010
109 109 (0) 1 : 0.846743 0.000010 0.000010 0.153207 0.000010 0.000010 0.000010
110 110 (0) 1 : 0.999940 0.000010 0.000010 0.000010 0.000010 0.000010 0.000010
111 111 (0) 1 : 0.999940 0.000010 0.000010 0.000010 0.000010 0.000010 0.000010
112 112 (0) 1 : 0.999940 0.000010 0.000010 0.000010 0.000010 0.000010 0.000010
113 113 (0) 1 : 0.000010 0.000010 0.000010 0.999940 0.000010 0.000010 0.000010
114 114 (0) 1 : 0.000010 0.000010 0.000010 0.000010 0.000010 0.000010 0.999940
115 115 (0) 1 : 0.000010 0.000010 0.000010 0.000010 0.000010 0.000010 0.999940
116 116 (0) 1 : 0.000010 0.000010 0.000010 0.000010 0.000010 0.000010 0.999940
117 117 (0) 1 : 0.000013 0.000011 0.000010 0.000010 0.000010 0.000010 0.999935
118 118 (0) 1 : 0.000010 0.000019 0.000010 0.000010 0.000010 0.000010 0.999931
119 119 (0) 1 : 0.000010 0.000016 0.000010 0.000010 0.000010 0.000010 0.999934
120 120 (0) 1 : 0.000010 0.000010 0.000010 0.000016 0.000010 0.000010 0.999934
121 121 (0) 1 : 0.000010 0.000010 0.000010 0.000010 0.000010 0.000010 0.999940
1 1 (0) 1 : 0.999940 0.000010 0.000010 0.000010 0.000010 0.000010 0.000010
2 2 (0) 1 : 0.999940 0.000010 0.000010 0.000010 0.000010 0.000010 0.000010
3 3 (0) 1 : 0.999940 0.000010 0.000010 0.000010 0.000010 0.000010 0.000010
4 4 (0) 1 : 0.999940 0.000010 0.000010 0.000010 0.000010 0.000010 0.000010
5 5 (0) 1 : 0.999940 0.000010 0.000010 0.000010 0.000010 0.000010 0.000010
6 6 (0) 1 : 0.999940 0.000010 0.000010 0.000010 0.000010 0.000010 0.000010
7 7 (0) 1 : 0.999940 0.000010 0.000010 0.000010 0.000010 0.000010 0.000010
8 8 (0) 1 : 0.999940 0.000010 0.000010 0.000010 0.000010 0.000010 0.000010
9 9 (0) 1 : 0.999940 0.000010 0.000010 0.000010 0.000010 0.000010 0.000010
10 10 (0) 1 : 0.999940 0.000010 0.000010 0.000010 0.000010 0.000010 0.000010
11 11 (0) 1 : 0.999932 0.000010 0.000010 0.000010 0.000010 0.000018 0.000010
12 12 (0) 1 : 0.999940 0.000010 0.000010 0.000010 0.000010 0.000010 0.000010
13 13 (0) 1 : 0.999940 0.000010 0.000010 0.000010 0.000010 0.000010 0.000010
14 14 (0) 1 : 0.999940 0.000010 0.000010 0.000010 0.000010 0.000010 0.000010
15 15 (0) 1 : 0.999940 0.000010 0.000010 0.000010 0.000010 0.000010 0.000010
16 16 (0) 1 : 0.999940 0.000010 0.000010 0.000010 0.000010 0.000010 0.000010
17 17 (0) 1 : 0.999940 0.000010 0.000010 0.000010 0.000010 0.000010 0.000010
18 18 (0) 1 : 0.999940 0.000010 0.000010 0.000010 0.000010 0.000010 0.000010
19 19 (0) 1 : 0.999940 0.000010 0.000010 0.000010 0.000010 0.000010 0.000010
20 20 (0) 1 : 0.999940 0.000010 0.000010 0.000010 0.000010 0.000010 0.000010
21 21 (0) 1 : 0.999940 0.000010 0.000010 0.000010 0.000010 0.000010 0.000010
22 22 (0) 1 : 0.999940 0.000010 0.000010 0.000010 0.000010 0.000010 0.000010
23 23 (0) 1 : 0.999940 0.000010 0.000010 0.000010 0.000010 0.000010 0.000010
24 24 (0) 1 : 0.999940 0.000010 0.000010 0.000010 0.000010 0.000010 0.000010
25 25 (0) 1 : 0.999940 0.000010 0.000010 0.000010 0.000010 0.000010 0.000010
26 26 (0) 1 : 0.999940 0.000010 0.000010 0.000010 0.000010 0.000010 0.000010
27 27 (0) 1 : 0.999940 0.000010 0.000010 0.000010 0.000010 0.000010 0.000010
28 28 (0) 1 : 0.999940 0.000010 0.000010 0.000010 0.000010 0.000010 0.000010
29 29 (0) 1 : 0.999940 0.000010 0.000010 0.000010 0.000010 0.000010 0.000010
30 30 (0) 1 : 0.999940 0.000010 0.000010 0.000010 0.000010 0.000010 0.000010
31 31 (0) 1 : 0.999940 0.000010 0.000010 0.000010 0.000010 0.000010 0.000010
32 32 (0) 1 : 0.999940 0.000010 0.000010 0.000010 0.000010 0.000010 0.000010
33 33 (0) 1 : 0.999940 0.000010 0.000010 0.000010 0.000010 0.000010 0.000010
34 34 (0) 1 : 0.999940 0.000010 0.000010 0.000010 0.000010 0.000010 0.000010
35 35 (0) 1 : 0.999940 0.000010 0.000010 0.000010 0.000010 0.000010 0.000010
36 36 (0) 1 : 0.000010 0.000010 0.000010 0.000010 0.606004 0.000010 0.393946
37 37 (0) 1 : 0.000010 0.000010 0.000010 0.000010 0.999940 0.000010 0.000010
38 38 (0) 1 : 0.000010 0.000010 0.000010 0.000010 0.999940 0.000010 0.000010
39 39 (0) 1 : 0.000010 0.000010 0.000010 0.000010 0.002948 0.000010 0.997002
40 40 (0) 1 : 0.000010 0.000010 0.000010 0.000010 0.381130 0.000010 0.618820
41 41 (0) 1 : 0.000010 0.000010 0.000010 0.000010 0.827512 0.000010 0.172438
42 42 (0) 1 : 0.000010 0.000010 0.000013 0.000010 0.274718 0.000010 0.725228
43 43 (0) 1 : 0.000010 0.000010 0.000010 0.000010 0.039014 0.000010 0.960936
44 44 (0) 1 : 0.000010 0.000010 0.000010 0.000010 0.570436 0.000010 0.429514
45 45 (0) 1 : 0.000010 0.000010 0.000010 0.000010 0.185097 0.000010 0.814853
46 46 (0) 1 : 0.000010 0.000010 0.000010 0.000010 0.999940 0.000010 0.000010
47 47 (0) 1 : 0.000010 0.000010 0.000010 0.000010 0.999940 0.000010 0.000010
48 48 (0) 1 : 0.000010 0.000010 0.000010 0.000010 0.999940 0.000010 0.000010
49 49 (0) 1 : 0.000010 0.000010 0.000010 0.000010 0.328414 0.000010 0.671536
50 50 (0) 1 : 0.000010 0.000010 0.000010 0.000010 0.999940 0.000010 0.000010
51 51 (0) 1 : 0.000010 0.000010 0.000010 0.000010 0.631487 0.000010 0.368463
52 52 (0) 1 : 0.000010 0.000010 0.000010 0.000010 0.999940 0.000010 0.000010
53 53 (0) 1 : 0.000010 0.000010 0.000010 0.000010 0.000010 0.000010 0.999940
54 54 (0) 1 : 0.000010 0.000010 0.000010 0.000010 0.000010 0.000010 0.999940
55 55 (0) 1 : 0.000010 0.000010 0.000010 0.000010 0.467933 0.000010 0.532017
56 56 (0) 1 : 0.000010 0.000010 0.000010 0.000010 0.999940 0.000010 0.000010
57 57 (0) 1 : 0.000010 0.000010 0.000010 0.000010 0.000010 0.000010 0.999940
58 58 (0) 1 : 0.000010 0.000010 0.000010 0.000010 0.307920 0.000010 0.692030
59 59 (0) 1 : 0.000010 0.000010 0.000013 0.000010 0.325111 0.000010 0.674836
60 60 (0) 1 : 0.000010 0.000010 0.000010 0.000010 0.000010 0.000010 0.999940
61 61 (0) 1 : 0.000010 0.000010 0.000010 0.000010 0.000010 0.000010 0.999940
62 62 (0) 1 : 0.000010 0.000010 0.000010 0.000010 0.999940 0.000010 0.000010
63 63 (0) 1 : 0.000010 0.000010 0.000010 0.000010 0.649672 0.000010 0.350278
64 64 (0) 1 : 0.000010 0.000010 0.000010 0.000010 0.000010 0.000010 0.999940
65 65 (0) 1 : 0.000010 0.000010 0.000014 0.000010 0.283752 0.000010 0.716195
66 66 (0) 1 : 0.000010 0.000010 0.000010 0.000010 0.000010 0.000010 0.999940
67 67 (0) 1 : 0.000010 0.000010 0.000010 0.000010 0.112039 0.000010 0.887911
68 68 (0) 1 : 0.000010 0.000010 0.000010 0.000010 0.999940 0.000010 0.000010
69 69 (0) 1 : 0.000010 0.000010 0.000010 0.000010 0.397131 0.000010 0.602819
70 70 (0) 1 : 0.000010 0.000010 0.000010 0.000010 0.873253 0.000010 0.126697
71 71 (0) 1 : 0.000010 0.000010 0.000010 0.000010 0.693324 0.000010 0.306626
72 72 (0) 1 : 0.000010 0.000010 0.000010 0.000010 0.000010 0.000010 0.999940
73 73 (0) 1 : 0.000010 0.000010 0.000010 0.000010 0.000010 0.000010 0.999940
74 74 (0) 1 : 0.000010 0.000010 0.000010 0.000010 0.284050 0.000010 0.715900
75 75 (0) 1 : 0.000010 0.000010 0.000010 0.000010 0.384146 0.000010 0.615804
76 76 (0) 1 : 0.000010 0.000010 0.000010 0.000010 0.999940 0.000010 0.000010
77 77 (0) 1 : 0.000010 0.000010 0.000010 0.000010 0.999940 0.000010 0.000010
78 78 (0) 1 : 0.000010 0.000010 0.000010 0.999937 0.000010 0.000013 0.000010
79 79 (0) 1 : 0.000010 0.000010 0.000010 0.999940 0.000010 0.000010 0.000010
80 80 (0) 1 : 0.000010 0.000010 0.000013 0.999937 0.000010 0.000010 0.000010
81 81 (0) 1 : 0.000010 0.000010 0.000018 0.999932 0.000010 0.000010 0.000010
82 82 (0) 1 : 0.000019 0.000010 0.000010 0.999930 0.000010 0.000010 0.000010
83 83 (0) 1 : 0.000010 0.000010 0.000010 0.999940 0.000010 0.000010 0.000010
84 84 (0) 1 : 0.000010 0.000010 0.000010 0.999940 0.000010 0.000010 0.000010
85 85 (0) 1 : 0.000010 0.000010 0.000010 0.999940 0.000010 0.000010 0.000010
86 86 (0) 1 : 0.000010 0.000010 0.000010 0.999940 0.000010 0.000010 0.000010
87 87 (0) 1 : 0.000010 0.000010 0.000010 0.999940 0.000010 0.000010 0.000010
88 88 (0) 1 : 0.000010 0.000010 0.000010 0.999940 0.000010 0.000010 0.000010
89 89 (0) 1 : 0.000010 0.000010 0.000010 0.999940 0.000010 0.000010 0.000010
90 90 (0) 1 : 0.000010 0.000010 0.000010 0.999938 0.000010 0.000012 0.000010
91 91 (0) 1 : 0.000010 0.000010 0.000010 0.999940 0.000010 0.000010 0.000010
92 92 (0) 1 : 0.000010 0.000010 0.000010 0.999940 0.000010 0.000010 0.000010
93 93 (0) 1 : 0.000010 0.000010 0.000010 0.999940 0.000010 0.000010 0.000010
94 94 (0) 1 : 0.000010 0.000010 0.000010 0.999940 0.000010 0.000010 0.000010
95 95 (0) 1 : 0.000010 0.000010 0.000010 0.999940 0.000010 0.000010 0.000010
96 96 (0) 1 : 0.000010 0.000010 0.999938 0.000010 0.000010 0.000012 0.000010
97 97 (0) 1 : 0.000010 0.000010 0.999940 0.000010 0.000010 0.000010 0.000010
98 98 (0) 1 : 0.000010 0.000010 0.999940 0.000010 0.000010 0.000010 0.000010
99 99 (0) 1 : 0.000010 0.000010 0.999940 0.000010 0.000010 0.000010 0.000010
100 100 (0) 1 : 0.000010 0.000010 0.999940 0.000010 0.000010 0.000010 0.000010
101 101 (0) 1 : 0.000014 0.511394 0.488552 0.000010 0.000010 0.000010 0.000010
102 102 (0) 1 : 0.000010 0.999940 0.000010 0.000010 0.000010 0.000010 0.000010
103 103 (0) 1 : 0.000010 0.000010 0.999940 0.000010 0.000010 0.000010 0.000010
104 104 (0) 1 : 0.000010 0.999940 0.000010 0.000010 0.000010 0.000010 0.000010
105 105 (0) 1 : 0.000010 0.999939 0.000010 0.000011 0.000010 0.000010 0.000010
106 106 (0) 1 : 0.000010 0.999940 0.000010 0.000010 0.000010 0.000010 0.000010
107 107 (0) 1 : 0.000010 0.999940 0.000010 0.000010 0.000010 0.000010 0.000010
108 108 (0) 1 : 0.000013 0.999937 0.000010 0.000010 0.000010 0.000010 0.000010
109 109 (0) 1 : 0.000010 0.000010 0.999940 0.000010 0.000010 0.000010 0.000010
110 110 (0) 1 : 0.000010 0.000010 0.999938 0.000010 0.000012 0.000010 0.000010
111 111 (0) 1 : 0.000010 0.000010 0.999940 0.000010 0.000010 0.000010 0.000010
112 112 (0) 1 : 0.000010 0.238263 0.761687 0.000010 0.000010 0.000010 0.000010
113 113 (0) 1 : 0.000010 0.999940 0.000010 0.000010 0.000010 0.000010 0.000010
114 114 (0) 1 : 0.000010 0.000010 0.000010 0.000010 0.000010 0.999940 0.000010
115 115 (0) 1 : 0.000010 0.000010 0.000010 0.000010 0.000010 0.999940 0.000010
116 116 (0) 1 : 0.000010 0.000010 0.000010 0.000010 0.000010 0.999940 0.000010
117 117 (0) 1 : 0.000011 0.000010 0.000010 0.000010 0.000016 0.999933 0.000010
118 118 (0) 1 : 0.000010 0.000010 0.000010 0.000010 0.000010 0.999940 0.000010
119 119 (0) 1 : 0.000010 0.000010 0.000010 0.000010 0.000010 0.999940 0.000010
120 120 (0) 1 : 0.000010 0.000010 0.000010 0.000010 0.000010 0.999940 0.000010
121 121 (0) 1 : 0.000010 0.000010 0.000010 0.000010 0.000010 0.999940 0.000010
1 1 (0) 1 : 0.000010 0.961024 0.038923 0.000013 0.000010 0.000010 0.000010
2 2 (0) 1 : 0.000010 0.765842 0.234108 0.000010 0.000010 0.000010 0.000010
3 3 (0) 1 : 0.000010 0.930832 0.069118 0.000010 0.000010 0.000010 0.000010
4 4 (0) 1 : 0.000010 0.951075 0.048875 0.000010 0.000010 0.000010 0.000010
5 5 (0) 1 : 0.000010 0.989239 0.010711 0.000010 0.000010 0.000010 0.000010
6 6 (0) 1 : 0.000010 0.999940 0.000010 0.000010 0.000010 0.000010 0.000010
7 7 (0) 1 : 0.000010 0.985684 0.014266 0.000010 0.000010 0.000010 0.000010
8 8 (0) 1 : 0.000010 0.980283 0.019667 0.000010 0.000010 0.000010 0.000010
9 9 (0) 1 : 0.000010 0.897983 0.101967 0.000010 0.000010 0.000010 0.000010
10 10 (0) 1 : 0.000010 0.000010 0.999940 0.000010 0.000010 0.000010 0.000010
11 11 (0) 1 : 0.000010 0.999940 0.000010 0.000010 0.000010 0.000010 0.000010
12 12 (0) 1 : 0.000010 0.000010 0.999940 0.000010 0.000010 0.000010 0.000010
13 13 (0) 1 : 0.000010 0.999937 0.000013 0.000010 0.000010 0.000010 0.000010
14 14 (0) 1 : 0.000010 0.000010 0.999940 0.000010 0.000010 0.000010 0.000010
15 15 (0) 1 : 0.000010 0.928123 0.071825 0.000010 0.000012 0.000010 0.000010
16 16 (0) 1 : 0.000010 0.704965 0.294985 0.000010 0.000010 0.000010 0.000010
17 17 (0) 1 : 0.000010 0.999940 0.000010 0.000010 0.000010 0.000010 0.000010
18 18 (0) 1 : 0.000010 0.999940 0.000010 0.000010 0.000010 0.000010 0.000010
19 19 (0) 1 : 0.000010 0.975473 0.024477 0.000010 0.000010 0.000010 0.000010
20 20 (0) 1 : 0.000010 0.841914 0.158036 0.000010 0.000010 0.000010 0.000010
21 21 (0) 1 : 0.000010 0.969780 0.030170 0.000010 0.000010 0.000010 0.000010
22 22 (0) 1 : 0.000010 0.828207 0.171743 0.000010 0.000010 0.000010 0.000010
23 23 (0) 1 : 0.000010 0.795040 0.204910 0.000010 0.000010 0.000010 0.000010
24 24 (0) 1 : 0.000010 0.999940 0.000010 0.000010 0.000010 0.000010 0.000010
25 25 (0) 1 : 0.000010 0.947101 0.052849 0.000010 0.000010 0.000010 0.000010
26 26 (0) 1 : 0.000010 0.999938 0.000010 0.000010 0.000012 0.000010 0.000010
27 27 (0) 1 : 0.000010 0.742859 0.257091 0.000010 0.000010 0.000010 0.000010
28 28 (0) 1 : 0.000010 0.877711 0.122239 0.000010 0.000010 0.000010 0.000010
29 29 (0) 1 : 0.000010 0.999940 0.000010 0.000010 0.000010 0.000010 0.000010
30 30 (0) 1 : 0.000010 0.934034 0.065916 0.000010 0.000010 0.000010 0.000010
31 31 (0) 1 : 0.000010 0.999940 0.000010 0.000010 0.000010 0.000010 0.000010
32 32 (0) 1 : 0.000010 0.941102 0.058848 0.000010 0.000010 0.000010 0.000010
33 33 (0) 1 : 0.000010 0.883627 0.116323 0.000010 0.000010 0.000010 0.000010
34 34 (0) 1 : 0.000010 0.895614 0.104336 0.000010 0.000010 0.000010 0.000010
35 35 (0) 1 : 0.000010 0.999940 0.000010 0.000010 0.000010 0.000010 0.000010
36 36 (0) 1 : 0.000010 0.000010 0.000010 0.000010 0.391066 0.608884 0.000010
37 37 (0) 1 : 0.000010 0.000010 0.000010 0.000010 0.000010 0.999940 0.000010
38 38 (0) 1 : 0.000010 0.000010 0.000010 0.000010 0.000010 0.999940 0.000010
39 39 (0) 1 : 0.000010 0.000010 0.000010 0.000010 0.998095 0.001855 0.000010
40 40 (0) 1 : 0.000010 0.000010 0.000010 0.000010 0.614724 0.385226 0.000010
41 41 (0) 1 : 0.000010 0.000010 0.000010 0.000010 0.154307 0.845643 0.000010
42 42 (0) 1 : 0.000010 0.000010 0.000010 0.000010 0.729147 0.270803 0.000010
43 43 (0) 1 : 0.000010 0.000010 0.000010 0.000010 0.912950 0.087000 0.000010
44 44 (0) 1 : 0.000010 0.000010 0.000010 0.000010 0.610247 0.389703 0.000010
45 45 (0) 1 : 0.000010 0.000010 0.000010 0.000010 0.799194 0.200756 0.000010
46 46 (0) 1 : 0.000010 0.000010 0.000010 0.000010 0.000016 0.999934 0.000010
47 47 (0) 1 : 0.000010 0.000010 0.000010 0.000010 0.000010 0.999940 0.000010
48 48 (0) 1 : 0.000010 0.000010 0.000010 0.000010 0.000010 0.999940 0.000010
49 49 (0) 1 : 0.000010 0.000010 0.000010 0.000010 0.681398 0.318552 0.000010
50 50 (0) 1 : 0.000010 0.000010 0.000010 0.000010 0.000010 0.999940 0.000010
51 51 (0) 1 : 0.000010 0.000010 0.000010 0.000010 0.366804 0.633146 0.000010
52 52 (0) 1 : 0.000010 0.000010 0.000010 0.000010 0.000010 0.999940 0.000010
53 53 (0) 1 : 0.000010 0.000010 0.000010 0.000010 0.999940 0.000010 0.000010
54 54 (0) 1 : 0.000010 0.000010 0.000010 0.000010 0.999940 0.000010 0.000010
55 55 (0) 1 : 0.000010 0.000010 0.000010 0.000010 0.552560 0.447390 0.000010
56 56 (0) 1 : 0.000010 0.000010 0.000010 0.000010 0.000010 0.999940 0.000010
57 57 (0) 1 : 0.000010 0.000010 0.000010 0.000010 0.999940 0.000010 0.000010
58 58 (0) 1 : 0.000010 0.000010 0.000010 0.000010 0.694437 0.305513 0.000010
59 59 (0) 1 : 0.000010 0.000010 0.000010 0.000010 0.697069 0.302881 0.000010
60 60 (0) 1 : 0.000010 0.000010 0.000010 0.000010 0.999940 0.000010 0.000010
61 61 (0) 1 : 0.000010 0.000010 0.000010 0.000010 0.999940 0.000010 0.000010
62 62 (0) 1 : 0.000010 0.000010 0.000010 0.000010 0.000010 0.999940 0.000010
63 63 (0) 1 : 0.000010 0.000010 0.000010 0.000010 0.356614 0.643336 0.000010
64 64 (0) 1 : 0.000010 0.000010 0.000010 0.000010 0.999940 0.000010 0.000010
65 65 (0) 1 : 0.000010 0.000010 0.000010 0.000010 0.724258 0.275692 0.000010
66 66 (0) 1 : 0.000010 0.000010 0.000010 0.000010 0.999940 0.000010 0.000010
67 67 (0) 1 : 0.000010 0.000010 0.000010 0.000010 0.891230 0.108720 0.000010
68 68 (0) 1 : 0.000010 0.000010 0.000010 0.000010 0.000010 0.999940 0.000010
69 69 (0) 1 : 0.000010 0.000010 0.000010 0.000010 0.469507 0.530443 0.000010
70 70 (0) 1 : 0.000010 0.000010 0.000010 0.000010 0.141780 0.858170 0.000010
71 71 (0) 1 : 0.000010 0.000010 0.000010 0.000010 0.313890 0.686060 0.000010
72 72 (0) 1 : 0.000010 0.000010 0.000010 0.000010 0.999940 0.000010 0.000010
73 73 (0) 1 : 0.000010 0.000010 0.000010 0.000010 0.999940 0.000010 0.000010
74 74 (0) 1 : 0.000010 0.000010 0.000010 0.000010 0.709624 0.290326 0.000010
75 75 (0) 1 : 0.000010 0.000010 0.000010 0.000010 0.592737 0.407213 0.000010
76 76 (0) 1 : 0.000010 0.000010 0.000010 0.000010 0.000010 0.999940 0.000010
77 77 (0) 1 : 0.000010 0.000010 0.000010 0.000010 0.000010 0.999940 0.000010
78 78 (0) 1 : 0.999940 0.000010 0.000010 0.000010 0.000010 0.000010 0.000010
79 79 (0) 1 : 0.999940 0.000010 0.000010 0.000010 0.000010 0.000010 0.000010
80 80 (0) 1 : 0.999940 0.000010 0.000010 0.000010 0.000010 0.000010 0.000010
81 81 (0) 1 : 0.999940 0.000010 0.000010 0.000010 0.000010 0.000010 0.000010
82 82 (0) 1 : 0.999940 0.000010 0.000010 0.000010 0.000010 0.000010 0.000010
83 83 (0) 1 : 0.999940 0.000010 0.000010 0.000010 0.000010 0.000010 0.000010
84 84 (0) 1 : 0.999940 0.000010 0.000010 0.000010 0.000010 0.000010 0.000010
85 85 (0) 1 : 0.999940 0.000010 0.000010 0.000010 0.000010 0.000010 0.000010
86 86 (0) 1 : 0.999940 0.000010 0.000010 0.000010 0.000010 0.000010 0.000010
87 87 (0) 1 : 0.999940 0.000010 0.000010 0.000010 0.000010 0.000010 0.000010
88 88 (0) 1 : 0.999940 0.000010 0.000010 0.000010 0.000010 0.000010 0.000010
89 89 (0) 1 : 0.999935 0.000010 0.000010 0.000010 0.000015 0.000010 0.000010
90 90 (0) 1 : 0.999940 0.000010 0.000010 0.000010 0.000010 0.000010 0.000010
91 91 (0) 1 : 0.999940 0.000010 0.000010 0.000010 0.000010 0.000010 0.000010
92 92 (0) 1 : 0.999940 0.000010 0.000010 0.000010 0.000010 0.000010 0.000010
93 93 (0) 1 : 0.999940 0.000010 0.000010 0.000010 0.000010 0.000010 0.000010
94 94 (0) 1 : 0.999940 0.000010 0.000010 0.000010 0.000010 0.000010 0.000010
95 95 (0) 1 : 0.999940 0.000010 0.000010 0.000010 0.000010 0.000010 0.000010
96 96 (0) 1 : 0.000010 0.000010 0.000010 0.999940 0.000010 0.000010 0.000010
97 97 (0) 1 : 0.000010 0.000010 0.000010 0.999940 0.000010 0.000010 0.000010
98 98 (0) 1 : 0.000010 0.000010 0.000010 0.999940 0.000010 0.000010 0.000010
99 99 (0) 1 : 0.000010 0.000010 0.000010 0.999940 0.000010 0.000010 0.000010
100 100 (0) 1 : 0.000010 0.000010 0.000010 0.999940 0.000010 0.000010 0.000010
101 101 (0) 1 : 0.000010 0.000010 0.000010 0.999940 0.000010 0.000010 0.000010
102 102 (0) 1 : 0.000010 0.000010 0.000010 0.999940 0.000010 0.000010 0.000010
103 103 (0) 1 : 0.000010 0.000010 0.000010 0.999940 0.000010 0.000010 0.000010
104 104 (0) 1 : 0.000010 0.000010 0.000010 0.999940 0.000010 0.000010 0.000010
105 105 (0) 1 : 0.000010 0.000010 0.000010 0.999940 0.000010 0.000010 0.000010
106 106 (0) 1 : 0.000010 0.000010 0.000010 0.999940 0.000010 0.000010 0.000010
107 107 (0) 1 : 0.000010 0.000010 0.000010 0.999940 0.000010 0.000010 0.000010
108 108 (0) 1 : 0.000010 0.000010 0.000010 0.999940 0.000010 0.000010 0.000010
109 109 (0) 1 : 0.000010 0.000010 0.000010 0.999940 0.000010 0.000010 0.000010
110 110 (0) 1 : 0.000010 0.000010 0.000010 0.999940 0.000010 0.000010 0.000010
111 111 (0) 1 : 0.000010 0.000010 0.000010 0.999940 0.000010 0.000010 0.000010
112 112 (0) 1 : 0.000010 0.000010 0.000010 0.999940 0.000010 0.000010 0.000010
113 113 (0) 1 : 0.000010 0.000010 0.000010 0.999940 0.000010 0.000010 0.000010
114 114 (0) 1 : 0.000010 0.000010 0.000010 0.000010 0.000010 0.000010 0.999940
115 115 (0) 1 : 0.000010 0.000010 0.000010 0.000010 0.000010 0.000010 0.999940
116 116 (0) 1 : 0.000010 0.000010 0.000010 0.000010 0.000010 0.000010 0.999940
117 117 (0) 1 : 0.000010 0.000010 0.000010 0.000010 0.000010 0.000010 0.999940
118 118 (0) 1 : 0.000010 0.000010 0.000010 0.000010 0.000010 0.000010 0.999940
119 119 (0) 1 : 0.000010 0.000010 0.000010 0.000010 0.000010 0.000010 0.999940
120 120 (0) 1 : 0.000010 0.000010 0.000010 0.000010 0.000010 0.000010 0.999940
121 121 (0) 1 : 0.000010 0.000010 0.000010 0.000010 0.000010 0.000010 0.999940
1 1 (0) 1 : 0.000010 0.000010 0.000010 0.000013 0.000010 0.999937 0.000010
2 2 (0) 1 : 0.000010 0.000010 0.000010 0.000010 0.000010 0.999940 0.000010
3 3 (0) 1 : 0.000010 0.000010 0.000010 0.000010 0.000010 0.999940 0.000010
4 4 (0) 1 : 0.000010 0.000010 0.000010 0.000010 0.000010 0.999940 0.000010
5 5 (0) 1 : 0.000010 0.000015 0.000015 0.000019 0.000010 0.999921 0.000010
6 6 (0) 1 : 0.000010 0.000010 0.000010 0.000010 0.000010 0.999940 0.000010
7 7 (0) 1 : 0.000010 0.000010 0.000010 0.000017 0.000010 0.999933 0.000010
8 8 (0) 1 : 0.000010 0.000010 0.000010 0.000014 0.000010 0.999936 0.000010
9 9 (0) 1 : 0.000016 0.000016 0.000010 0.000015 0.000010 0.999923 0.000010
10 10 (0) 1 : 0.000010 0.000010 0.000010 0.000010 0.000010 0.999940 0.000010
11 11 (0) 1 : 0.000010 0.000010 0.000010 0.000010 0.000010 0.999940 0.000010
12 12 (0) 1 : 0.000010 0.000010 0.000010 0.000010 0.000010 0.999940 0.000010
13 13 (0) 1 : 0.000010 0.000010 0.000010 0.000011 0.000010 0.999939 0.000010
14 14 (0) 1 : 0.000011 0.000010 0.000010 0.000010 0.000010 0.999939 0.000010
15 15 (0) 1 : 0.000010 0.000011 0.000010 0.000013 0.000010 0.999936 0.000010
16 16 (0) 1 : 0.000010 0.000010 0.000010 0.000010 0.000011 0.999939 0.000010
17 17 (0) 1 : 0.000010 0.000010 0.000010 0.000013 0.000010 0.999937 0.000010
18 18 (0) 1 : 0.000010 0.000010 0.000010 0.000020 0.000010 0.999930 0.000010
19 19 (0) 1 : 0.000010 0.000015 0.000010 0.000019 0.000010 0.999926 0.000010
20 20 (0) 1 : 0.000010 0.000010 0.000010 0.000016 0.000010 0.999934 0.000010
21 21 (0) 1 : 0.000010 0.000010 0.000010 0.000016 0.000010 0.999934 0.000010
22 22 (0) 1 : 0.000010 0.000011 0.000010 0.000012 0.000013 0.999934 0.000010
23 23 (0) 1 : 0.000010 0.000010 0.000010 0.000010 0.000010 0.999940 0.000010
24 24 (0) 1 : 0.000010 0.000010 0.000010 0.000010 0.000010 0.999940 0.000010
25 25 (0) 1 : 0.000010 0.000010 0.000010 0.000010 0.000010 0.999940 0.000010
26 26 (0) 1 : 0.000010 0.000010 0.000010 0.000014 0.000010 0.999936 0.000010
27 27 (0) 1 : 0.000010 0.000010 0.000010 0.000011 0.000010 0.999939 0.000010
28 28 (0) 1 : 0.000010 0.000013 0.000010 0.000014 0.000010 0.999934 0.000010
29 29 (0) 1 : 0.000010 0.000018 0.000011 0.000018 0.000010 0.999923 0.000010
30 30 (0) 1 : 0.000010 0.000010 0.000012 0.000017 0.000011 0.999930 0.000010
31 31 (0) 1 : 0.000010 0.000010 0.000010 0.000010 0.000010 0.999940 0.000010
32 32 (0) 1 : 0.000010 0.000010 0.000010 0.000010 0.000010 0.999940 0.000010
33 33 (0) 1 : 0.000010 0.000010 0.000010 0.000010 0.000017 0.999933 0.000010
34 34 (0) 1 : 0.000010 0.000010 0.000010 0.000016 0.000010 0.999934 0.000010
35 35 (0) 1 : 0.000010 0.000010 0.000014 0.000013 0.000010 0.999933 0.000010
36 36 (0) 1 : 0.000010 0.607016 0.000010 0.000010 0.000010 0.000010 0.392934
37 37 (0) 1 : 0.000010 0.999940 0.000010 0.000010 0.000010 0.000010 0.000010
38 38 (0) 1 : 0.000010 0.999940 0.000010 0.000010 0.000010 0.000010 0.000010
39 39 (0) 1 : 0.000010 0.000011 0.000010 0.000010 0.000010 0.000010 0.999939
40 40 (0) 1 : 0.000010 0.384155 0.000010 0.000010 0.000010 0.000010 0.615795
41 41 (0) 1 : 0.000010 0.838679 0.000010 0.000010 0.000010 0.000010 0.161271
42 42 (0) 1 : 0.000010 0.272322 0.000010 0.000013 0.000010 0.000010 0.727625
43 43 (0) 1 : 0.000010 0.051401 0.000014 0.000010 0.000010 0.000010 0.948545
44 44 (0) 1 : 0.000010 0.389221 0.000011 0.000010 0.000010 0.000010 0.610728
45 45 (0) 1 : 0.000010 0.195083 0.000014 0.000010 0.000010 0.000010 0.804863
46 46 (0) 1 : 0.000010 0.999940 0.000010 0.000010 0.000010 0.000010 0.000010
47 47 (0) 1 : 0.000010 0.999939 0.000011 0.000010 0.000010 0.000010 0.000010
48 48 (0) 1 : 0.000010 0.999940 0.000010 0.000010 0.000010 0.000010 0.000010
49 49 (0) 1 : 0.000010 0.319725 0.000010 0.000010 0.000016 0.000010 0.680219
50 50 (0) 1 : 0.000010 0.999940 0.000010 0.000010 0.000010 0.000010 0.000010
51 51 (0) 1 : 0.000019 0.632151 0.000010 0.000010 0.000010 0.000010 0.367790
52 52 (0) 1 : 0.000010 0.999940 0.000010 0.000010 0.000010 0.000010 0.000010
53 53 (0) 1 : 0.000010 0.000010 0.000010 0.000010 0.000010 0.000010 0.999940
54 54 (0) 1 : 0.000010 0.000011 0.000010 0.000010 0.000010 0.000010 0.999939
55 55 (0) 1 : 0.000010 0.447765 0.000010 0.000010 0.000010 0.000010 0.552185
56 56 (0) 1 : 0.000010 0.999940 0.000010 0.000010 0.000010 0.000010 0.000010
57 57 (0) 1 : 0.000010 0.000010 0.000010 0.000010 0.000016 0.000010 0.999934
58 58 (0) 1 : 0.000010 0.303331 0.000010 0.000010 0.000010 0.000010 0.696619
59 59 (0) 1 : 0.000010 0.308449 0.000010 0.000014 0.000010 0.000010 0.691497
60 60 (0) 1 : 0.000010 0.000010 0.000010 0.000010 0.000010 0.000010 0.999940
61 61 (0) 1 : 0.000010 0.000010 0.000010 0.000010 0.000010 0.000010 0.999940
62 62 (0) 1 : 0.000010 0.999940 0.000010 0.000010 0.000010 0.000010 0.000010
63 63 (0) 1 : 0.000010 0.640936 0.000010 0.000010 0.000016 0.000010 0.359007
64 64 (0) 1 : 0.000010 0.000010 0.000010 0.000010 0.000010 0.000010 0.999940
65 65 (0) 1 : 0.000010 0.275407 0.000010 0.000010 0.000011 0.000010 0.724542
66 66 (0) 1 : 0.000010 0.000010 0.000010 0.000010 0.000010 0.000010 0.999940
67 67 (0) 1 : 0.000010 0.108435 0.000010 0.000010 0.000010 0.000010 0.891515
68 68 (0) 1 : 0.000010 0.999940 0.000010 0.000010 0.000010 0.000010 0.000010
69 69 (0) 1 : 0.000011 0.528781 0.000010 0.000010 0.000010 0.000010 0.471168
70 70 (0) 1 : 0.000010 0.857297 0.000010 0.000010 0.000010 0.000010 0.142653
71 71 (0) 1 : 0.000010 0.684910 0.000010 0.000010 0.000010 0.000010 0.315040
72 72 (0) 1 : 0.000010 0.000010 0.000010 0.000010 0.000010 0.000010 0.999940
73 73 (0) 1 : 0.000010 0.000010 0.000010 0.000010 0.000012 0.000010 0.999938
74 74 (0) 1 : 0.000010 0.288009 0.000010 0.000010 0.000010 0.000010 0.711941
75 75 (0) 1 : 0.000010 0.402005 0.000010 0.000010 0.000010 0.000010 0.597945
76 76 (0) 1 : 0.000010 0.999940 0.000010 0.000010 0.000010 0.000010 0.000010
77 77 (0) 1 : 0.000010 0.999940 0.000010 0.000010 0.000010 0.000010 0.000010
78 78 (0) 1 : 0.999940 0.000010 0.000010 0.000010 0.000010 0.000010 0.000010
79 79 (0) 1 : 0.999940 0.000010 0.000010 0.000010 0.000010 0.000010 0.000010
80 80 (0) 1 : 0.999940 0.000010 0.000010 0.000010 0.000010 0.000010 0.000010
81 81 (0) 1 : 0.999935 0.000015 0.000010 0.000010 0.000010 0.000010 0.000010
82 82 (0) 1 : 0.999938 0.000012 0.000010 0.000010 0.000010 0.000010 0.000010
83 83 (0) 1 : 0.999940 0.000010 0.000010 0.000010 0.000010 0.000010 0.000010
84 84 (0) 1 : 0.999940 0.000010 0.000010 0.000010 0.000010 0.000010 0.000010
85 85 (0) 1 : 0.999937 0.000013 0.000010 0.000010 0.000010 0.000010 0.000010
86 86 (0) 1 : 0.999940 0.000010 0.000010 0.000010 0.000010 0.000010 0.000010
87 87 (0) 1 : 0.999940 0.000010 0.000010 0.000010 0.000010 0.000010 0.000010
88 88 (0) 1 : 0.999923 0.000017 0.000010 0.000010 0.000017 0.000013 0.000010
89 89 (0) 1 : 0.999940 0.000010 0.000010 0.000010 0.000010 0.000010 0.000010
90 90 (0) 1 : 0.999940 0.000010 0.000010 0.000010 0.000010 0.000010 0.000010
91 91 (0) 1 : 0.999940 0.000010 0.000010 0.000010 0.000010 0.000010 0.000010
92 92 (0) 1 : 0.999938 0.000012 0.000010 0.000010 0.000010 0.000010 0.000010
93 93 (0) 1 : 0.999940 0.000010 0.000010 0.000010 0.000010 0.000010 0.000010
94 94 (0) 1 : 0.999934 0.000010 0.000010 0.000016 0.000010 0.000010 0.000010
95 95 (0) 1 : 0.999940 0.000010 0.000010 0.000010 0.000010 0.000010 0.000010
96 96 (0) 1 : 0.000013 0.000015 0.000010 0.000010 0.999932 0.000010 0.000010
97 97 (0) 1 : 0.000010 0.000010 0.999940 0.000010 0.000010 0.000010 0.000010
98 98 (0) 1 : 0.000010 0.000010 0.000010 0.000010 0.999931 0.000019 0.000010
99 99 (0) 1 : 0.000010 0.000010 0.999940 0.000010 0.000010 0.000010 0.000010
100 100 (0) 1 : 0.000010 0.000010 0.000010 0.000010 0.999940 0.000010 0.000010
101 101 (0) 1 : 0.000010 0.000010 0.242442 0.000019 0.757499 0.000010 0.000010
102 102 (0) 1 : 0.000010 0.000010 0.000010 0.000013 0.999934 0.000013 0.000010
103 103 (0) 1 : 0.000010 0.000010 0.999940 0.000010 0.000010 0.000010 0.000010
104 104 (0) 1 : 0.000010 0.000010 0.000010 0.000013 0.999936 0.000011 0.000010
105 105 (0) 1 : 0.000016 0.000010 0.999934 0.000010 0.000010 0.000010 0.000010
106 106 (0) 1 : 0.000010 0.000010 0.000013 0.000010 0.999937 0.000010 0.000010
107 107 (0) 1 : 0.000010 0.000010 0.000010 0.000010 0.999940 0.000010 0.000010
108 108 (0) 1 : 0.000014 0.000010 0.000010 0.000011 0.999935 0.000010 0.000010
109 109 (0) 1 : 0.000010 0.000010 0.999940 0.000010 0.000010 0.000010 0.000010
110 110 (0) 1 : 0.000010 0.000010 0.132572 0.000010 0.867378 0.000010 0.000010
111 111 (0) 1 : 0.000010 0.000010 0.999940 0.000010 0.000010 0.000010 0.000010
112 112 (0) 1 : 0.000010 0.000010 0.000010 0.000010 0.999940 0.000010 0.000010
113 113 (0) 1 : 0.000010 0.000010 0.567761 0.000010 0.432189 0.000010 0.000010
114 114 (0) 1 : 0.000010 0.000010 0.000010 0.999940 0.000010 0.000010 0.000010
115 115 (0) 1 : 0.000010 0.000010 0.000010 0.999935 0.000011 0.000013 0.000010
116 116 (0) 1 : 0.000010 0.000010 0.000010 0.999934 0.000010 0.000016 0.000010
117 117 (0) 1 : 0.000010 0.000010 0.000010 0.999937 0.000010 0.000013 0.000010
118 118 (0) 1 : 0.000010 0.000010 0.000010 0.999940 0.000010 0.000010 0.000010
119 119 (0) 1 : 0.000010 0.000010 0.000010 0.999938 0.000010 0.000011 0.000010
120 120 (0) 1 : 0.000010 0.000010 0.000010 0.999935 0.000011 0.000014 0.000010
121 121 (0) 1 : 0.000010 0.000010 0.000010 0.999940 0.000010 0.000010 0.000010
1 1 (0) 1 : 0.000010 0.000010 0.000010 0.000010 0.999940 0.000010 0.000010
2 2 (0) 1 : 0.000010 0.000010 0.000010 0.000010 0.999940 0.000010 0.000010
3 3 (0) 1 : 0.000010 0.000010 0.000010 0.000010 0.999940 0.000010 0.000010
4 4 (0) 1 : 0.000010 0.000010 0.000010 0.000010 0.999940 0.000010 0.000010
5 5 (0) 1 : 0.000010 0.000010 0.000010 0.000010 0.999940 0.000010 0.000010
6 6 (0) 1 : 0.000010 0.000010 0.000010 0.000010 0.999940 0.000010 0.000010
7 7 (0) 1 : 0.000010 0.000010 0.000010 0.000010 0.999940 0.000010 0.000010
8 8 (0) 1 : 0.000010 0.000010 0.000010 0.000010 0.999940 0.000010 0.000010
9 9 (0) 1 : 0.000010 0.000010 0.000010 0.000010 0.999940 0.000010 0.000010
10 10 (0) 1 : 0.000010 0.000010 0.000010 0.000010 0.999940 0.000010 0.000010
11 11 (0) 1 : 0.000010 0.000010 0.000010 0.000010 0.999940 0.000010 0.000010
12 12 (0) 1 : 0.000010 0.000010 0.000010 0.000010 0.999940 0.000010 0.000010
13 13 (0) 1 : 0.000010 0.000010 0.000010 0.000010 0.999940 0.000010 0.000010
14 14 (0) 1 : 0.000010 0.000010 0.000010 0.000010 0.999934 0.000016 0.000010
15 15 (0) 1 : 0.000010 0.000010 0.000010 0.000010 0.999940 0.000010 0.000010
16 16 (0) 1 : 0.000010 0.000010 0.000010 0.000010 0.999940 0.000010 0.000010
17 17 (0) 1 : 0.000010 0.000010 0.000010 0.000010 0.999940 0.000010 0.000010
18 18 (0) 1 : 0.000010 0.000010 0.000010 0.000010 0.999940 0.000010 0.000010
19 19 (0) 1 : 0.000010 0.000010 0.000010 0.000010 0.999940 0.000010 0.000010
20 20 (0) 1 : 0.000010 0.000012 0.000010 0.000010 0.999938 0.000010 0.000010
21 21 (0) 1 : 0.000010 0.000010 0.000010 0.000010 0.999940 0.000010 0.000010
22 22 (0) 1 : 0.000010 0.000010 0.000010 0.000010 0.999940 0.000010 0.000010
23 23 (0) 1 : 0.000010 0.000010 0.000010 0.000010 0.999940 0.000010 0.000010
24 24 (0) 1 : 0.000010 0.000010 0.000010 0.000010 0.999940 0.000010 0.000010
25 25 (0) 1 : 0.000010 0.000010 0.000010 0.000010 0.999940 0.000010 0.000010
26 26 (0) 1 : 0.000010 0.000010 0.000010 0.000010 0.999940 0.000010 0.000010
27 27 (0) 1 : 0.000010 0.000010 0.000010 0.000010 0.999940 0.000010 0.000010
28 28 (0) 1 : 0.000010 0.000010 0.000010 0.000010 0.999940 0.000010 0.000010
29 29 (0) 1 : 0.000010 0.000010 0.000010 0.000010 0.999940 0.000010 0.000010
30 30 (0) 1 : 0.000010 0.000017 0.000010 0.000010 0.999933 0.000010 0.000010
31 31 (0) 1 : 0.000010 0.000010 0.000010 0.000010 0.999940 0.000010 0.000010
32 32 (0) 1 : 0.000010 0.000010 0.000010 0.000010 0.999940 0.000010 0.000010
33 33 (0) 1 : 0.000010 0.000010 0.000010 0.000010 0.999940 0.000010 0.000010
34 34 (0) 1 : 0.000010 0.000010 0.000010 0.000010 0.999940 0.000010 0.000010
35 35 (0) 1 : 0.000010 0.000010 0.000010 0.000010 0.999940 0.000010 0.000010
36 36 (0) 1 : 0.615456 0.000010 0.384494 0.000010 0.000010 0.000010 0.000010
37 37 (0) 1 : 0.999940 0.000010 0.000010 0.000010 0.000010 0.000010 0.000010
38 38 (0) 1 : 0.999940 0.000010 0.000010 0.000010 0.000010 0.000010 0.000010
39 39 (0) 1 : 0.004116 0.000010 0.995834 0.000010 0.000010 0.000010 0.000010
40 40 (0) 1 : 0.382358 0.000010 0.617592 0.000010 0.000010 0.000010 0.000010
41 41 (0) 1 : 0.823456 0.000010 0.176494 0.000010 0.000010 0.000010 0.000010
42 42 (0) 1 : 0.276763 0.000010 0.723187 0.000010 0.000010 0.000010 0.000010
43 43 (0) 1 : 0.052456 0.000010 0.947494 0.000010 0.000010 0.000010 0.000010
44 44 (0) 1 : 0.388865 0.000010 0.611085 0.000010 0.000010 0.000010 0.000010
45 45 (0) 1 : 0.199801 0.000010 0.800149 0.000010 0.000010 0.000010 0.000010
46 46 (0) 1 : 0.999940 0.000010 0.000010 0.000010 0.000010 0.000010 0.000010
47 47 (0) 1 : 0.999940 0.000010 0.000010 0.000010 0.000010 0.000010 0.000010
48 48 (0) 1 : 0.999940 0.000010 0.000010 0.000010 0.000010 0.000010 0.000010
49 49 (0) 1 : 0.324286 0.000010 0.675664 0.000010 0.000010 0.000010 0.000010
50 50 (0) 1 : 0.999940 0.000010 0.000010 0.000010 0.000010 0.000010 0.000010
51 51 (0) 1 : 0.634848 0.000010 0.365102 0.000010 0.000010 0.000010 0.000010
52 52 (0) 1 : 0.999940 0.000010 0.000010 0.000010 0.000010 0.000010 0.000010
53 53 (0) 1 : 0.000010 0.000010 0.999940 0.000010 0.000010 0.000010 0.000010
54 54 (0) 1 : 0.000010 0.000010 0.999940 0.000010 0.000010 0.000010 0.000010
55 55 (0) 1 : 0.446190 0.000010 0.553760 0.000010 0.000010 0.000010 0.000010
56 56 (0) 1 : 0.999940 0.000010 0.000010 0.000010 0.000010 0.000010 0.000010
57 57 (0) 1 : 0.000010 0.000010 0.999940 0.000010 0.000010 0.000010 0.000010
58 58 (0) 1 : 0.308642 0.000010 0.691308 0.000010 0.000010 0.000010 0.000010
59 59 (0) 1 : 0.311501 0.000010 0.688449 0.000010 0.000010 0.000010 0.000010
60 60 (0) 1 : 0.000010 0.000010 0.999940 0.000010 0.000010 0.000010 0.000010
61 61 (0) 1 : 0.000010 0.000010 0.999940 0.000010 0.000010 0.000010 0.000010
62 62 (0) 1 : 0.999940 0.000010 0.000010 0.000010 0.000010 0.000010 0.000010
63 63 (0) 1 : 0.644047 0.000010 0.355903 0.000010 0.000010 0.000010 0.000010
64 64 (0) 1 : 0.000010 0.000010 0.999940 0.000010 0.000010 0.000010 0.000010
65 65 (0) 1 : 0.279248 0.000010 0.720702 0.000010 0.000010 0.000010 0.000010
66 66 (0) 1 : 0.000010 0.000010 0.999940 0.000010 0.000010 0.000010 0.000010
67 67 (0) 1 : 0.108373 0.000010 0.891577 0.000010 0.000010 0.000010 0.000010
68 68 (0) 1 : 0.999940 0.000010 0.000010 0.000010 0.000010 0.000010 0.000010
69 69 (0) 1 : 0.396187 0.000010 0.603763 0.000010 0.000010 0.000010 0.000010
70 70 (0) 1 : 0.877602 0.000010 0.122348 0.000010 0.000010 0.000010 0.000010
71 71 (0) 1 : 0.689023 0.000010 0.310927 0.000010 0.000010 0.000010 0.000010
72 72 (0) 1 : 0.000010 0.000010 0.999940 0.000010 0.000010 0.000010 0.000010
73 73 (0) 1 : 0.000010 0.000010 0.999940 0.000010 0.000010 0.000010 0.000010
74 74 (0) 1 : 0.277132 0.000010 0.722818 0.000010 0.000010 0.000010 0.000010
75 75 (0) 1 : 0.400388 0.000010 0.599562 0.000010 0.000010 0.000010 0.000010
76 76 (0) 1 : 0.999940 0.000010 0.000010 0.000010 0.000010 0.000010 0.000010
77 77 (0) 1 : 0.999940 0.000010 0.000010 0.000010 0.000010 0.000010 0.000010
78 78 (0) 1 : 0.000010 0.999940 0.000010 0.000010 0.000010 0.000010 0.000010
79 79 (0) 1 : 0.000010 0.999940 0.000010 0.000010 0.000010 0.000010 0.000010
80 80 (0) 1 : 0.000010 0.999940 0.000010 0.000010 0.000010 0.000010 0.000010
81 81 (0) 1 : 0.000010 0.999935 0.000010 0.000010 0.000015 0.000010 0.000010
82 82 (0) 1 : 0.000010 0.999940 0.000010 0.000010 0.000010 0.000010 0.000010
83 83 (0) 1 : 0.000010 0.999933 0.000017 0.000010 0.000010 0.000010 0.000010
84 84 (0) 1 : 0.000010 0.999940 0.000010 0.000010 0.000010 0.000010 0.000010
85 85 (0) 1 : 0.000010 0.999940 0.000010 0.000010 0.000010 0.000010 0.000010
86 86 (0) 1 : 0.000010 0.999940 0.000010 0.000010 0.000010 0.000010 0.000010
87 87 (0) 1 : 0.000010 0.999933 0.000010 0.000010 0.000017 0.000010 0.000010
88 88 (0) 1 : 0.000010 0.999940 0.000010 0.000010 0.000010 0.000010 0.000010
89 89 (0) 1 : 0.000010 0.999934 0.000010 0.000010 0.000013 0.000013 0.000010
90 90 (0) 1 : 0.000010 0.999940 0.000010 0.000010 0.000010 0.000010 0.000010
91 91 (0) 1 : 0.000010 0.999940 0.000010 0.000010 0.000010 0.000010 0.000010
92 92 (0) 1 : 0.000010 0.999940 0.000010 0.000010 0.000010 0.000010 0.000010
93 93 (0) 1 : 0.000010 0.999940 0.000010 0.000010 0.000010 0.000010 0.000010
94 94 (0) 1 : 0.000010 0.999940 0.000010 0.000010 0.000010 0.000010 0.000010
95 95 (0) 1 : 0.000010 0.999940 0.000010 0.000010 0.000010 0.000010 0.000010
96 96 (0) 1 : 0.000010 0.000010 0.000010 0.000010 0.000010 0.000010 0.999940
97 97 (0) 1 : 0.000010 0.000010 0.000010 0.000010 0.000010 0.000010 0.999940
98 98 (0) 1 : 0.000010 0.000010 0.000010 0.000010 0.000010 0.000010 0.999940
99 99 (0) 1 : 0.000010 0.000010 0.000010 0.467385 0.000010 0.000010 0.532565
100 100 (0) 1 : 0.000010 0.000010 0.000010 0.000010 0.000010 0.000010 0.999940
101 101 (0) 1 : 0.000010 0.000010 0.000010 0.207325 0.000010 0.000010 0.792625
102 102 (0) 1 : 0.000010 0.000010 0.000010 0.999940 0.000010 0.000010 0.000010
103 103 (0) 1 : 0.000010 0.000010 0.000010 0.000010 0.000010 0.000010 0.999940
104 104 (0) 1 : 0.000010 0.000010 0.000010 0.237620 0.000019 0.000010 0.762321
105 105 (0) 1 : 0.000010 0.000010 0.000010 0.999940 0.000010 0.000010 0.000010
106 106 (0) 1 : 0.000010 0.000010 0.000010 0.000010 0.000010 0.000010 0.999940
107 107 (0) 1 : 0.000010 0.000010 0.000010 0.999940 0.000010 0.000010 0.000010
108 108 (0) 1 : 0.000010 0.000017 0.000010 0.775759 0.000010 0.000010 0.224184
109 109 (0) 1 : 0.000010 0.000010 0.000010 0.161154 0.000010 0.000010 0.838796
110 110 (0) 1 : 0.000010 0.000010 0.000010 0.000010 0.000010 0.000010 0.999940
111 111 (0) 1 : 0.000010 0.000010 0.000010 0.000010 0.000010 0.000010 0.999940
112 112 (0) 1 : 0.000010 0.000010 0.000010 0.000010 0.000010 0.000010 0.999940
113 113 (0) 1 : 0.000010 0.000010 0.000010 0.999940 0.000010 0.000010 0.000010
114 114 (0) 1 : 0.000010 0.000010 0.000010 0.000010 0.000010 0.999940 0.000010
115 115 (0) 1 : 0.000010 0.000010 0.000010 0.000010 0.000019 0.999931 0.000010
116 116 (0) 1 : 0.000010 0.000010 0.000010 0.000010 0.000010 0.999940 0.000010
117 117 (0) 1 : 0.000010 0.000010 0.000010 0.000010 0.000010 0.999940 0.000010
118 118 (0) 1 : 0.000010 0.000010 0.000010 0.000010 0.000010 0.999940 0.000010
119 119 (0) 1 : 0.000010 0.000010 0.000010 0.000010 0.000010 0.999940 0.000010
120 120 (0) 1 : 0.000016 0.000010 0.000010 0.000010 0.000017 0.999927 0.000010
121 121 (0) 1 : 0.000010 0.000010 0.000012 0.000010 0.000010 0.999938 0.000010
1 1 (0) 1 : 0.000010 0.000010 0.000010 0.000010 0.000010 0.000010 0.999940
2 2 (0) 1 : 0.000011 0.000010 0.000010 0.000010 0.000010 0.000010 0.999939
3 3 (0) 1 : 0.000010 0.000010 0.000010 0.000010 0.000010 0.000010 0.999940
4 4 (0) 1 : 0.000015 0.000010 0.000010 0.000020 0.000010 0.000010 0.999925
5 5 (0) 1 : 0.000010 0.000010 0.000010 0.000010 0.000010 0.000010 0.999940
6 6 (0) 1 : 0.000010 0.000010 0.000016 0.000010 0.000010 0.000010 0.999934
7 7 (0) 1 : 0.000010 0.000010 0.000019 0.000010 0.000010 0.000010 0.999931
8 8 (0) 1 : 0.000010 0.000010 0.000010 0.000010 0.000010 0.000010 0.999940
9 9 (0) 1 : 0.000010 0.000010 0.000010 0.000010 0.000010 0.000010 0.999940
10 10 (0) 1 : 0.000010 0.000010 0.000011 0.000010 0.000010 0.000010 0.999939
11 11 (0) 1 : 0.000010 0.000011 0.000010 0.000010 0.000010 0.000010 0.999939
12 12 (0) 1 : 0.000010 0.000010 0.000010 0.000010 0.000010 0.000010 0.999940
13 13 (0) 1 : 0.000010 0.000010 0.000010 0.000010 0.000010 0.000010 0.999940
14 14 (0) 1 : 0.000010 0.000010 0.000010 0.000015 0.000010 0.000010 0.999935
15 15 (0) 1 : 0.000010 0.000010 0.000016 0.000010 0.000010 0.000010 0.999934
16 16 (0) 1 : 0.000014 0.000010 0.000010 0.000010 0.000010 0.000010 0.999936
17 17 (0) 1 : 0.000010 0.000010 0.000018 0.000010 0.000010 0.000010 0.999931
18 18 (0) 1 : 0.000010 0.000010 0.000010 0.000010 0.000010 0.000010 0.999940
19 19 (0) 1 : 0.000014 0.000010 0.000010 0.000010 0.000010 0.000010 0.999936
20 20 (0) 1 : 0.000010 0.000016 0.000010 0.000010 0.000010 0.000010 0.999934
21 21 (0) 1 : 0.000010 0.000010 0.000012 0.000010 0.000010 0.000010 0.999938
22 22 (0) 1 : 0.000010 0.000010 0.000010 0.000010 0.000010 0.000010 0.999940
23 23 (0) 1 : 0.000010 0.000010 0.000016 0.000010 0.000010 0.000010 0.999934
24 24 (0) 1 : 0.000010 0.000010 0.000010 0.000010 0.000010 0.000010 0.999940
25 25 (0) 1 : 0.000010 0.000010 0.000011 0.000010 0.000010 0.000010 0.999939
26 26 (0) 1 : 0.000010 0.000010 0.000010 0.000010 0.000010 0.000010 0.999940
27 27 (0) 1 : 0.000011 0.000010 0.000016 0.000010 0.000010 0.000010 0.999934
28 28 (0) 1 : 0.000010 0.000010 0.000010 0.000010 0.000010 0.000010 0.999940
29 29 (0) 1 : 0.000013 0.000010 0.000018 0.000010 0.000010 0.000010 0.999930
30 30 (0) 1 : 0.000010 0.000010 0.000010 0.000010 0.000010 0.000010 0.999940
31 31 (0) 1 : 0.000010 0.000010 0.000010 0.000010 0.000010 0.000010 0.999940
32 32 (0) 1 : 0.000015 0.000010 0.000010 0.000010 0.000010 0.000010 0.999935
33 33 (0) 1 : 0.000014 0.000010 0.000010 0.000010 0.000010 0.000010 0.999936
34 34 (0) 1 : 0.000015 0.000010 0.000010 0.000010 0.000010 0.000010 0.999935
35 35 (0) 1 : 0.000015 0.000010 0.000010 0.000010 0.000010 0.000010 0.999935
36 36 (0) 1 : 0.000010 0.601060 0.000010 0.000010 0.398890 0.000010 0.000010
37 37 (0) 1 : 0.000010 0.999940 0.000010 0.000010 0.000010 0.000010 0.000010
38 38 (0) 1 : 0.000010 0.999940 0.000010 0.000010 0.000010 0.000010 0.000010
39 39 (0) 1 : 0.000010 0.008396 0.000010 0.000010 0.991554 0.000010 0.000010
40 40 (0) 1 : 0.000010 0.382663 0.000010 0.000010 0.617287 0.000010 0.000010
41 41 (0) 1 : 0.000010 0.840108 0.000017 0.000010 0.159835 0.000010 0.000010
42 42 (0) 1 : 0.000011 0.264628 0.000010 0.000010 0.735321 0.000010 0.000010
43 43 (0) 1 : 0.000010 0.044718 0.000013 0.000010 0.955229 0.000010 0.000010
44 44 (0) 1 : 0.000010 0.563086 0.000010 0.000010 0.436864 0.000010 0.000010
45 45 (0) 1 : 0.000010 0.181422 0.000010 0.000010 0.818528 0.000010 0.000010
46 46 (0) 1 : 0.000010 0.999939 0.000010 0.000010 0.000010 0.000010 0.000010
47 47 (0) 1 : 0.000010 0.999939 0.000010 0.000010 0.000010 0.000010 0.000010
48 48 (0) 1 : 0.000010 0.999940 0.000010 0.000010 0.000010 0.000010 0.000010
49 49 (0) 1 : 0.000010 0.326519 0.000010 0.000010 0.673431 0.000010 0.000010
50 50 (0) 1 : 0.000010 0.999940 0.000010 0.000010 0.000010 0.000010 0.000010
51 51 (0) 1 : 0.000010 0.630835 0.000010 0.000010 0.369115 0.000010 0.000010
52 52 (0) 1 : 0.000010 0.999940 0.000010 0.000010 0.000010 0.000010 0.000010
53 53 (0) 1 : 0.000010 0.000010 0.000010 0.000010 0.999936 0.000014 0.000010
54 54 (0) 1 : 0.000010 0.000010 0.000010 0.000011 0.999939 0.000010 0.000010
55 55 (0) 1 : 0.000010 0.460481 0.000010 0.000010 0.539469 0.000010 0.000010
56 56 (0) 1 : 0.000010 0.999940 0.000010 0.000010 0.000010 0.000010 0.000010
57 57 (0) 1 : 0.000010 0.000010 0.000010 0.000010 0.999940 0.000010 0.000010
58 58 (0) 1 : 0.000010 0.299117 0.000010 0.000010 0.700833 0.000010 0.000010
59 59 (0) 1 : 0.000010 0.317442 0.000010 0.000010 0.682508 0.000010 0.000010
60 60 (0) 1 : 0.000010 0.000010 0.000010 0.000010 0.999940 0.000010 0.000010
61 61 (0) 1 : 0.000010 0.000010 0.000010 0.000010 0.999940 0.000010 0.000010
62 62 (0) 1 : 0.000011 0.999930 0.000010 0.000019 0.000010 0.000010 0.000010
63 63 (0) 1 : 0.000010 0.646087 0.000020 0.000014 0.353849 0.000010 0.000010
64 64 (0) 1 : 0.000010 0.000010 0.000010 0.000010 0.999940 0.000010 0.000010
65 65 (0) 1 : 0.000010 0.273574 0.000014 0.000010 0.726371 0.000010 0.000010
66 66 (0) 1 : 0.000010 0.000010 0.000010 0.000010 0.999940 0.000010 0.000010
67 67 (0) 1 : 0.000010 0.111342 0.000011 0.000013 0.888604 0.000010 0.000010
68 68 (0) 1 : 0.000010 0.999940 0.000010 0.000010 0.000010 0.000010 0.000010
69 69 (0) 1 : 0.000010 0.527755 0.000010 0.000010 0.472195 0.000010 0.000010
70 70 (0) 1 : 0.000010 0.856843 0.000010 0.000010 0.143106 0.000011 0.000010
71 71 (0) 1 : 0.000010 0.687180 0.000011 0.000010 0.312769 0.000010 0.000010
72 72 (0) 1 : 0.000010 0.000010 0.000010 0.000010 0.999940 0.000010 0.000010
73 73 (0) 1 : 0.000010 0.000010 0.000010 0.000010 0.999940 0.000010 0.000010
74 74 (0) 1 : 0.000010 0.287708 0.000011 0.000010 0.712241 0.000010 0.000010
75 75 (0) 1 : 0.000010 0.389540 0.000010 0.000010 0.610408 0.000011 0.000010
76 76 (0) 1 : 0.000010 0.999936 0.000011 0.000010 0.000010 0.000013 0.000010
77 77 (0) 1 : 0.000018 0.999930 0.000012 0.000010 0.000010 0.000010 0.000010
78 78 (0) 1 : 0.000010 0.000010 0.000010 0.000010 0.000010 0.999940 0.000010
79 79 (0) 1 : 0.000010 0.000010 0.000010 0.000010 0.000010 0.999940 0.000010
80 80 (0) 1 : 0.000010 0.000010 0.000010 0.000010 0.000010 0.999940 0.000010
81 81 (0) 1 : 0.000010 0.000010 0.000010 0.000010 0.000010 0.999940 0.000010
82 82 (0) 1 : 0.000010 0.000014 0.000010 0.000010 0.000010 0.999936 0.000010
83 83 (0) 1 : 0.000010 0.000010 0.000010 0.000010 0.000010 0.999940 0.000010
84 84 (0) 1 : 0.000010 0.000010 0.000010 0.000010 0.000010 0.999940 0.000010
85 85 (0) 1 : 0.000010 0.000010 0.000010 0.000010 0.000010 0.999940 0.000010
86 86 (0) 1 : 0.000010 0.000010 0.000010 0.000010 0.000010 0.999940 0.000010
87 87 (0) 1 : 0.000010 0.000010 0.000010 0.000010 0.000010 0.999940 0.000010
88 88 (0) 1 : 0.000010 0.000010 0.000010 0.000010 0.000010 0.999940 0.000010
89 89 (0) 1 : 0.000012 0.000015 0.000010 0.000010 0.000010 0.999933 0.000010
90 90 (0) 1 : 0.000010 0.000010 0.000010 0.000010 0.000010 0.999940 0.000010
91 91 (0) 1 : 0.000010 0.000010 0.000010 0.000010 0.000010 0.999940 0.000010
92 92 (0) 1 : 0.000010 0.000010 0.000010 0.000010 0.000010 0.999940 0.000010
93 93 (0) 1 : 0.000010 0.000010 0.000010 0.000010 0.000010 0.999940 0.000010
94 94 (0) 1 : 0.000010 0.000013 0.000010 0.000010 0.000010 0.999937 0.000010
95 95 (0) 1 : 0.000010 0.000010 0.000010 0.000010 0.000010 0.999940 0.000010
96 96 (0) 1 : 0.000010 0.000018 0.999932 0.000010 0.000010 0.000010 0.000010
97 97 (0) 1 : 0.999940 0.000010 0.000010 0.000010 0.000010 0.000010 0.000010
98 98 (0) 1 : 0.999940 0.000010 0.000010 0.000010 0.000010 0.000010 0.000010
99 99 (0) 1 : 0.999936 0.000010 0.000014 0.000010 0.000010 0.000010 0.000010
100 100 (0) 1 : 0.000010 0.000010 0.999940 0.000010 0.000010 0.000010 0.000010
101 101 (0) 1 : 0.700635 0.000010 0.299310 0.000014 0.000010 0.000010 0.000010
102 102 (0) 1 : 0.999940 0.000010 0.000010 0.000010 0.000010 0.000010 0.000010
103 103 (0) 1 : 0.999940 0.000010 0.000010 0.000010 0.000010 0.000010 0.000010
104 104 (0) 1 : 0.000010 0.000010 0.999940 0.000010 0.000010 0.000010 0.000010
105 105 (0) 1 : 0.999940 0.000010 0.000010 0.000010 0.000010 0.000010 0.000010
106 106 (0) 1 : 0.000010 0.000010 0.999934 0.000010 0.000010 0.000016 0.000010
107 107 (0) 1 : 0.999933 0.000017 0.000010 0.000010 0.000010 0.000010 0.000010
108 108 (0) 1 : 0.999940 0.000010 0.000010 0.000010 0.000010 0.000010 0.000010
109 109 (0) 1 : 0.999940 0.000010 0.000010 0.000010 0.000010 0.000010 0.000010
110 110 (0) 1 : 0.000010 0.000010 0.999940 0.000010 0.000010 0.000010 0.000010
111 111 (0) 1 : 0.393760 0.000010 0.606190 0.000010 0.000010 0.000010 0.000010
112 112 (0) 1 : 0.000010 0.000010 0.999940 0.000010 0.000010 0.000010 0.000010
113 113 (0) 1 : 0.999940 0.000010 0.000010 0.000010 0.000010 0.000010 0.000010
114 114 (0) 1 : 0.000010 0.000010 0.000013 0.999937 0.000010 0.000010 0.000010
115 115 (0) 1 : 0.000010 0.000010 0.000010 0.999940 0.000010 0.000010 0.000010
116 116 (0) 1 : 0.000010 0.000010 0.000010 0.999940 0.000010 0.000010 0.000010
117 117 (0) 1 : 0.000010 0.000010 0.000010 0.999940 0.000010 0.000010 0.000010
118 118 (0) 1 : 0.000010 0.000010 0.000010 0.999940 0.000010 0.000010 0.000010
119 119 (0) 1 : 0.000010 0.000010 0.000010 0.999940 0.000010 0.000010 0.000010
120 120 (0) 1 : 0.000010 0.000010 0.000010 0.999940 0.000010 0.000010 0.000010
121 121 (0) 1 : 0.000010 0.000010 0.000010 0.999940 0.000010 0.000010 0.000010
1 1 (0) 1 : 0.984876 0.000010 0.000010 0.000010 0.015074 0.000010 0.000010
2 2 (0) 1 : 0.767900 0.000010 0.000010 0.000010 0.232050 0.000010 0.000010
3 3 (0) 1 : 0.956088 0.000010 0.000010 0.000010 0.043862 0.000010 0.000010
4 4 (0) 1 : 0.974254 0.000010 0.000010 0.000010 0.025696 0.000010 0.000010
5 5 (0) 1 : 0.999940 0.000010 0.000010 0.000010 0.000010 0.000010 0.000010
6 6 (0) 1 : 0.999940 0.000010 0.000010 0.000010 0.000010 0.000010 0.000010
7 7 (0) 1 : 0.999940 0.000010 0.000010 0.000010 0.000010 0.000010 0.000010
8 8 (0) 1 : 0.980747 0.000010 0.000010 0.000010 0.019203 0.000010 0.000010
9 9 (0) 1 : 0.898930 0.000010 0.000010 0.000013 0.101018 0.000010 0.000010
10 10 (0) 1 : 0.000010 0.000012 0.000010 0.000010 0.999938 0.000010 0.000010
11 11 (0) 1 : 0.999940 0.000010 0.000010 0.000010 0.000010 0.000010 0.000010
12 12 (0) 1 : 0.000010 0.000010 0.000010 0.000010 0.999940 0.000010 0.000010
13 13 (0) 1 : 0.999940 0.000010 0.000010 0.000010 0.000010 0.000010 0.000010
14 14 (0) 1 : 0.000010 0.000010 0.000010 0.000010 0.999940 0.000010 0.000010
15 15 (0) 1 : 0.939447 0.000011 0.000010 0.000010 0.060502 0.000010 0.000010
16 16 (0) 1 : 0.731928 0.000010 0.000010 0.000010 0.268022 0.000010 0.000010
17 17 (0) 1 : 0.999940 0.000010 0.000010 0.000010 0.000010 0.000010 0.000010
18 18 (0) 1 : 0.999939 0.000010 0.000010 0.000011 0.000010 0.000010 0.000010
19 19 (0) 1 : 0.990475 0.000010 0.000010 0.000010 0.009475 0.000010 0.000010
20 20 (0) 1 : 0.867385 0.000010 0.000010 0.000010 0.132565 0.000010 0.000010
21 21 (0) 1 : 0.999940 0.000010 0.000010 0.000010 0.000010 0.000010 0.000010
22 22 (0) 1 : 0.901773 0.000010 0.000010 0.000015 0.098173 0.000010 0.000010
23 23 (0) 1 : 0.833404 0.000010 0.000010 0.000010 0.166546 0.000010 0.000010
24 24 (0) 1 : 0.999940 0.000010 0.000010 0.000010 0.000010 0.000010 0.000010
25 25 (0) 1 : 0.977946 0.000010 0.000010 0.000010 0.022004 0.000010 0.000010
26 26 (0) 1 : 0.999940 0.000010 0.000010 0.000010 0.000010 0.000010 0.000010
27 27 (0) 1 : 0.753580 0.000010 0.000010 0.000020 0.246360 0.000010 0.000010
28 28 (0) 1 : 0.900315 0.000010 0.000010 0.000010 0.099635 0.000010 0.000010
29 29 (0) 1 : 0.999940 0.000010 0.000010 0.000010 0.000010 0.000010 0.000010
30 30 (0) 1 : 0.975876 0.000010 0.000010 0.000010 0.024074 0.000010 0.000010
31 31 (0) 1 : 0.999940 0.000010 0.000010 0.000010 0.000010 0.000010 0.000010
32 32 (0) 1 : 0.970963 0.000010 0.000010 0.000011 0.028986 0.000010 0.000010
33 33 (0) 1 : 0.915762 0.000010 0.000010 0.000010 0.084188 0.000010 0.000010
34 34 (0) 1 : 0.908363 0.000010 0.000010 0.000010 0.091587 0.000010 0.000010
35 35 (0) 1 : 0.999940 0.000010 0.000010 0.000010 0.000010 0.000010 0.000010
36 36 (0) 1 : 0.000010 0.609835 0.000010 0.000010 0.000010 0.390115 0.000010
37 37 (0) 1 : 0.000010 0.999940 0.000010 0.000010 0.000010 0.000010 0.000010
38 38 (0) 1 : 0.000010 0.999940 0.000010 0.000010 0.000010 0.000010 0.000010
39 39 (0) 1 : 0.000010 0.008570 0.000010 0.000010 0.000010 0.991380 0.000010
40 40 (0) 1 : 0.000010 0.380276 0.000010 0.000010 0.000010 0.619674 0.000010
41 41 (0) 1 : 0.000010 0.825630 0.000010 0.000013 0.000010 0.174317 0.000010
42 42 (0) 1 : 0.000010 0.269540 0.000010 0.000010 0.000010 0.730410 0.000010
43 43 (0) 1 : 0.000010 0.044060 0.000010 0.000010 0.000010 0.955890 0.000010
44 44 (0) 1 : 0.000010 0.542179 0.000010 0.000010 0.000010 0.457771 0.000010
45 45 (0) 1 : 0.000010 0.187703 0.000010 0.000010 0.000010 0.812247 0.000010
46 46 (0) 1 : 0.000010 0.999939 0.000011 0.000010 0.000010 0.000010 0.000010
47 47 (0) 1 : 0.000010 0.999940 0.000010 0.000010 0.000010 0.000010 0.000010
48 48 (0) 1 : 0.000010 0.999940 0.000010 0.000010 0.000010 0.000010 0.000010
49 49 (0) 1 : 0.000010 0.332365 0.000010 0.000010 0.000010 0.667585 0.000010
50 50 (0) 1 : 0.000010 0.999940 0.000010 0.000010 0.000010 0.000010 0.000010
51 51 (0) 1 : 0.000010 0.632381 0.000010 0.000010 0.000010 0.367569 0.000010
52 52 (0) 1 : 0.000010 0.999940 0.000010 0.000010 0.000010 0.000010 0.000010
53 53 (0) 1 : 0.000010 0.000010 0.000010 0.000010 0.000010 0.999940 0.000010
54 54 (0) 1 : 0.000010 0.000010 0.000010 0.000010 0.000010 0.999940 0.000010
55 55 (0) 1 : 0.000010 0.461837 0.000010 0.000010 0.000010 0.538113 0.000010
56 56 (0) 1 : 0.000010 0.999940 0.000010 0.000010 0.000010 0.000010 0.000010
57 57 (0) 1 : 0.000010 0.000010 0.000010 0.000010 0.000010 0.999940 0.000010
58 58 (0) 1 : 0.000010 0.305955 0.000010 0.000010 0.000010 0.693995 0.000010
59 59 (0) 1 : 0.000010 0.321573 0.000010 0.000012 0.000010 0.678376 0.000010
60 60 (0) 1 : 0.000010 0.000010 0.000010 0.000010 0.000010 0.999940 0.000010
61 61 (0) 1 : 0.000010 0.000010 0.000010 0.000010 0.000010 0.999940 0.000010
62 62 (0) 1 : 0.000010 0.999940 0.000010 0.000010 0.000010 0.000010 0.000010
63 63 (0) 1 : 0.000010 0.648737 0.000010 0.000010 0.000010 0.351213 0.000010
64 64 (0) 1 : 0.000010 0.000010 0.000010 0.000010 0.000010 0.999940 0.000010
65 65 (0) 1 : 0.000010 0.278525 0.000010 0.000010 0.000010 0.721425 0.000010
66 66 (0) 1 : 0.000010 0.000010 0.000010 0.000010 0.000010 0.999940 0.000010
67 67 (0) 1 : 0.000010 0.116616 0.000010 0.000010 0.000010 0.883334 0.000010
68 68 (0) 1 : 0.000010 0.999940 0.000010 0.000010 0.000010 0.000010 0.000010
69 69 (0) 1 : 0.000010 0.398577 0.000010 0.000010 0.000010 0.601373 0.000010
70 70 (0) 1 : 0.000010 0.878073 0.000010 0.000010 0.000010 0.121877 0.000010
71 71 (0) 1 : 0.000010 0.692622 0.000010 0.000010 0.000010 0.307328 0.000010
72 72 (0) 1 : 0.000010 0.000010 0.000010 0.000010 0.000010 0.999940 0.000010
73 73 (0) 1 : 0.000010 0.000010 0.000010 0.000010 0.000010 0.999940 0.000010
74 74 (0) 1 : 0.000010 0.280881 0.000010 0.000010 0.000010 0.719069 0.000010
75 75 (0) 1 : 0.000010 0.387416 0.000010 0.000010 0.000010 0.612534 0.000010
76 76 (0) 1 : 0.000010 0.999940 0.000010 0.000010 0.000010 0.000010 0.000010
77 77 (0) 1 : 0.000010 0.999940 0.000010 0.000010 0.000010 0.000010 0.000010
78 78 (0) 1 : 0.000010 0.000010 0.000010 0.000010 0.000010 0.000010 0.999940
79 79 (0) 1 : 0.000010 0.000010 0.000010 0.000010 0.000010 0.000010 0.999940
80 80 (0) 1 : 0.000010 0.000010 0.000010 0.000010 0.000010 0.000010 0.999940
81 81 (0) 1 : 0.000010 0.000010 0.000010 0.000010 0.000010 0.000010 0.999940
82 82 (0) 1 : 0.000010 0.000010 0.000010 0.000010 0.000010 0.000010 0.999940
83 83 (0) 1 : 0.000010 0.000010 0.000010 0.000010 0.000010 0.000010 0.999940
84 84 (0) 1 : 0.000018 0.000010 0.000010 0.000010 0.000010 0.000010 0.999932
85 85 (0) 1 : 0.000010 0.000010 0.000010 0.000010 0.000010 0.000010 0.999940
86 86 (0) 1 : 0.000010 0.000010 0.000010 0.000010 0.000010 0.000010 0.999940
87 87 (0) 1 : 0.000010 0.000010 0.000010 0.000014 0.000010 0.000010 0.999936
88 88 (0) 1 : 0.000010 0.000010 0.000010 0.000010 0.000010 0.000010 0.999940
89 89 (0) 1 : 0.000010 0.000010 0.000010 0.000010 0.000010 0.000010 0.999940
90 90 (0) 1 : 0.000010 0.000010 0.000010 0.000010 0.000010 0.000010 0.999940
91 91 (0) 1 : 0.000010 0.000010 0.000010 0.000011 0.000010 0.000010 0.999939
92 92 (0) 1 : 0.000010 0.000010 0.000010 0.000010 0.000010 0.000010 0.999940
93 93 (0) 1 : 0.000010 0.000010 0.000010 0.000010 0.000010 0.000010 0.999940
94 94 (0) 1 : 0.000010 0.000010 0.000010 0.000010 0.000010 0.000010 0.999940
95 95 (0) 1 : 0.000010 0.000010 0.000010 0.000010 0.000010 0.000010 0.999940
96 96 (0) 1 : 0.000010 0.000010 0.999940 0.000010 0.000010 0.000010 0.000010
97 97 (0) 1 : 0.000010 0.000010 0.999940 0.000010 0.000010 0.000010 0.000010
98 98 (0) 1 : 0.000010 0.000010 0.999940 0.000010 0.000010 0.000010 0.000010
99 99 (0) 1 : 0.000010 0.000010 0.999940 0.000010 0.000010 0.000010 0.000010
100 100 (0) 1 : 0.000010 0.000010 0.999940 0.000010 0.000010 0.000010 0.000010
101 101 (0) 1 : 0.000010 0.000010 0.999940 0.000010 0.000010 0.000010 0.000010
102 102 (0) 1 : 0.000010 0.000010 0.999940 0.000010 0.000010 0.000010 0.000010
103 103 (0) 1 : 0.000010 0.000010 0.999940 0.000010 0.000010 0.000010 0.000010
104 104 (0) 1 : 0.000010 0.000010 0.999940 0.000010 0.000010 0.000010 0.000010
105 105 (0) 1 : 0.000010 0.000010 0.999940 0.000010 0.000010 0.000010 0.000010
106 106 (0) 1 : 0.000010 0.000010 0.999940 0.000010 0.000010 0.000010 0.000010
107 107 (0) 1 : 0.000010 0.000010 0.999933 0.000010 0.000017 0.000010 0.000010
108 108 (0) 1 : 0.000010 0.000010 0.999940 0.000010 0.000010 0.000010 0.000010
109 109 (0) 1 : 0.000010 0.000010 0.999940 0.000010 0.000010 0.000010 0.000010
110 110 (0) 1 : 0.000010 0.000010 0.999940 0.000010 0.000010 0.000010 0.000010
111 111 (0) 1 : 0.000010 0.000010 0.999940 0.000010 0.000010 0.000010 0.000010
112 112 (0) 1 : 0.000010 0.000010 0.999940 0.000010 0.000010 0.000010 0.000010
113 113 (0) 1 : 0.000010 0.000010 0.999940 0.000010 0.000010 0.000010 0.000010
114 114 (0) 1 : 0.000010 0.000010 0.000010 0.999940 0.000010 0.000010 0.000010
115 115 (0) 1 : 0.000010 0.000010 0.000010 0.999931 0.000019 0.000010 0.000010
116 116 (0) 1 : 0.000010 0.000010 0.000010 0.999940 0.000010 0.000010 0.000010
117 117 (0) 1 : 0.000010 0.000010 0.000010 0.999940 0.000010 0.000010 0.000010
118 118 (0) 1 : 0.000010 0.000010 0.000010 0.999940 0.000010 0.000010 0.000010
119 119 (0) 1 : 0.000010 0.000010 0.000010 0.999940 0.000010 0.000010 0.000010
120 120 (0) 1 : 0.000010 0.000010 0.000010 0.999940 0.000010 0.000010 0.000010
121 121 (0) 1 : 0.000010 0.000010 0.000010 0.999940 0.000010 0.000010 0.000010
1 1 (0) 1 : 0.000010 0.999936 0.000010 0.000010 0.000010 0.000014 0.000010
2 2 (0) 1 : 0.000010 0.999940 0.000010 0.000010 0.000010 0.000010 0.000010
3 3 (0) 1 : 0.000010 0.999940 0.000010 0.000010 0.000010 0.000010 0.000010
4 4 (0) 1 : 0.000010 0.999940 0.000010 0.000010 0.000010 0.000010 0.000010
5 5 (0) 1 : 0.000010 0.999940 0.000010 0.000010 0.000010 0.000010 0.000010
6 6 (0) 1 : 0.000010 0.999940 0.000010 0.000010 0.000010 0.000010 0.000010
7 7 (0) 1 : 0.000010 0.999939 0.000010 0.000010 0.000011 0.000010 0.000010
8 8 (0) 1 : 0.000010 0.999940 0.000010 0.000010 0.000010 0.000010 0.000010
9 9 (0) 1 : 0.000010 0.999936 0.000010 0.000010 0.000010 0.000014 0.000010
10 10 (0) 1 : 0.000010 0.999940 0.000010 0.000010 0.000010 0.000010 0.000010
11 11 (0) 1 : 0.000010 0.999935 0.000010 0.000010 0.000010 0.000015 0.000010
12 12 (0) 1 : 0.000010 0.999931 0.000010 0.000010 0.000010 0.000019 0.000010
13 13 (0) 1 : 0.000010 0.999937 0.000010 0.000010 0.000010 0.000013 0.000010
14 14 (0) 1 : 0.000010 0.999940 0.000010 0.000010 0.000010 0.000010 0.000010
15 15 (0) 1 : 0.000010 0.999940 0.000010 0.000010 0.000010 0.000010 0.000010
16 16 (0) 1 : 0.000010 0.999939 0.000010 0.000010 0.000010 0.000011 0.000010
17 17 (0) 1 : 0.000010 0.999940 0.000010 0.000010 0.000010 0.000010 0.000010
18 18 (0) 1 : 0.000010 0.999938 0.000010 0.000010 0.000010 0.000012 0.000010
19 19 (0) 1 : 0.000010 0.999935 0.000010 0.000015 0.000010 0.000010 0.000010
20 20 (0) 1 : 0.000010 0.999931 0.000010 0.000010 0.000010 0.000019 0.000010
21 21 (0) 1 : 0.000010 0.999940 0.000010 0.000010 0.000010 0.000010 0.000010
22 22 (0) 1 : 0.000010 0.999940 0.000010 0.000010 0.000010 0.000010 0.000010
23 23 (0) 1 : 0.000010 0.999935 0.000010 0.000010 0.000010 0.000015 0.000010
24 24 (0) 1 : 0.000010 0.999940 0.000010 0.000010 0.000010 0.000010 0.000010
25 25 (0) 1 : 0.000010 0.999940 0.000010 0.000010 0.000010 0.000010 0.000010
26 26 (0) 1 : 0.000010 0.999940 0.000010 0.000010 0.000010 0.000010 0.000010
27 27 (0) 1 : 0.000010 0.999940 0.000010 0.000010 0.000010 0.000010 0.000010
28 28 (0) 1 : 0.000010 0.999940 0.000010 0.000010 0.000010 0.000010 0.000010
29 29 (0) 1 : 0.000010 0.999939 0.000010 0.000010 0.000010 0.000011 0.000010
30 30 (0) 1 : 0.000010 0.999940 0.000010 0.000010 0.000010 0.000010 0.000010
31 31 (0) 1 : 0.000010 0.999940 0.000010 0.000010 0.000010 0.000010 0.000010
32 32 (0) 1 : 0.000010 0.999931 0.000010 0.000012 0.000010 0.000016 0.000010
33 33 (0) 1 : 0.000010 0.999940 0.000010 0.000010 0.000010 0.000010 0.000010
34 34 (0) 1 : 0.000010 0.999940 0.000010 0.000010 0.000010 0.000010 0.000010
35 35 (0) 1 : 0.000010 0.999940 0.000010 0.000010 0.000010 0.000010 0.000010
36 36 (0) 1 : 0.000010 0.000010 0.392978 0.000010 0.606972 0.000010 0.000010
37 37 (0) 1 : 0.000010 0.000010 0.000010 0.000010 0.999932 0.000018 0.000010
38 38 (0) 1 : 0.000010 0.000010 0.000010 0.000010 0.999940 0.000010 0.000010
39 39 (0) 1 : 0.000010 0.000010 0.999934 0.000010 0.000016 0.000010 0.000010
40 40 (0) 1 : 0.000010 0.000010 0.615602 0.000010 0.384341 0.000016 0.000010
41 41 (0) 1 : 0.000010 0.000010 0.160691 0.000010 0.839251 0.000018 0.000010
42 42 (0) 1 : 0.000010 0.000011 0.727767 0.000010 0.272182 0.000010 0.000010
43 43 (0) 1 : 0.000010 0.000019 0.947833 0.000010 0.052108 0.000010 0.000010
44 44 (0) 1 : 0.000010 0.000010 0.610924 0.000010 0.389026 0.000010 0.000010
45 45 (0) 1 : 0.000010 0.000010 0.804760 0.000010 0.195182 0.000018 0.000010
46 46 (0) 1 : 0.000010 0.000010 0.000010 0.000010 0.999940 0.000010 0.000010
47 47 (0) 1 : 0.000010 0.000010 0.000010 0.000010 0.999939 0.000010 0.000010
48 48 (0) 1 : 0.000010 0.000010 0.000010 0.000010 0.999940 0.000010 0.000010
49 49 (0) 1 : 0.000010 0.000010 0.680783 0.000010 0.319167 0.000010 0.000010
50 50 (0) 1 : 0.000010 0.000010 0.000010 0.000010 0.999940 0.000010 0.000010
51 51 (0) 1 : 0.000010 0.000010 0.367899 0.000010 0.632051 0.000010 0.000010
52 52 (0) 1 : 0.000010 0.000010 0.000010 0.000010 0.999940 0.000010 0.000010
53 53 (0) 1 : 0.000010 0.000010 0.999940 0.000010 0.000010 0.000010 0.000010
54 54 (0) 1 : 0.000010 0.000010 0.999940 0.000010 0.000010 0.000010 0.000010
55 55 (0) 1 : 0.000010 0.000010 0.552089 0.000010 0.447861 0.000010 0.000010
56 56 (0) 1 : 0.000010 0.000010 0.000010 0.000010 0.999938 0.000012 0.000010
57 57 (0) 1 : 0.000010 0.000010 0.999940 0.000010 0.000010 0.000010 0.000010
58 58 (0) 1 : 0.000010 0.000010 0.696317 0.000010 0.303633 0.000010 0.000010
59 59 (0) 1 : 0.000010 0.000010 0.691681 0.000010 0.308269 0.000010 0.000010
60 60 (0) 1 : 0.000010 0.000010 0.999940 0.000010 0.000010 0.000010 0.000010
61 61 (0) 1 : 0.000010 0.000010 0.999940 0.000010 0.000010 0.000010 0.000010
62 62 (0) 1 : 0.000013 0.000010 0.000010 0.000010 0.999937 0.000010 0.000010
63 63 (0) 1 : 0.000010 0.000010 0.359225 0.000010 0.640724 0.000010 0.000010
64 64 (0) 1 : 0.000010 0.000010 0.999940 0.000010 0.000010 0.000010 0.000010
65 65 (0) 1 : 0.000010 0.000010 0.724400 0.000010 0.275549 0.000011 0.000010
66 66 (0) 1 : 0.000010 0.000010 0.999940 0.000010 0.000010 0.000010 0.000010
67 67 (0) 1 : 0.000010 0.000010 0.891772 0.000010 0.108168 0.000019 0.000010
68 68 (0) 1 : 0.000010 0.000010 0.000010 0.000010 0.999940 0.000010 0.000010
69 69 (0) 1 : 0.000014 0.000010 0.470994 0.000010 0.528952 0.000010 0.000010
70 70 (0) 1 : 0.000010 0.000011 0.143044 0.000010 0.856906 0.000010 0.000010
71 71 (0) 1 : 0.000010 0.000010 0.315088 0.000010 0.684862 0.000010 0.000010
72 72 (0) 1 : 0.000010 0.000010 0.999940 0.000010 0.000010 0.000010 0.000010
73 73 (0) 1 : 0.000010 0.000010 0.999940 0.000010 0.000010 0.000010 0.000010
74 74 (0) 1 : 0.000010 0.000010 0.712570 0.000010 0.287380 0.000010 0.000010
75 75 (0) 1 : 0.000010 0.000010 0.597936 0.000010 0.402014 0.000010 0.000010
76 76 (0) 1 : 0.000010 0.000010 0.000010 0.000010 0.999940 0.000010 0.000010
77 77 (0) 1 : 0.000010 0.000010 0.000010 0.000010 0.999940 0.000010 0.000010
78 78 (0) 1 : 0.000010 0.000010 0.000010 0.000010 0.000010 0.000010 0.999940
79 79 (0) 1 : 0.000010 0.000010 0.000010 0.000010 0.000010 0.000010 0.999940
80 80 (0) 1 : 0.000010 0.000010 0.000010 0.000010 0.000010 0.000010 0.999940
81 81 (0) 1 : 0.000010 0.000010 0.000010 0.000010 0.000010 0.000010 0.999940
82 82 (0) 1 : 0.000010 0.000010 0.000010 0.000010 0.000010 0.000010 0.999940
83 83 (0) 1 : 0.000010 0.000010 0.000010 0.000010 0.000010 0.000010 0.999940
84 84 (0) 1 : 0.000010 0.000010 0.000010 0.000010 0.000010 0.000010 0.999940
85 85 (0) 1 : 0.000010 0.000010 0.000010 0.000010 0.000010 0.000010 0.999940
86 86 (0) 1 : 0.000010 0.000010 0.000010 0.000010 0.000010 0.000010 0.999940
87 87 (0) 1 : 0.000010 0.000010 0.000010 0.000010 0.000010 0.000010 0.999940
88 88 (0) 1 : 0.000010 0.000010 0.000010 0.000010 0.000010 0.000010 0.999940
89 89 (0) 1 : 0.000010 0.000010 0.000010 0.000010 0.000010 0.000010 0.999940
90 90 (0) 1 : 0.000010 0.000010 0.000010 0.000010 0.000010 0.000010 0.999940
91 91 (0) 1 : 0.000010 0.000010 0.000010 0.000010 0.000010 0.000010 0.999940
92 92 (0) 1 : 0.000010 0.000010 0.000010 0.000010 0.000010 0.000010 0.999940
93 93 (0) 1 : 0.000010 0.000010 0.000010 0.000010 0.000010 0.000010 0.999940
94 94 (0) 1 : 0.000010 0.000010 0.000010 0.000010 0.000010 0.000010 0.999940
95 95 (0) 1 : 0.000010 0.000010 0.000010 0.000010 0.000010 0.000010 0.999940
96 96 (0) 1 : 0.466976 0.000010 0.000010 0.532974 0.000010 0.000010 0.000010
97 97 (0) 1 : 0.000010 0.000010 0.000010 0.999940 0.000010 0.000010 0.000010
98 98 (0) 1 : 0.000010 0.000010 0.000010 0.999940 0.000010 0.000010 0.000010
99 99 (0) 1 : 0.148506 0.000010 0.000010 0.851444 0.000010 0.000010 0.000010
100 100 (0) 1 : 0.000016 0.000010 0.000010 0.999934 0.000010 0.000010 0.000010
101 101 (0) 1 : 0.271740 0.000010 0.000010 0.728203 0.000016 0.000010 0.000010
102 102 (0) 1 : 0.999940 0.000010 0.000010 0.000010 0.000010 0.000010 0.000010
103 103 (0) 1 : 0.000010 0.000010 0.000010 0.999940 0.000010 0.000010 0.000010
104 104 (0) 1 : 0.529417 0.000010 0.000010 0.470533 0.000010 0.000010 0.000010
105 105 (0) 1 : 0.999940 0.000010 0.000010 0.000010 0.000010 0.000010 0.000010
106 106 (0) 1 : 0.000010 0.000010 0.000010 0.999940 0.000010 0.000010 0.000010
107 107 (0) 1 : 0.999940 0.000010 0.000010 0.000010 0.000010 0.000010 0.000010
108 108 (0) 1 : 0.773702 0.000010 0.000010 0.226248 0.000010 0.000010 0.000010
109 109 (0) 1 : 0.168023 0.000010 0.000012 0.831926 0.000010 0.000010 0.000010
110 110 (0) 1 : 0.000010 0.000010 0.000018 0.999931 0.000010 0.000011 0.000010
111 111 (0) 1 : 0.000013 0.000010 0.000010 0.999937 0.000010 0.000010 0.000010
112 112 (0) 1 : 0.051418 0.000010 0.000010 0.948532 0.000010 0.000010 0.000010
113 113 (0) 1 : 0.999940 0.000010 0.000010 0.000010 0.000010 0.000010 0.000010
114 114 (0) 1 : 0.000010 0.000010 0.000010 0.000010 0.000010 0.999940 0.000010
115 115 (0) 1 : 0.000010 0.000011 0.000010 0.000010 0.000010 0.999939 0.000010
116 116 (0) 1 : 0.000010 0.000016 0.000010 0.000010 0.000010 0.999934 0.000010
117 117 (0) 1 : 0.000010 0.000010 0.000010 0.000010 0.000010 0.999940 0.000010
118 118 (0) 1 : 0.000010 0.000010 0.000010 0.000010 0.000010 0.999940 0.000010
119 119 (0) 1 : 0.000010 0.000010 0.000010 0.000010 0.000017 0.999933 0.000010
120 120 (0) 1 : 0.000010 0.000010 0.000010 0.000010 0.000017 0.999933 0.000010
121 121 (0) 1 : 0.000010 0.000010 0.000010 0.000010 0.000010 0.999940 0.000010
1 1 (0) 1 : 0.000010 0.000010 0.000010 0.999940 0.000010 0.000010 0.000010
2 2 (0) 1 : 0.000010 0.000010 0.000010 0.999940 0.000010 0.000010 0.000010
3 3 (0) 1 : 0.000010 0.000010 0.000010 0.999940 0.000010 0.000010 0.000010
4 4 (0) 1 : 0.000010 0.000010 0.000010 0.999940 0.000010 0.000010 0.000010
5 5 (0) 1 : 0.000010 0.000010 0.000010 0.999940 0.000010 0.000010 0.000010
6 6 (0) 1 : 0.000010 0.000010 0.000010 0.999940 0.000010 0.000010 0.000010
7 7 (0) 1 : 0.000010 0.000010 0.000010 0.999940 0.000010 0.000010 0.000010
8 8 (0) 1 : 0.000010 0.000010 0.000010 0.999940 0.000010 0.000010 0.000010
9 9 (0) 1 : 0.000010 0.000010 0.000010 0.999940 0.000010 0.000010 0.000010
10 10 (0) 1 : 0.000011 0.000010 0.000010 0.999939 0.000010 0.000010 0.000010
11 11 (0) 1 : 0.000010 0.000010 0.000012 0.999938 0.000010 0.000010 0.000010
12 12 (0) 1 : 0.000010 0.000010 0.000010 0.999940 0.000010 0.000010 0.000010
13 13 (0) 1 : 0.000010 0.000010 0.000010 0.999940 0.000010 0.000010 0.000010
14 14 (0) 1 : 0.000010 0.000010 0.000010 0.999940 0.000010 0.000010 0.000010
15 15 (0) 1 : 0.000010 0.000010 0.000010 0.999940 0.000010 0.000010 0.000010
16 16 (0) 1 : 0.000010 0.000010 0.000010 0.999940 0.000010 0.000010 0.000010
17 17 (0) 1 : 0.000010 0.000010 0.000010 0.999940 0.000010 0.000010 0.000010
18 18 (0) 1 : 0.000010 0.000010 0.000010 0.999940 0.000010 0.000010 0.000010
19 19 (0) 1 : 0.000010 0.000010 0.000010 0.999940 0.000010 0.000010 0.000010
20 20 (0) 1 : 0.000010 0.000010 0.000010 0.999940 0.000010 0.000010 0.000010
21 21 (0) 1 : 0.000010 0.000010 0.000010 0.999940 0.000010 0.000010 0.000010
22 22 (0) 1 : 0.000011 0.000010 0.000010 0.999939 0.000010 0.000010 0.000010
23 23 (0) 1 : 0.000010 0.000010 0.000010 0.999940 0.000010 0.000010 0.000010
24 24 (0) 1 : 0.000010 0.000010 0.000010 0.999940 0.000010 0.000010 0.000010
25 25 (0) 1 : 0.000010 0.000010 0.000010 0.999940 0.000010 0.000010 0.000010
26 26 (0) 1 : 0.000010 0.000010 0.000010 0.999940 0.000010 0.000010 0.000010
27 27 (0) 1 : 0.000010 0.000010 0.000010 0.999940 0.000010 0.000010 0.000010
28 28 (0) 1 : 0.000010 0.000010 0.000010 0.999940 0.000010 0.000010 0.000010
29 29 (0) 1 : 0.000010 0.000010 0.000010 0.999936 0.000010 0.000014 0.000010
30 30 (0) 1 : 0.000010 0.000010 0.000010 0.999940 0.000010 0.000010 0.000010
31 31 (0) 1 : 0.000010 0.000010 0.000010 0.999940 0.000010 0.000010 0.000010
32 32 (0) 1 : 0.000010 0.000010 0.000010 0.999940 0.000010 0.000010 0.000010
33 33 (0) 1 : 0.000010 0.000010 0.000010 0.999940 0.000010 0.000010 0.000010
34 34 (0) 1 : 0.000010 0.000010 0.000010 0.999940 0.000010 0.000010 0.000010
35 35 (0) 1 : 0.000010 0.000010 0.000010 0.999940 0.000010 0.000010 0.000010
36 36 (0) 1 : 0.391283 0.000010 0.608667 0.000010 0.000010 0.000010 0.000010
37 37 (0) 1 : 0.000010 0.000010 0.999940 0.000010 0.000010 0.000010 0.000010
38 38 (0) 1 : 0.000010 0.000010 0.999940 0.000010 0.000010 0.000010 0.000010
39 39 (0) 1 : 0.993145 0.000010 0.006805 0.000010 0.000010 0.000010 0.000010
40 40 (0) 1 : 0.614221 0.000010 0.385729 0.000010 0.000010 0.000010 0.000010
41 41 (0) 1 : 0.159365 0.000010 0.840585 0.000010 0.000010 0.000010 0.000010
42 42 (0) 1 : 0.724414 0.000010 0.275536 0.000010 0.000010 0.000010 0.000010
43 43 (0) 1 : 0.946227 0.000010 0.053723 0.000010 0.000010 0.000010 0.000010
44 44 (0) 1 : 0.608204 0.000010 0.391746 0.000010 0.000010 0.000010 0.000010
45 45 (0) 1 : 0.802973 0.000010 0.196977 0.000010 0.000010 0.000010 0.000010
46 46 (0) 1 : 0.000010 0.000010 0.999939 0.000010 0.000011 0.000010 0.000010
47 47 (0) 1 : 0.000010 0.000017 0.999933 0.000010 0.000010 0.000010 0.000010
48 48 (0) 1 : 0.000010 0.000010 0.999940 0.000010 0.000010 0.000010 0.000010
49 49 (0) 1 : 0.678250 0.000010 0.321700 0.000010 0.000010 0.000010 0.000010
50 50 (0) 1 : 0.000010 0.000010 0.999940 0.000010 0.000010 0.000010 0.000010
51 51 (0) 1 : 0.366131 0.000010 0.633819 0.000010 0.000010 0.000010 0.000010
52 52 (0) 1 : 0.000010 0.000010 0.999940 0.000010 0.000010 0.000010 0.000010
53 53 (0) 1 : 0.999940 0.000010 0.000010 0.000010 0.000010 0.000010 0.000010
54 54 (0) 1 : 0.999940 0.000010 0.000010 0.000010 0.000010 0.000010 0.000010
55 55 (0) 1 : 0.551587 0.000010 0.448362 0.000010 0.000011 0.000010 0.000010
56 56 (0) 1 : 0.000010 0.000010 0.999940 0.000010 0.000010 0.000010 0.000010
57 57 (0) 1 : 0.999940 0.000010 0.000010 0.000010 0.000010 0.000010 0.000010
58 58 (0) 1 : 0.695125 0.000010 0.304822 0.000010 0.000013 0.000010 0.000010
59 59 (0) 1 : 0.690171 0.000010 0.309779 0.000010 0.000010 0.000010 0.000010
60 60 (0) 1 : 0.999940 0.000010 0.000010 0.000010 0.000010 0.000010 0.000010
61 61 (0) 1 : 0.999940 0.000010 0.000010 0.000010 0.000010 0.000010 0.000010
62 62 (0) 1 : 0.000010 0.000010 0.999940 0.000010 0.000010 0.000010 0.000010
63 63 (0) 1 : 0.358007 0.000010 0.641943 0.000010 0.000010 0.000010 0.000010
64 64 (0) 1 : 0.999940 0.000010 0.000010 0.000010 0.000010 0.000010 0.000010
65 65 (0) 1 : 0.723070 0.000010 0.276880 0.000010 0.000010 0.000010 0.000010
66 66 (0) 1 : 0.999940 0.000010 0.000010 0.000010 0.000010 0.000010 0.000010
67 67 (0) 1 : 0.889948 0.000010 0.110002 0.000010 0.000010 0.000010 0.000010
68 68 (0) 1 : 0.000010 0.000010 0.999940 0.000010 0.000010 0.000010 0.000010
69 69 (0) 1 : 0.469739 0.000010 0.530211 0.000010 0.000010 0.000010 0.000010
70 70 (0) 1 : 0.140001 0.000010 0.859949 0.000010 0.000010 0.000010 0.000010
71 71 (0) 1 : 0.314429 0.000010 0.685521 0.000010 0.000010 0.000010 0.000010
72 72 (0) 1 : 0.999940 0.000010 0.000010 0.000010 0.000010 0.000010 0.000010
73 73 (0) 1 : 0.999940 0.000010 0.000010 0.000010 0.000010 0.000010 0.000010
74 74 (0) 1 : 0.709451 0.000010 0.290499 0.000010 0.000010 0.000010 0.000010
75 75 (0) 1 : 0.592959 0.000010 0.406990 0.000010 0.000010 0.000010 0.000010
76 76 (0) 1 : 0.000010 0.000010 0.999940 0.000010 0.000010 0.000010 0.000010
77 77 (0) 1 : 0.000010 0.000010 0.999940 0.000010 0.000010 0.000010 0.000010
78 78 (0) 1 : 0.000010 0.000010 0.000010 0.000010 0.000010 0.999940 0.000010
79 79 (0) 1 : 0.000010 0.000010 0.000010 0.000010 0.000010 0.999940 0.000010
80 80 (0) 1 : 0.000010 0.000010 0.000010 0.000010 0.000010 0.999940 0.000010
81 81 (0) 1 : 0.000010 0.000010 0.000010 0.000010 0.000010 0.999940 0.000010
82 82 (0) 1 : 0.000010 0.000010 0.000010 0.000010 0.000010 0.999940 0.000010
83 83 (0) 1 : 0.000010 0.000010 0.000010 0.000010 0.000010 0.999940 0.000010
84 84 (0) 1 : 0.000010 0.000010 0.000010 0.000010 0.000010 0.999940 0.000010
85 85 (0) 1 : 0.000010 0.000010 0.000010 0.000010 0.000010 0.999940 0.000010
86 86 (0) 1 : 0.000010 0.000010 0.000010 0.000010 0.000010 0.999940 0.000010
87 87 (0) 1 : 0.000010 0.000010 0.000010 0.000010 0.000010 0.999940 0.000010
88 88 (0) 1 : 0.000010 0.000010 0.000010 0.000010 0.000010 0.999940 0.000010
89 89 (0) 1 : 0.000010 0.000010 0.000010 0.000010 0.000010 0.999940 0.000010
90 90 (0) 1 : 0.000010 0.000010 0.000010 0.000010 0.000010 0.999940 0.000010
91 91 (0) 1 : 0.000010 0.000010 0.000010 0.000010 0.000010 0.999940 0.000010
92 92 (0) 1 : 0.000010 0.000010 0.000010 0.000010 0.000010 0.999940 0.000010
93 93 (0) 1 : 0.000010 0.000017 0.000010 0.000010 0.000010 0.999933 0.000010
94 94 (0) 1 : 0.000010 0.000010 0.000010 0.000010 0.000010 0.999940 0.000010
95 95 (0) 1 : 0.000010 0.000010 0.000010 0.000010 0.000010 0.999940 0.000010
96 96 (0) 1 : 0.000010 0.000010 0.000010 0.000010 0.000010 0.000010 0.999940
97 97 (0) 1 : 0.000010 0.000010 0.000010 0.000010 0.000010 0.000010 0.999940
98 98 (0) 1 : 0.000010 0.000010 0.000010 0.000010 0.000010 0.000010 0.999940
99 99 (0) 1 : 0.000010 0.000010 0.000010 0.000010 0.000010 0.000010 0.999940
100 100 (0) 1 : 0.000010 0.000010 0.000010 0.000010 0.000010 0.000010 0.999940
101 101 (0) 1 : 0.000010 0.000010 0.000010 0.000010 0.000010 0.000010 0.999940
102 102 (0) 1 : 0.000010 0.000010 0.000010 0.000010 0.000010 0.000010 0.999940
103 103 (0) 1 : 0.000010 0.000010 0.000010 0.000010 0.000010 0.000010 0.999940
104 104 (0) 1 : 0.000010 0.000010 0.000010 0.000010 0.000010 0.000010 0.999940
105 105 (0) 1 : 0.000010 0.000010 0.000010 0.000010 0.000010 0.000010 0.999940
106 106 (0) 1 : 0.000010 0.000010 0.000010 0.000010 0.000010 0.000010 0.999940
107 107 (0) 1 : 0.000010 0.000010 0.000010 0.000010 0.000010 0.000010 0.999940
108 108 (0) 1 : 0.000010 0.000010 0.000010 0.000010 0.000010 0.000010 0.999940
109 109 (0) 1 : 0.000010 0.000010 0.000010 0.000010 0.000010 0.000010 0.999940
110 110 (0) 1 : 0.000010 0.000010 0.000010 0.000010 0.000010 0.000010 0.999940
111 111 (0) 1 : 0.000010 0.000010 0.000010 0.000010 0.000010 0.000010 0.999940
112 112 (0) 1 : 0.000010 0.000010 0.000010 0.000010 0.000010 0.000010 0.999940
113 113 (0) 1 : 0.000010 0.000010 0.000010 0.000010 0.000010 0.000010 0.999940
114 114 (0) 1 : 0.000010 0.000010 0.000010 0.000010 0.999940 0.000010 0.000010
115 115 (0) 1 : 0.000010 0.000010 0.000010 0.000010 0.999940 0.000010 0.000010
116 116 (0) 1 : 0.000010 0.978608 0.000010 0.000010 0.021342 0.000010 0.000010
117 117 (0) 1 : 0.000010 0.999940 0.000010 0.000010 0.000010 0.000010 0.000010
118 118 (0) 1 : 0.000010 0.000010 0.000010 0.000010 0.999940 0.000010 0.000010
119 119 (0) 1 : 0.000010 0.999940 0.000010 0.000010 0.000010 0.000010 0.000010
120 120 (0) 1 : 0.000010 0.999940 0.000010 0.000010 0.000010 0.000010 0.000010
121 121 (0) 1 : 0.000011 0.999939 0.000010 0.000010 0.000010 0.000010 0.000010
1 1 (0) 1 : 0.000010 0.000010 0.000010 0.999940 0.000010 0.000010 0.000010
2 2 (0) 1 : 0.000010 0.000010 0.000010 0.999940 0.000010 0.000010 0.000010
3 3 (0) 1 : 0.000010 0.000010 0.000010 0.999940 0.000010 0.000010 0.000010
4 4 (0) 1 : 0.000010 0.000010 0.000010 0.999940 0.000010 0.000010 0.000010
5 5 (0) 1 : 0.000010 0.000010 0.000010 0.999937 0.000010 0.000013 0.000010
6 6 (0) 1 : 0.000010 0.000010 0.000010 0.999940 0.000010 0.000010 0.000010
7 7 (0) 1 : 0.000010 0.000010 0.000010 0.999940 0.000010 0.000010 0.000010
8 8 (0) 1 : 0.000010 0.000010 0.000010 0.999940 0.000010 0.000010 0.000010
9 9 (0) 1 : 0.000010 0.000010 0.000010 0.999940 0.000010 0.000010 0.000010
10 10 (0) 1 : 0.000010 0.000010 0.000010 0.999940 0.000010 0.000010 0.000010
11 11 (0) 1 : 0.000010 0.000010 0.000010 0.999937 0.000010 0.000013 0.000010
12 12 (0) 1 : 0.000010 0.000010 0.000010 0.999940 0.000010 0.000010 0.000010
13 13 (0) 1 : 0.000010 0.000010 0.000010 0.999940 0.000010 0.000010 0.000010
14 14 (0) 1 : 0.000016 0.000016 0.000010 0.999928 0.000010 0.000010 0.000010
15 15 (0) 1 : 0.000010 0.000010 0.000010 0.999940 0.000010 0.000010 0.000010
16 16 (0) 1 : 0.000010 0.000010 0.000010 0.999940 0.000010 0.000010 0.000010
17 17 (0) 1 : 0.000010 0.000010 0.000010 0.999940 0.000010 0.000010 0.000010
18 18 (0) 1 : 0.000010 0.000010 0.000010 0.999940 0.000010 0.000010 0.000010
19 19 (0) 1 : 0.000011 0.000010 0.000010 0.999939 0.000010 0.000010 0.000010
20 20 (0) 1 : 0.000010 0.000010 0.000010 0.999933 0.000010 0.000017 0.000010
21 21 (0) 1 : 0.000010 0.000010 0.000010 0.999940 0.000010 0.000010 0.000010
22 22 (0) 1 : 0.000010 0.000010 0.000010 0.999940 0.000010 0.000010 0.000010
23 23 (0) 1 : 0.000010 0.000010 0.000010 0.999940 0.000010 0.000010 0.000010
24 24 (0) 1 : 0.000010 0.000010 0.000010 0.999940 0.000010 0.000010 0.000010
25 25 (0) 1 : 0.000010 0.000010 0.000012 0.999938 0.000010 0.000010 0.000010
26 26 (0) 1 : 0.000010 0.000010 0.000010 0.999940 0.000010 0.000010 0.000010
27 27 (0) 1 : 0.000010 0.000010 0.000010 0.999940 0.000010 0.000010 0.000010
28 28 (0) 1 : 0.000010 0.000010 0.000010 0.999940 0.000010 0.000010 0.000010
29 29 (0) 1 : 0.000010 0.000010 0.000010 0.999940 0.000010 0.000010 0.000010
30 30 (0) 1 : 0.000010 0.000010 0.000010 0.999940 0.000010 0.000010 0.000010
31 31 (0) 1 : 0.000010 0.000010 0.000010 0.999940 0.000010 0.000010 0.000010
32 32 (0) 1 : 0.000010 0.000010 0.000010 0.999940 0.000010 0.000010 0.000010
33 33 (0) 1 : 0.000010 0.000010 0.000010 0.999940 0.000010 0.000010 0.000010
34 34 (0) 1 : 0.000010 0.000010 0.000010 0.999940 0.000010 0.000010 0.000010
35 35 (0) 1 : 0.000010 0.000010 0.000010 0.999940 0.000010 0.000010 0.000010
36 36 (0) 1 : 0.391468 0.000010 0.000010 0.000010 0.608482 0.000010 0.000010
37 37 (0) 1 : 0.000010 0.000010 0.000010 0.000010 0.999940 0.000010 0.000010
38 38 (0) 1 : 0.000010 0.000010 0.000010 0.000010 0.999940 0.000010 0.000010
39 39 (0) 1 : 0.999940 0.000010 0.000010 0.000010 0.000010 0.000010 0.000010
40 40 (0) 1 : 0.621807 0.000010 0.000010 0.000010 0.378143 0.000010 0.000010
41 41 (0) 1 : 0.175134 0.000010 0.000010 0.000010 0.824816 0.000010 0.000010
42 42 (0) 1 : 0.732965 0.000010 0.000010 0.000010 0.266982 0.000013 0.000010
43 43 (0) 1 : 0.959441 0.000010 0.000010 0.000010 0.040509 0.000010 0.000010
44 44 (0) 1 : 0.434536 0.000010 0.000010 0.000010 0.565414 0.000010 0.000010
45 45 (0) 1 : 0.816331 0.000010 0.000010 0.000010 0.183618 0.000010 0.000010
46 46 (0) 1 : 0.000010 0.000010 0.000010 0.000010 0.999940 0.000010 0.000010
47 47 (0) 1 : 0.000010 0.000010 0.000010 0.000010 0.999940 0.000010 0.000010
48 48 (0) 1 : 0.000010 0.000010 0.000010 0.000010 0.999940 0.000010 0.000010
49 49 (0) 1 : 0.668857 0.000010 0.000010 0.000010 0.331093 0.000010 0.000010
50 50 (0) 1 : 0.000010 0.000010 0.000010 0.000010 0.999940 0.000010 0.000010
51 51 (0) 1 : 0.364163 0.000010 0.000010 0.000010 0.635787 0.000010 0.000010
52 52 (0) 1 : 0.000010 0.000010 0.000010 0.000010 0.999940 0.000010 0.000010
53 53 (0) 1 : 0.999940 0.000010 0.000010 0.000010 0.000010 0.000010 0.000010
54 54 (0) 1 : 0.999940 0.000010 0.000010 0.000010 0.000010 0.000010 0.000010
55 55 (0) 1 : 0.529045 0.000010 0.000010 0.000010 0.470905 0.000010 0.000010
56 56 (0) 1 : 0.000010 0.000010 0.000010 0.000010 0.999940 0.000010 0.000010
57 57 (0) 1 : 0.999940 0.000010 0.000010 0.000010 0.000010 0.000010 0.000010
58 58 (0) 1 : 0.694843 0.000010 0.000010 0.000010 0.305107 0.000010 0.000010
59 59 (0) 1 : 0.672480 0.000010 0.000010 0.000010 0.327470 0.000010 0.000010
60 60 (0) 1 : 0.999940 0.000010 0.000010 0.000010 0.000010 0.000010 0.000010
61 61 (0) 1 : 0.999940 0.000010 0.000010 0.000010 0.000010 0.000010 0.000010
62 62 (0) 1 : 0.000010 0.000010 0.000010 0.000010 0.999940 0.000010 0.000010
63 63 (0) 1 : 0.339515 0.000010 0.000010 0.000010 0.660435 0.000010 0.000010
64 64 (0) 1 : 0.999940 0.000010 0.000010 0.000010 0.000010 0.000010 0.000010
65 65 (0) 1 : 0.721586 0.000010 0.000010 0.000010 0.278364 0.000010 0.000010
66 66 (0) 1 : 0.999940 0.000010 0.000010 0.000010 0.000010 0.000010 0.000010
67 67 (0) 1 : 0.882453 0.000010 0.000010 0.000010 0.117497 0.000010 0.000010
68 68 (0) 1 : 0.000010 0.000010 0.000015 0.000010 0.999935 0.000010 0.000010
69 69 (0) 1 : 0.605309 0.000010 0.000016 0.000010 0.394635 0.000010 0.000010
70 70 (0) 1 : 0.127063 0.000010 0.000010 0.000010 0.872885 0.000013 0.000010
71 71 (0) 1 : 0.302528 0.000010 0.000010 0.000010 0.697422 0.000010 0.000010
72 72 (0) 1 : 0.999934 0.000010 0.000010 0.000016 0.000010 0.000010 0.000010
73 73 (0) 1 : 0.999940 0.000010 0.000010 0.000010 0.000010 0.000010 0.000010
74 74 (0) 1 : 0.720503 0.000010 0.000017 0.000010 0.279440 0.000010 0.000010
75 75 (0) 1 : 0.622013 0.000010 0.000010 0.000010 0.377937 0.000010 0.000010
76 76 (0) 1 : 0.000010 0.000010 0.000010 0.000010 0.999940 0.000010 0.000010
77 77 (0) 1 : 0.000010 0.000010 0.000010 0.000010 0.999940 0.000010 0.000010
78 78 (0) 1 : 0.000010 0.000010 0.000011 0.000010 0.000010 0.999939 0.000010
79 79 (0) 1 : 0.000015 0.000010 0.000010 0.000010 0.000010 0.999935 0.000010
80 80 (0) 1 : 0.000010 0.000010 0.000010 0.000010 0.000010 0.999940 0.000010
81 81 (0) 1 : 0.000010 0.000010 0.000010 0.000010 0.000010 0.999940 0.000010
82 82 (0) 1 : 0.000010 0.000010 0.000010 0.000010 0.000010 0.999940 0.000010
83 83 (0) 1 : 0.000010 0.000010 0.000010 0.000010 0.000010 0.999940 0.000010
84 84 (0) 1 : 0.000010 0.000010 0.000010 0.000010 0.000010 0.999940 0.000010
85 85 (0) 1 : 0.000010 0.000010 0.000010 0.000010 0.000010 0.999940 0.000010
86 86 (0) 1 : 0.000010 0.000010 0.000010 0.000010 0.000010 0.999940 0.000010
87 87 (0) 1 : 0.000010 0.000010 0.000010 0.000010 0.000010 0.999940 0.000010
88 88 (0) 1 : 0.000010 0.000010 0.000010 0.000010 0.000010 0.999940 0.000010
89 89 (0) 1 : 0.000010 0.000010 0.000010 0.000011 0.000010 0.999939 0.000010
90 90 (0) 1 : 0.000010 0.000010 0.000010 0.000010 0.000010 0.999940 0.000010
91 91 (0) 1 : 0.000010 0.000010 0.000010 0.000010 0.000010 0.999940 0.000010
92 92 (0) 1 : 0.000010 0.000010 0.000010 0.000010 0.000010 0.999940 0.000010
93 93 (0) 1 : 0.000010 0.000010 0.000010 0.000010 0.000010 0.999940 0.000010
94 94 (0) 1 : 0.000010 0.000011 0.000010 0.000010 0.000010 0.999939 0.000010
95 95 (0) 1 : 0.000010 0.000010 0.000010 0.000010 0.000010 0.999940 0.000010
96 96 (0) 1 : 0.000010 0.000010 0.000010 0.000010 0.000010 0.000010 0.999940
97 97 (0) 1 : 0.000010 0.000010 0.000010 0.000010 0.000010 0.000010 0.999940
98 98 (0) 1 : 0.000010 0.000010 0.000010 0.000010 0.000010 0.000010 0.999940
99 99 (0) 1 : 0.000010 0.000010 0.000010 0.000013 0.000010 0.000010 0.999937
100 100 (0) 1 : 0.000016 0.000012 0.000010 0.000010 0.000010 0.000010 0.999931
101 101 (0) 1 : 0.000010 0.000010 0.000010 0.000011 0.000010 0.000010 0.999939
102 102 (0) 1 : 0.000010 0.000010 0.000010 0.000010 0.000010 0.000010 0.999940
103 103 (0) 1 : 0.000010 0.000010 0.000010 0.000010 0.000010 0.000010 0.999940
104 104 (0) 1 : 0.000010 0.000010 0.000010 0.000010 0.000010 0.000010 0.999940
105 105 (0) 1 : 0.000010 0.000010 0.000010 0.000018 0.000010 0.000010 0.999932
106 106 (0) 1 : 0.000010 0.000010 0.000010 0.000010 0.000010 0.000010 0.999940
107 107 (0) 1 : 0.000010 0.000010 0.000010 0.000010 0.000010 0.000010 0.999940
108 108 (0) 1 : 0.000010 0.000010 0.000010 0.000010 0.000010 0.000010 0.999940
109 109 (0) 1 : 0.000010 0.000010 0.000010 0.000010 0.000010 0.000010 0.999940
110 110 (0) 1 : 0.000010 0.000010 0.000010 0.000011 0.000010 0.000010 0.999939
111 111 (0) 1 : 0.000010 0.000010 0.000010 0.000010 0.000010 0.000010 0.999940
112 112 (0) 1 : 0.000010 0.000010 0.000010 0.000010 0.000010 0.000010 0.999940
113 113 (0) 1 : 0.000015 0.000010 0.000010 0.000019 0.000010 0.000010 0.999926
114 114 (0) 1 : 0.000010 0.000010 0.999940 0.000010 0.000010 0.000010 0.000010
115 115 (0) 1 : 0.000010 0.622607 0.377343 0.000010 0.000010 0.000010 0.000010
116 116 (0) 1 : 0.000010 0.999940 0.000010 0.000010 0.000010 0.000010 0.000010
117 117 (0) 1 : 0.000011 0.999939 0.000010 0.000010 0.000010 0.000010 0.000010
118 118 (0) 1 : 0.000010 0.000010 0.999940 0.000010 0.000010 0.000010 0.000010
119 119 (0) 1 : 0.000010 0.999940 0.000010 0.000010 0.000010 0.000010 0.000010
120 120 (0) 1 : 0.000010 0.000010 0.999940 0.000010 0.000010 0.000010 0.000010
121 121 (0) 1 : 0.000011 0.999939 0.000010 0.000010 0.000010 0.000010 0.000010
