-------------------------------------------------------------------------------
 L       Percentage of nodes in the largest component
 D       Percentage of nodes in components of size at most 3 [-div option]
 R       Percentage of nodes not in L or D: 100 - L -D
 S       Percentage of nodes that are singletons
 E       Fraction of edges retained (input graph has 870)
 cce     Expected size of component, nodewise [ sum(sz^2) / sum^2(sz) ]
 EW      Edge weight traits (mean, median and IQR)
 ND      Node degree traits [mean, median and IQR]
 CCF     Clustering coefficient (scale 1-100)
 eff     Induced component efficiency relative to start graph (scale 1-1000)
Total number of nodes: 30
----------------------------------------------------------------------------------------------
  L   D   R   S     E     cce  EWmean   EWmed   EWiqr  NDmean   NDmed  NDiqr CCF  eff  Cutoff 
----------------------------------------------------------------------------------------------
100   0   0   0 0.933      30    0.64    0.63    0.10    27.1    27.5    2.5   -    -     0.50
100   0   0   0 0.903      30    0.65    0.63    0.09    26.2    27.5    2.0   -    -     0.51
100   0   0   0 0.869      30    0.65    0.64    0.09    25.2    26.5    2.5   -    -     0.52
100   0   0   0 0.851      30    0.66    0.64    0.08    24.7    26.5    3.5   -    -     0.53
100   0   0   0 0.821      30    0.66    0.64    0.09    23.8    25.5    4.0   -    -     0.54
100   0   0   0 0.782      30    0.67    0.64    0.08    22.7    23.5    5.0   -    -     0.55
100   0   0   0 0.747      30    0.67    0.65    0.08    21.7    22.5    6.5   -    -     0.56
100   0   0   0 0.713      30    0.68    0.65    0.09    20.7    21.5    8.5   -    -     0.57
100   0   0   0 0.690      30    0.68    0.65    0.09    20.0    21.5   10.0   -    -     0.58
100   0   0   0 0.669      30    0.68    0.65    0.09    19.4    21.5    9.5   -    -     0.59
100   0   0   0 0.641      30    0.69    0.66    0.09    18.6    21.5    9.5   -    -     0.60
100   0   0   0 0.598      30    0.69    0.66    0.09    17.3    19.5    9.0   -    -     0.61
100   0   0   0 0.529      30    0.70    0.67    0.09    15.3    16.5    8.5   -    -     0.62
100   0   0   0 0.476      30    0.71    0.68    0.09    13.8    15.5    8.0   -    -     0.63
100   0   0   0 0.416      30    0.72    0.69    0.09    12.1    13.5   10.0   -    -     0.64
100   0   0   0 0.361      30    0.73    0.71    0.11    10.5    11.5    9.0   -    -     0.65
100   0   0   0 0.320      30    0.74    0.72    0.11     9.3     8.5    8.5   -    -     0.66
100   0   0   0 0.267      30    0.76    0.73    0.12     7.7     7.5    9.0   -    -     0.67
 90  10   0   0 0.225      25    0.78    0.74    0.11     6.5     5.5    9.0   -    -     0.68
 90  10   0   0 0.205      25    0.79    0.76    0.10     5.9     5.5    8.5   -    -     0.69
 87  13   0   3 0.186      23    0.79    0.77    0.10     5.4     4.5    8.5   -    -     0.70
 57  23  20   7 0.175      11    0.80    0.78    0.10     5.1     3.5    8.0   -    -     0.71
 40  27  33  10 0.161       7    0.81    0.79    0.10     4.7     3.5    7.5   -    -     0.72
 40  27  33  10 0.143       7    0.82    0.81    0.10     4.1     2.5    6.0   -    -     0.73
 40  43  17  17 0.120       7    0.83    0.82    0.10     3.5     2.5    6.0   -    -     0.74
 40  43  17  17 0.110       7    0.84    0.82    0.10     3.2     2.5    6.0   -    -     0.75
 37  50  13  30 0.097       5    0.85    0.83    0.08     2.8     2.5    6.5   -    -     0.76
 37  50  13  30 0.097       5    0.85    0.83    0.08     2.8     2.5    6.5   -    -     0.77
 33  67   0  47 0.087       4    0.86    0.83    0.11     2.5     2.5    6.5   -    -     0.78
 33  67   0  47 0.080       4    0.87    0.83    0.11     2.3     2.5    4.5   -    -     0.79
 33  67   0  47 0.076       4    0.87    0.83    0.11     2.2     1.5    4.5   -    -     0.80
 33  67   0  47 0.071       4    0.88    0.85    0.10     2.1     1.5    4.5   -    -     0.81
 30  70   0  57 0.057       4    0.89    0.88    0.12     1.7     0.5    2.0   -    -     0.82
 23  77   0  57 0.051       3    0.90    0.88    0.12     1.5     0.5    1.5   -    -     0.83
 23  77   0  57 0.037       3    0.93    0.93    0.07     1.1     0.5    1.5   -    -     0.84
 23  77   0  57 0.037       3    0.93    0.93    0.07     1.1     0.5    1.5   -    -     0.85
 23  77   0  70 0.032       2    0.94    0.94    0.10     0.9     0.5    1.5   -    -     0.86
 23  77   0  70 0.032       2    0.94    0.94    0.10     0.9     0.5    1.5   -    -     0.87
 23  77   0  70 0.030       2    0.94    0.95    0.05     0.9     0.5    1.5   -    -     0.88
 13  87   0  70 0.023       2    0.96    0.95    0.06     0.7     0.5    1.5   -    -     0.89
 13  87   0  70 0.023       2    0.96    0.95    0.06     0.7     0.5    1.5   -    -     0.90
 13  87   0  70 0.023       2    0.96    0.95    0.06     0.7     0.5    1.5   -    -     0.91
 13  87   0  70 0.023       2    0.96    0.95    0.06     0.7     0.5    1.5   -    -     0.92
 13  87   0  80 0.016       1    0.97    0.98    0.03     0.5     0.5    0.5   -    -     0.93
 13  87   0  80 0.016       1    0.97    0.98    0.03     0.5     0.5    0.5   -    -     0.94
 13  87   0  80 0.016       1    0.97    0.98    0.03     0.5     0.5    0.5   -    -     0.95
  0 100   0  83 0.009       1    0.99    0.99    0.00     0.3     0.5    0.5   -    -     0.96
  0 100   0  83 0.009       1    0.99    0.99    0.00     0.3     0.5    0.5   -    -     0.97
  0 100   0  83 0.009       1    0.99    0.99    0.00     0.3     0.5    0.5   -    -     0.98
  0 100   0  93 0.002       1    1.00    1.00    0.00     0.1     0.5    0.5   -    -     0.99
---------------------------------------------------------------------------------------------
