1 1 (0) 1 : 0.000010 0.000010 0.000010 0.000010 0.041983 0.000010 0.553017 0.404920 0.000010 0.000010 0.000010
2 2 (0) 1 : 0.000010 0.000010 0.000010 0.000010 0.045080 0.000010 0.410217 0.544623 0.000010 0.000010 0.000010
3 3 (0) 1 : 0.000010 0.000010 0.000010 0.000010 0.000010 0.000010 0.117643 0.882267 0.000010 0.000010 0.000010
4 4 (0) 1 : 0.000010 0.000010 0.000010 0.000010 0.000010 0.000010 0.160426 0.839484 0.000010 0.000010 0.000010
5 5 (0) 1 : 0.000010 0.000010 0.000010 0.000010 0.000010 0.000010 0.000010 0.999900 0.000010 0.000010 0.000010
6 6 (0) 1 : 0.000010 0.000010 0.000010 0.000010 0.032671 0.000010 0.000010 0.967239 0.000010 0.000010 0.000010
7 7 (0) 1 : 0.000010 0.000010 0.000010 0.000010 0.000010 0.000010 0.999900 0.000010 0.000010 0.000010 0.000010
8 8 (0) 1 : 0.000010 0.000010 0.000010 0.000010 0.000010 0.000010 0.000010 0.999900 0.000010 0.000010 0.000010
9 9 (0) 1 : 0.000010 0.000010 0.000010 0.000010 0.999900 0.000010 0.000010 0.000010 0.000010 0.000010 0.000010
10 10 (0) 1 : 0.000010 0.000010 0.000010 0.000010 0.000010 0.000010 0.999900 0.000010 0.000010 0.000010 0.000010
11 11 (0) 1 : 0.000010 0.000010 0.000010 0.000010 0.000010 0.000010 0.000010 0.999900 0.000010 0.000010 0.000010
12 12 (0) 1 : 0.000010 0.000010 0.000010 0.000010 0.000010 0.000010 0.840235 0.159675 0.000010 0.000010 0.000010
13 13 (0) 1 : 0.000010 0.000010 0.000010 0.000010 0.612339 0.000010 0.000010 0.387571 0.000010 0.000010 0.000010
14 14 (0) 1 : 0.000010 0.000010 0.000010 0.000010 0.000010 0.000010 0.999900 0.000010 0.000010 0.000010 0.000010
15 15 (0) 1 : 0.000010 0.000010 0.000010 0.000010 0.327873 0.000010 0.003639 0.668407 0.000010 0.000010 0.000010
16 16 (0) 1 : 0.000010 0.000010 0.000010 0.000010 0.000010 0.000010 0.999900 0.000010 0.000010 0.000010 0.000010
17 17 (0) 1 : 0.000010 0.000010 0.000010 0.000010 0.000010 0.000010 0.000010 0.999900 0.000010 0.000010 0.000010
18 18 (0) 1 : 0.000010 0.000010 0.000010 0.000010 0.999900 0.000010 0.000010 0.000010 0.000010 0.000010 0.000010
19 19 (0) 1 : 0.000010 0.000010 0.000010 0.000010 0.000010 0.000010 0.000010 0.999900 0.000010 0.000010 0.000010
20 20 (0) 1 : 0.000010 0.000010 0.000010 0.000010 0.185394 0.000010 0.814516 0.000010 0.000010 0.000010 0.000010
21 21 (0) 1 : 0.000010 0.000010 0.000010 0.000010 0.121390 0.000010 0.782675 0.095855 0.000010 0.000010 0.000010
22 22 (0) 1 : 0.000010 0.000010 0.000010 0.000010 0.000010 0.000010 0.999900 0.000010 0.000010 0.000010 0.000010
23 23 (0) 1 : 0.000010 0.000010 0.000010 0.000010 0.000010 0.000010 0.999900 0.000010 0.000010 0.000010 0.000010
24 24 (0) 1 : 0.000010 0.000010 0.000010 0.000010 0.999900 0.000010 0.000010 0.000010 0.000010 0.000010 0.000010
25 25 (0) 1 : 0.000010 0.000010 0.000010 0.000010 0.157084 0.000010 0.687262 0.155574 0.000010 0.000010 0.000010
26 26 (0) 1 : 0.000010 0.000010 0.000010 0.000010 0.146279 0.000010 0.853631 0.000010 0.000010 0.000010 0.000010
27 27 (0) 1 : 0.000010 0.000010 0.000010 0.000010 0.000010 0.000010 0.000010 0.999900 0.000010 0.000010 0.000010
28 28 (0) 1 : 0.000010 0.000010 0.000010 0.000010 0.000010 0.000010 0.000010 0.999900 0.000010 0.000010 0.000010
29 29 (0) 1 : 0.000010 0.000010 0.000010 0.000010 0.101531 0.000010 0.102703 0.795686 0.000010 0.000010 0.000010
30 30 (0) 1 : 0.000010 0.000010 0.000010 0.000010 0.000010 0.000010 0.999900 0.000010 0.000010 0.000010 0.000010
31 31 (0) 1 : 0.000010 0.000010 0.000010 0.000010 0.000019 0.000010 0.000010 0.999891 0.000010 0.000010 0.000010
32 32 (0) 1 : 0.000010 0.000010 0.000010 0.000010 0.000010 0.000010 0.999900 0.000010 0.000010 0.000010 0.000010
33 33 (0) 1 : 0.000010 0.000010 0.000010 0.000010 0.000010 0.000010 0.999900 0.000010 0.000010 0.000010 0.000010
34 34 (0) 1 : 0.000010 0.000010 0.000010 0.000010 0.050190 0.000010 0.050225 0.899505 0.000010 0.000010 0.000010
35 35 (0) 1 : 0.000010 0.000010 0.000010 0.000010 0.999900 0.000010 0.000010 0.000010 0.000010 0.000010 0.000010
36 36 (0) 1 : 0.000010 0.000010 0.000010 0.000010 0.000010 0.378205 0.000010 0.000010 0.000010 0.000010 0.621705
37 37 (0) 1 : 0.000010 0.000010 0.000010 0.000010 0.000010 0.000010 0.000010 0.000010 0.000010 0.000010 0.999900
38 38 (0) 1 : 0.000010 0.000010 0.000010 0.000010 0.000010 0.000010 0.000010 0.000010 0.000010 0.000010 0.999900
39 39 (0) 1 : 0.000010 0.000010 0.000010 0.000010 0.000010 0.946296 0.000010 0.000010 0.000010 0.000010 0.053614
40 40 (0) 1 : 0.000010 0.000010 0.000010 0.000010 0.000010 0.593434 0.000010 0.000010 0.000010 0.000010 0.406476
41 41 (0) 1 : 0.000010 0.000010 0.000010 0.000010 0.000010 0.183803 0.000010 0.000010 0.000010 0.000010 0.816107
42 42 (0) 1 : 0.000010 0.000010 0.000010 0.000010 0.000010 0.764781 0.000010 0.000010 0.000010 0.000010 0.235129
43 43 (0) 1 : 0.000010 0.000010 0.000010 0.000010 0.000010 0.999900 0.000010 0.000010 0.000010 0.000010 0.000010
44 44 (0) 1 : 0.000010 0.000010 0.000010 0.000010 0.000010 0.247890 0.000010 0.000010 0.623937 0.000010 0.128093
45 45 (0) 1 : 0.000010 0.000012 0.000013 0.000010 0.000010 0.784458 0.000010 0.000010 0.057087 0.000010 0.158370
46 46 (0) 1 : 0.000010 0.000019 0.000010 0.000010 0.000010 0.000010 0.000010 0.000010 0.670894 0.000010 0.329007
47 47 (0) 1 : 0.000010 0.000010 0.000010 0.000010 0.000010 0.000010 0.000010 0.000010 0.000010 0.000010 0.999900
48 48 (0) 1 : 0.000010 0.000010 0.000010 0.000010 0.000010 0.000010 0.000010 0.000010 0.233191 0.000010 0.766719
49 49 (0) 1 : 0.000010 0.000010 0.000010 0.000010 0.000010 0.000010 0.000010 0.000010 0.999900 0.000010 0.000010
50 50 (0) 1 : 0.000010 0.000010 0.000011 0.000010 0.000010 0.000010 0.000010 0.000010 0.326130 0.000010 0.673779
51 51 (0) 1 : 0.000010 0.000010 0.000010 0.000010 0.000010 0.000010 0.000010 0.000010 0.841746 0.000010 0.158164
52 52 (0) 1 : 0.000010 0.000010 0.000010 0.000010 0.000010 0.000010 0.000010 0.000010 0.000010 0.000010 0.999900
53 53 (0) 1 : 0.000010 0.000010 0.000010 0.000010 0.000010 0.999900 0.000010 0.000010 0.000010 0.000010 0.000010
54 54 (0) 1 : 0.000010 0.000010 0.000010 0.000010 0.000010 0.999900 0.000010 0.000010 0.000010 0.000010 0.000010
55 55 (0) 1 : 0.000010 0.000010 0.000010 0.000010 0.000010 0.000010 0.000010 0.000010 0.999900 0.000010 0.000010
56 56 (0) 1 : 0.000010 0.000010 0.000010 0.000010 0.000010 0.000010 0.000010 0.000010 0.000010 0.000010 0.999900
57 57 (0) 1 : 0.000010 0.000010 0.000010 0.000010 0.000010 0.999900 0.000010 0.000010 0.000010 0.000010 0.000010
58 58 (0) 1 : 0.000010 0.000010 0.000010 0.000010 0.000010 0.664183 0.000010 0.000010 0.188346 0.000010 0.147391
59 59 (0) 1 : 0.000010 0.000010 0.000010 0.000010 0.000010 0.000010 0.000010 0.000010 0.999900 0.000010 0.000010
60 60 (0) 1 : 0.000010 0.000010 0.000010 0.000010 0.000010 0.780783 0.000010 0.000010 0.219127 0.000010 0.000010
61 61 (0) 1 : 0.000010 0.000010 0.000013 0.000010 0.000010 0.830648 0.000010 0.000010 0.169259 0.000010 0.000010
62 62 (0) 1 : 0.000010 0.000010 0.000010 0.000010 0.000010 0.000010 0.000010 0.000010 0.000010 0.000010 0.999900
63 63 (0) 1 : 0.000010 0.000010 0.000010 0.000010 0.000010 0.000010 0.000010 0.000010 0.999900 0.000010 0.000010
64 64 (0) 1 : 0.000010 0.000010 0.000010 0.000010 0.000010 0.999900 0.000010 0.000010 0.000010 0.000010 0.000010
65 65 (0) 1 : 0.000010 0.000010 0.000010 0.000010 0.000010 0.726567 0.000010 0.000010 0.000010 0.000010 0.273343
66 66 (0) 1 : 0.000010 0.000010 0.000010 0.000010 0.000010 0.742179 0.000010 0.000010 0.257731 0.000010 0.000010
67 67 (0) 1 : 0.000010 0.000010 0.000010 0.000010 0.000010 0.517923 0.000010 0.000010 0.481987 0.000010 0.000010
68 68 (0) 1 : 0.000010 0.000010 0.000010 0.000010 0.000010 0.000010 0.000010 0.000010 0.319120 0.000010 0.680790
69 69 (0) 1 : 0.000010 0.000010 0.000010 0.000010 0.000010 0.444862 0.000010 0.000010 0.000010 0.000010 0.555048
70 70 (0) 1 : 0.000010 0.000010 0.000010 0.000010 0.000010 0.000010 0.000010 0.000010 0.757740 0.000010 0.242170
71 71 (0) 1 : 0.000010 0.000010 0.000010 0.000010 0.000010 0.074757 0.000010 0.000010 0.387573 0.000010 0.537590
72 72 (0) 1 : 0.000010 0.000010 0.000010 0.000010 0.000010 0.815657 0.000010 0.000010 0.184253 0.000010 0.000010
73 73 (0) 1 : 0.000010 0.000010 0.000010 0.000010 0.000010 0.999900 0.000010 0.000010 0.000010 0.000010 0.000010
74 74 (0) 1 : 0.000010 0.000010 0.000010 0.000010 0.000010 0.662847 0.000010 0.000010 0.112511 0.000010 0.224561
75 75 (0) 1 : 0.000010 0.000010 0.000010 0.000010 0.000010 0.631470 0.000010 0.000010 0.000010 0.000010 0.368440
76 76 (0) 1 : 0.000010 0.000010 0.000010 0.000010 0.000010 0.000010 0.000010 0.000010 0.000010 0.000010 0.999900
77 77 (0) 1 : 0.000010 0.000010 0.000010 0.000010 0.000010 0.000010 0.000010 0.000010 0.216607 0.000010 0.783303
78 78 (0) 1 : 0.000010 0.000010 0.000010 0.999900 0.000010 0.000010 0.000010 0.000010 0.000010 0.000010 0.000010
79 79 (0) 1 : 0.999900 0.000010 0.000010 0.000010 0.000010 0.000010 0.000010 0.000010 0.000010 0.000010 0.000010
80 80 (0) 1 : 0.000010 0.999900 0.000010 0.000010 0.000010 0.000010 0.000010 0.000010 0.000010 0.000010 0.000010
81 81 (0) 1 : 0.999900 0.000010 0.000010 0.000010 0.000010 0.000010 0.000010 0.000010 0.000010 0.000010 0.000010
82 82 (0) 1 : 0.000010 0.999900 0.000010 0.000010 0.000010 0.000010 0.000010 0.000010 0.000010 0.000010 0.000010
83 83 (0) 1 : 0.999900 0.000010 0.000010 0.000010 0.000010 0.000010 0.000010 0.000010 0.000010 0.000010 0.000010
84 84 (0) 1 : 0.000010 0.999900 0.000010 0.000010 0.000010 0.000010 0.000010 0.000010 0.000010 0.000010 0.000010
85 85 (0) 1 : 0.999900 0.000010 0.000010 0.000010 0.000010 0.000010 0.000010 0.000010 0.000010 0.000010 0.000010
86 86 (0) 1 : 0.999900 0.000010 0.000010 0.000010 0.000010 0.000010 0.000010 0.000010 0.000010 0.000010 0.000010
87 87 (0) 1 : 0.000010 0.000010 0.000010 0.999900 0.000010 0.000010 0.000010 0.000010 0.000010 0.000010 0.000010
88 88 (0) 1 : 0.000010 0.000010 0.000010 0.999900 0.000010 0.000010 0.000010 0.000010 0.000010 0.000010 0.000010
89 89 (0) 1 : 0.999900 0.000010 0.000010 0.000010 0.000010 0.000010 0.000010 0.000010 0.000010 0.000010 0.000010
90 90 (0) 1 : 0.000010 0.000010 0.000010 0.999900 0.000010 0.000010 0.000010 0.000010 0.000010 0.000010 0.000010
91 91 (0) 1 : 0.000010 0.999900 0.000010 0.000010 0.000010 0.000010 0.000010 0.000010 0.000010 0.000010 0.000010
92 92 (0) 1 : 0.000010 0.999900 0.000010 0.000010 0.000010 0.000010 0.000010 0.000010 0.000010 0.000010 0.000010
93 93 (0) 1 : 0.000010 0.999900 0.000010 0.000010 0.000010 0.000010 0.000010 0.000010 0.000010 0.000010 0.000010
94 94 (0) 1 : 0.999900 0.000010 0.000010 0.000010 0.000010 0.000010 0.000010 0.000010 0.000010 0.000010 0.000010
95 95 (0) 1 : 0.000010 0.000010 0.000010 0.999900 0.000010 0.000010 0.000010 0.000010 0.000010 0.000010 0.000010
96 96 (0) 1 : 0.000010 0.000010 0.000010 0.000010 0.000010 0.000010 0.000010 0.000010 0.000010 0.999900 0.000010
97 97 (0) 1 : 0.000010 0.000010 0.000010 0.000010 0.000010 0.000010 0.000010 0.000010 0.000010 0.999900 0.000010
98 98 (0) 1 : 0.000010 0.000010 0.000010 0.000010 0.000010 0.000010 0.000010 0.000010 0.000010 0.999900 0.000010
99 99 (0) 1 : 0.000010 0.000010 0.000010 0.000010 0.000010 0.000010 0.000010 0.000010 0.000010 0.999900 0.000010
100 100 (0) 1 : 0.000010 0.000010 0.000010 0.000010 0.000010 0.000010 0.000010 0.000010 0.000010 0.999900 0.000010
101 101 (0) 1 : 0.000010 0.000010 0.000010 0.000010 0.000010 0.000010 0.000010 0.000010 0.000010 0.999900 0.000010
102 102 (0) 1 : 0.000010 0.000010 0.000010 0.000010 0.000010 0.000010 0.000010 0.000010 0.000010 0.999900 0.000010
103 103 (0) 1 : 0.000010 0.000010 0.000010 0.000010 0.000010 0.000010 0.000010 0.000010 0.000010 0.999900 0.000010
104 104 (0) 1 : 0.000010 0.000010 0.000010 0.000010 0.000010 0.000010 0.000010 0.000010 0.000010 0.999900 0.000010
105 105 (0) 1 : 0.000010 0.000010 0.000010 0.000010 0.000010 0.000010 0.000010 0.000010 0.000010 0.999900 0.000010
106 106 (0) 1 : 0.000010 0.000010 0.000010 0.000010 0.000010 0.000010 0.000010 0.000010 0.000010 0.999900 0.000010
107 107 (0) 1 : 0.000010 0.000010 0.000010 0.000010 0.000010 0.000010 0.000010 0.000010 0.000010 0.999900 0.000010
108 108 (0) 1 : 0.000010 0.000010 0.000010 0.000010 0.000010 0.000010 0.000010 0.000010 0.000010 0.999900 0.000010
109 109 (0) 1 : 0.000010 0.000010 0.000010 0.000010 0.000010 0.000010 0.000010 0.000010 0.000010 0.999900 0.000010
110 110 (0) 1 : 0.000010 0.000010 0.000010 0.000011 0.000010 0.000010 0.000010 0.000010 0.000010 0.999899 0.000010
111 111 (0) 1 : 0.000010 0.000010 0.000010 0.000010 0.000010 0.000010 0.000010 0.000010 0.000010 0.999900 0.000010
112 112 (0) 1 : 0.000010 0.000010 0.000010 0.000010 0.000010 0.000010 0.000010 0.000010 0.000010 0.999900 0.000010
113 113 (0) 1 : 0.000010 0.000010 0.000010 0.000010 0.000010 0.000010 0.000010 0.000010 0.000010 0.999900 0.000010
114 114 (0) 1 : 0.000010 0.000010 0.999894 0.000010 0.000010 0.000010 0.000010 0.000016 0.000010 0.000010 0.000010
115 115 (0) 1 : 0.000010 0.000010 0.999899 0.000011 0.000010 0.000010 0.000010 0.000010 0.000010 0.000010 0.000010
116 116 (0) 1 : 0.000010 0.000010 0.999900 0.000010 0.000010 0.000010 0.000010 0.000010 0.000010 0.000010 0.000010
117 117 (0) 1 : 0.000010 0.000010 0.999900 0.000010 0.000010 0.000010 0.000010 0.000010 0.000010 0.000010 0.000010
118 118 (0) 1 : 0.000010 0.000010 0.999898 0.000010 0.000010 0.000010 0.000010 0.000012 0.000010 0.000010 0.000010
119 119 (0) 1 : 0.000010 0.000010 0.999899 0.000010 0.000010 0.000010 0.000010 0.000011 0.000010 0.000010 0.000010
120 120 (0) 1 : 0.000010 0.000010 0.999900 0.000010 0.000010 0.000010 0.000010 0.000010 0.000010 0.000010 0.000010
121 121 (0) 1 : 0.000010 0.000014 0.999893 0.000010 0.000010 0.000010 0.000013 0.000010 0.000010 0.000010 0.000010
1 1 (0) 1 : 0.000010 0.000010 0.000010 0.000010 0.000010 0.562763 0.412917 0.000010 0.024241 0.000010 0.000010
2 2 (0) 1 : 0.000010 0.000010 0.000010 0.000010 0.000010 0.424781 0.553274 0.000010 0.021865 0.000010 0.000010
3 3 (0) 1 : 0.000010 0.000010 0.000010 0.000010 0.000010 0.106782 0.893128 0.000010 0.000010 0.000010 0.000010
4 4 (0) 1 : 0.000010 0.000010 0.000010 0.000010 0.000010 0.147207 0.852703 0.000010 0.000010 0.000010 0.000010
5 5 (0) 1 : 0.000010 0.000010 0.000010 0.000010 0.000010 0.000010 0.999900 0.000010 0.000010 0.000010 0.000010
6 6 (0) 1 : 0.000010 0.000010 0.000010 0.000010 0.000010 0.000010 0.952225 0.000010 0.047685 0.000010 0.000010
7 7 (0) 1 : 0.000010 0.000010 0.000010 0.000010 0.000010 0.999900 0.000010 0.000010 0.000010 0.000010 0.000010
8 8 (0) 1 : 0.000010 0.000010 0.000010 0.000010 0.000010 0.000010 0.999900 0.000010 0.000010 0.000010 0.000010
9 9 (0) 1 : 0.000010 0.000010 0.000010 0.000010 0.000010 0.189738 0.084482 0.000010 0.725700 0.000010 0.000010
10 10 (0) 1 : 0.000010 0.000010 0.000010 0.000010 0.000010 0.999900 0.000010 0.000010 0.000010 0.000010 0.000010
11 11 (0) 1 : 0.000010 0.000010 0.000010 0.000010 0.000010 0.000010 0.999900 0.000010 0.000010 0.000010 0.000010
12 12 (0) 1 : 0.000010 0.000010 0.000010 0.000010 0.000010 0.844073 0.155837 0.000010 0.000010 0.000010 0.000010
13 13 (0) 1 : 0.000010 0.000011 0.000010 0.000010 0.000010 0.000010 0.455596 0.000010 0.544313 0.000010 0.000010
14 14 (0) 1 : 0.000010 0.000010 0.000010 0.000010 0.000010 0.999900 0.000010 0.000010 0.000010 0.000010 0.000010
15 15 (0) 1 : 0.000010 0.000010 0.000010 0.000010 0.000010 0.019974 0.671768 0.000010 0.308178 0.000010 0.000010
16 16 (0) 1 : 0.000010 0.000010 0.000010 0.000010 0.000010 0.999900 0.000010 0.000010 0.000010 0.000010 0.000010
17 17 (0) 1 : 0.000010 0.000010 0.000010 0.000010 0.000010 0.000010 0.999900 0.000010 0.000010 0.000010 0.000010
18 18 (0) 1 : 0.000010 0.000010 0.000010 0.000010 0.000010 0.000010 0.000010 0.000010 0.999900 0.000010 0.000010
19 19 (0) 1 : 0.000010 0.000010 0.000010 0.000010 0.000010 0.000010 0.999900 0.000010 0.000010 0.000010 0.000010
20 20 (0) 1 : 0.000010 0.000010 0.000010 0.000010 0.000010 0.824250 0.000010 0.000010 0.175660 0.000010 0.000010
21 21 (0) 1 : 0.000010 0.000010 0.000010 0.000010 0.000010 0.788638 0.094059 0.000010 0.117223 0.000010 0.000010
22 22 (0) 1 : 0.000010 0.000010 0.000010 0.000010 0.000010 0.999900 0.000010 0.000010 0.000010 0.000010 0.000010
23 23 (0) 1 : 0.000010 0.000010 0.000010 0.000010 0.000010 0.999900 0.000010 0.000010 0.000010 0.000010 0.000010
24 24 (0) 1 : 0.000010 0.000010 0.000010 0.000010 0.000010 0.000010 0.000010 0.000010 0.999900 0.000010 0.000010
25 25 (0) 1 : 0.000010 0.000010 0.000011 0.000010 0.000010 0.690155 0.152127 0.000010 0.157636 0.000010 0.000010
26 26 (0) 1 : 0.000010 0.000010 0.000010 0.000010 0.000010 0.863304 0.000010 0.000010 0.136606 0.000010 0.000010
27 27 (0) 1 : 0.000010 0.000010 0.000010 0.000010 0.000010 0.000010 0.999900 0.000010 0.000010 0.000010 0.000010
28 28 (0) 1 : 0.000010 0.000010 0.000010 0.000010 0.000010 0.000010 0.999900 0.000010 0.000010 0.000010 0.000010
29 29 (0) 1 : 0.000010 0.000010 0.000010 0.000010 0.000010 0.105053 0.794204 0.000010 0.100663 0.000010 0.000010
30 30 (0) 1 : 0.000010 0.000010 0.000010 0.000010 0.000010 0.999899 0.000010 0.000010 0.000011 0.000010 0.000010
31 31 (0) 1 : 0.000010 0.000010 0.000010 0.000010 0.000010 0.000010 0.999900 0.000010 0.000010 0.000010 0.000010
32 32 (0) 1 : 0.000010 0.000010 0.000013 0.000010 0.000010 0.999897 0.000010 0.000010 0.000010 0.000010 0.000010
33 33 (0) 1 : 0.000010 0.000010 0.000010 0.000010 0.000010 0.999900 0.000010 0.000010 0.000010 0.000010 0.000010
34 34 (0) 1 : 0.000010 0.000010 0.000010 0.000010 0.000014 0.058554 0.901840 0.000010 0.039522 0.000010 0.000010
35 35 (0) 1 : 0.000010 0.000010 0.000010 0.000010 0.000010 0.000010 0.000010 0.000010 0.999900 0.000010 0.000010
36 36 (0) 1 : 0.000010 0.000010 0.665247 0.000010 0.000010 0.000010 0.000010 0.000010 0.000010 0.334663 0.000010
37 37 (0) 1 : 0.000010 0.000010 0.999900 0.000010 0.000010 0.000010 0.000010 0.000010 0.000010 0.000010 0.000010
38 38 (0) 1 : 0.000010 0.000010 0.766133 0.000010 0.233777 0.000010 0.000010 0.000010 0.000010 0.000010 0.000010
39 39 (0) 1 : 0.000010 0.000010 0.234301 0.000010 0.000010 0.000010 0.000010 0.000010 0.000010 0.765609 0.000010
40 40 (0) 1 : 0.000010 0.000010 0.227090 0.000010 0.183538 0.000010 0.000010 0.000010 0.000010 0.589292 0.000010
41 41 (0) 1 : 0.537895 0.000010 0.000010 0.000010 0.462015 0.000010 0.000010 0.000010 0.000010 0.000010 0.000010
42 42 (0) 1 : 0.999900 0.000010 0.000010 0.000010 0.000010 0.000010 0.000010 0.000010 0.000010 0.000010 0.000010
43 43 (0) 1 : 0.999900 0.000010 0.000010 0.000010 0.000010 0.000010 0.000010 0.000010 0.000010 0.000010 0.000010
44 44 (0) 1 : 0.151484 0.000010 0.000010 0.000010 0.558136 0.000010 0.000010 0.000010 0.000010 0.290301 0.000010
45 45 (0) 1 : 0.295107 0.000010 0.088930 0.000010 0.065180 0.000010 0.000010 0.000010 0.000010 0.550713 0.000010
46 46 (0) 1 : 0.000010 0.000010 0.000010 0.000010 0.999900 0.000010 0.000010 0.000010 0.000010 0.000010 0.000010
47 47 (0) 1 : 0.000010 0.000010 0.999900 0.000010 0.000010 0.000010 0.000010 0.000010 0.000010 0.000010 0.000010
48 48 (0) 1 : 0.000010 0.000010 0.000010 0.000010 0.999900 0.000010 0.000010 0.000010 0.000010 0.000010 0.000010
49 49 (0) 1 : 0.000010 0.000010 0.000010 0.000010 0.362256 0.000010 0.000010 0.000010 0.000010 0.637654 0.000010
50 50 (0) 1 : 0.000010 0.000010 0.292933 0.000010 0.706977 0.000010 0.000010 0.000010 0.000010 0.000010 0.000010
51 51 (0) 1 : 0.000010 0.000010 0.095182 0.000014 0.561763 0.000017 0.000010 0.000010 0.000010 0.342964 0.000010
52 52 (0) 1 : 0.000010 0.000010 0.576067 0.000010 0.423843 0.000010 0.000010 0.000010 0.000010 0.000010 0.000010
53 53 (0) 1 : 0.000010 0.000010 0.000013 0.000010 0.000010 0.000010 0.000010 0.000010 0.000010 0.999897 0.000010
54 54 (0) 1 : 0.628487 0.000010 0.000010 0.000010 0.000010 0.000010 0.000010 0.000010 0.000010 0.371423 0.000010
55 55 (0) 1 : 0.000010 0.000010 0.000010 0.000010 0.439150 0.000010 0.000010 0.000010 0.000010 0.560760 0.000010
56 56 (0) 1 : 0.000010 0.000010 0.999900 0.000010 0.000010 0.000010 0.000010 0.000010 0.000010 0.000010 0.000010
57 57 (0) 1 : 0.634080 0.000010 0.000010 0.000010 0.000010 0.000010 0.000010 0.000010 0.000010 0.365830 0.000010
58 58 (0) 1 : 0.434643 0.000010 0.000010 0.000010 0.311089 0.000010 0.000010 0.000010 0.000010 0.254188 0.000010
59 59 (0) 1 : 0.000010 0.000010 0.000010 0.000010 0.314665 0.000010 0.000010 0.000010 0.000010 0.685245 0.000010
60 60 (0) 1 : 0.320768 0.000010 0.000010 0.000010 0.000010 0.000010 0.000010 0.000010 0.000010 0.679141 0.000010
61 61 (0) 1 : 0.000010 0.000010 0.000010 0.000010 0.000010 0.000010 0.000010 0.000010 0.000010 0.999900 0.000010
62 62 (0) 1 : 0.000010 0.000010 0.999900 0.000010 0.000010 0.000010 0.000010 0.000010 0.000010 0.000010 0.000010
63 63 (0) 1 : 0.000010 0.000010 0.000010 0.000010 0.684452 0.000010 0.000010 0.000010 0.000010 0.315458 0.000010
64 64 (0) 1 : 0.000010 0.000010 0.184780 0.000010 0.000010 0.000010 0.000010 0.000010 0.000010 0.815130 0.000010
65 65 (0) 1 : 0.609665 0.000010 0.390245 0.000010 0.000010 0.000010 0.000010 0.000010 0.000010 0.000010 0.000010
66 66 (0) 1 : 0.000010 0.000010 0.000010 0.000010 0.000010 0.000010 0.000010 0.000010 0.000010 0.999900 0.000010
67 67 (0) 1 : 0.000010 0.000010 0.154370 0.000010 0.000010 0.000010 0.000010 0.000010 0.000010 0.845540 0.000010
68 68 (0) 1 : 0.000010 0.000010 0.000010 0.000010 0.999900 0.000010 0.000010 0.000010 0.000010 0.000010 0.000010
69 69 (0) 1 : 0.999900 0.000010 0.000010 0.000010 0.000010 0.000010 0.000010 0.000010 0.000010 0.000010 0.000010
70 70 (0) 1 : 0.000010 0.000010 0.000010 0.000010 0.784656 0.000010 0.000010 0.000010 0.000010 0.215254 0.000010
71 71 (0) 1 : 0.000010 0.000010 0.000010 0.000010 0.728404 0.000010 0.000010 0.000010 0.000010 0.271506 0.000010
72 72 (0) 1 : 0.000010 0.000010 0.000010 0.000010 0.000010 0.000010 0.000010 0.000010 0.000010 0.999900 0.000010
73 73 (0) 1 : 0.000010 0.000010 0.066385 0.000010 0.000010 0.000010 0.000010 0.000010 0.000010 0.933525 0.000010
74 74 (0) 1 : 0.999900 0.000010 0.000010 0.000010 0.000010 0.000010 0.000010 0.000010 0.000010 0.000010 0.000010
75 75 (0) 1 : 0.999900 0.000010 0.000010 0.000010 0.000010 0.000010 0.000010 0.000010 0.000010 0.000010 0.000010
76 76 (0) 1 : 0.000010 0.000010 0.000010 0.000010 0.999900 0.000010 0.000010 0.000010 0.000010 0.000010 0.000010
77 77 (0) 1 : 0.000010 0.000010 0.509013 0.000010 0.490897 0.000010 0.000010 0.000010 0.000010 0.000010 0.000010
78 78 (0) 1 : 0.000010 0.000010 0.000010 0.999900 0.000010 0.000010 0.000010 0.000010 0.000010 0.000010 0.000010
79 79 (0) 1 : 0.000010 0.000010 0.000010 0.999900 0.000010 0.000010 0.000010 0.000010 0.000010 0.000010 0.000010
80 80 (0) 1 : 0.000010 0.000010 0.000010 0.999900 0.000010 0.000010 0.000010 0.000010 0.000010 0.000010 0.000010
81 81 (0) 1 : 0.000010 0.000010 0.000010 0.999900 0.000010 0.000010 0.000010 0.000010 0.000010 0.000010 0.000010
82 82 (0) 1 : 0.000010 0.000010 0.000010 0.999898 0.000010 0.000010 0.000010 0.000010 0.000012 0.000010 0.000010
83 83 (0) 1 : 0.000010 0.000010 0.000010 0.999900 0.000010 0.000010 0.000010 0.000010 0.000010 0.000010 0.000010
84 84 (0) 1 : 0.000010 0.000010 0.000010 0.999900 0.000010 0.000010 0.000010 0.000010 0.000010 0.000010 0.000010
85 85 (0) 1 : 0.000010 0.000010 0.000010 0.999900 0.000010 0.000010 0.000010 0.000010 0.000010 0.000010 0.000010
86 86 (0) 1 : 0.000010 0.000010 0.000010 0.999900 0.000010 0.000010 0.000010 0.000010 0.000010 0.000010 0.000010
87 87 (0) 1 : 0.000010 0.000010 0.000010 0.999900 0.000010 0.000010 0.000010 0.000010 0.000010 0.000010 0.000010
88 88 (0) 1 : 0.000010 0.000010 0.000010 0.999900 0.000010 0.000010 0.000010 0.000010 0.000010 0.000010 0.000010
89 89 (0) 1 : 0.000010 0.000010 0.000010 0.999900 0.000010 0.000010 0.000010 0.000010 0.000010 0.000010 0.000010
90 90 (0) 1 : 0.000010 0.000010 0.000010 0.999900 0.000010 0.000010 0.000010 0.000010 0.000010 0.000010 0.000010
91 91 (0) 1 : 0.000010 0.000010 0.000010 0.999898 0.000010 0.000010 0.000010 0.000010 0.000012 0.000010 0.000010
92 92 (0) 1 : 0.000010 0.000010 0.000010 0.999900 0.000010 0.000010 0.000010 0.000010 0.000010 0.000010 0.000010
93 93 (0) 1 : 0.000010 0.000010 0.000010 0.999896 0.000010 0.000014 0.000010 0.000010 0.000010 0.000010 0.000010
94 94 (0) 1 : 0.000010 0.000010 0.000010 0.999900 0.000010 0.000010 0.000010 0.000010 0.000010 0.000010 0.000010
95 95 (0) 1 : 0.000010 0.000010 0.000010 0.999900 0.000010 0.000010 0.000010 0.000010 0.000010 0.000010 0.000010
96 96 (0) 1 : 0.000010 0.999900 0.000010 0.000010 0.000010 0.000010 0.000010 0.000010 0.000010 0.000010 0.000010
97 97 (0) 1 : 0.000010 0.351540 0.000010 0.000010 0.000010 0.000010 0.000010 0.000010 0.000010 0.000010 0.648370
98 98 (0) 1 : 0.000010 0.999900 0.000010 0.000010 0.000010 0.000010 0.000010 0.000010 0.000010 0.000010 0.000010
99 99 (0) 1 : 0.000010 0.000010 0.000010 0.000010 0.000010 0.000010 0.000010 0.000010 0.000010 0.000010 0.999900
100 100 (0) 1 : 0.000010 0.999900 0.000010 0.000010 0.000010 0.000010 0.000010 0.000010 0.000010 0.000010 0.000010
101 101 (0) 1 : 0.000010 0.744370 0.000010 0.000010 0.000010 0.000010 0.000010 0.000010 0.000010 0.000010 0.255540
102 102 (0) 1 : 0.000010 0.000010 0.000010 0.000010 0.000010 0.000010 0.000010 0.000010 0.000010 0.000010 0.999900
103 103 (0) 1 : 0.000010 0.854798 0.000010 0.000010 0.000010 0.000010 0.000010 0.000010 0.000010 0.000010 0.145112
104 104 (0) 1 : 0.000010 0.999900 0.000010 0.000010 0.000010 0.000010 0.000010 0.000010 0.000010 0.000010 0.000010
105 105 (0) 1 : 0.000010 0.000010 0.000010 0.000010 0.000010 0.000010 0.000010 0.000010 0.000010 0.000010 0.999900
106 106 (0) 1 : 0.000010 0.999899 0.000010 0.000010 0.000010 0.000010 0.000010 0.000010 0.000010 0.000010 0.000010
107 107 (0) 1 : 0.000010 0.000010 0.000010 0.000010 0.000010 0.000010 0.000010 0.000010 0.000010 0.000010 0.999900
108 108 (0) 1 : 0.000010 0.286754 0.000010 0.000015 0.000010 0.000010 0.000010 0.000012 0.000010 0.000010 0.713149
109 109 (0) 1 : 0.000010 0.502069 0.000010 0.000010 0.000010 0.000010 0.000010 0.000010 0.000010 0.000010 0.497841
110 110 (0) 1 : 0.000010 0.999900 0.000010 0.000010 0.000010 0.000010 0.000010 0.000010 0.000010 0.000010 0.000010
111 111 (0) 1 : 0.000010 0.999900 0.000010 0.000010 0.000010 0.000010 0.000010 0.000010 0.000010 0.000010 0.000010
112 112 (0) 1 : 0.000010 0.999900 0.000010 0.000010 0.000010 0.000010 0.000010 0.000010 0.000010 0.000010 0.000010
113 113 (0) 1 : 0.000010 0.000010 0.000010 0.000010 0.000010 0.000010 0.000010 0.000010 0.000010 0.000010 0.999900
114 114 (0) 1 : 0.000010 0.000010 0.000010 0.000010 0.000010 0.000010 0.000010 0.999900 0.000010 0.000010 0.000010
115 115 (0) 1 : 0.000010 0.000010 0.000010 0.000010 0.000010 0.000010 0.000010 0.999899 0.000011 0.000010 0.000010
116 116 (0) 1 : 0.000010 0.000010 0.000010 0.000010 0.000010 0.000010 0.000010 0.999900 0.000010 0.000010 0.000010
117 117 (0) 1 : 0.000010 0.000010 0.000010 0.000010 0.000010 0.000010 0.000011 0.999896 0.000013 0.000010 0.000010
118 118 (0) 1 : 0.000010 0.000010 0.000010 0.000010 0.000010 0.000010 0.000010 0.999900 0.000010 0.000010 0.000010
119 119 (0) 1 : 0.000010 0.000010 0.000010 0.000010 0.000010 0.000010 0.000013 0.999897 0.000010 0.000010 0.000010
120 120 (0) 1 : 0.000010 0.000010 0.000010 0.000010 0.000010 0.000010 0.000010 0.999900 0.000010 0.000010 0.000010
121 121 (0) 1 : 0.000010 0.000010 0.000010 0.000010 0.000010 0.000010 0.000010 0.999900 0.000010 0.000010 0.000010
1 1 (0) 1 : 0.000010 0.040731 0.551917 0.000010 0.000010 0.000010 0.000010 0.407272 0.000010 0.000010 0.000010
2 2 (0) 1 : 0.000010 0.044201 0.409834 0.000010 0.000010 0.000010 0.000010 0.545885 0.000010 0.000010 0.000010
3 3 (0) 1 : 0.000010 0.000010 0.114529 0.000010 0.000019 0.000012 0.000010 0.885370 0.000010 0.000010 0.000010
4 4 (0) 1 : 0.000010 0.000010 0.158865 0.000010 0.000010 0.000010 0.000010 0.841045 0.000010 0.000010 0.000010
5 5 (0) 1 : 0.000010 0.000010 0.000010 0.000010 0.000010 0.000010 0.000010 0.999900 0.000010 0.000010 0.000010
6 6 (0) 1 : 0.000010 0.030120 0.000010 0.000010 0.000010 0.000010 0.000010 0.969790 0.000010 0.000010 0.000010
7 7 (0) 1 : 0.000010 0.000010 0.999900 0.000010 0.000010 0.000010 0.000010 0.000010 0.000010 0.000010 0.000010
8 8 (0) 1 : 0.000010 0.000010 0.000010 0.000010 0.000010 0.000010 0.000010 0.999900 0.000010 0.000010 0.000010
9 9 (0) 1 : 0.000010 0.999900 0.000010 0.000010 0.000010 0.000010 0.000010 0.000010 0.000010 0.000010 0.000010
10 10 (0) 1 : 0.000010 0.000010 0.999900 0.000010 0.000010 0.000010 0.000010 0.000010 0.000010 0.000010 0.000010
11 11 (0) 1 : 0.000010 0.000010 0.000010 0.000010 0.000010 0.000010 0.000010 0.999900 0.000010 0.000010 0.000010
12 12 (0) 1 : 0.000010 0.000010 0.839340 0.000010 0.000010 0.000010 0.000010 0.160570 0.000010 0.000010 0.000010
13 13 (0) 1 : 0.000010 0.610567 0.000010 0.000010 0.000010 0.000010 0.000010 0.389343 0.000010 0.000010 0.000010
14 14 (0) 1 : 0.000010 0.000010 0.999900 0.000010 0.000010 0.000010 0.000010 0.000010 0.000010 0.000010 0.000010
15 15 (0) 1 : 0.000010 0.327048 0.001882 0.000010 0.000010 0.000010 0.000010 0.670990 0.000010 0.000010 0.000010
16 16 (0) 1 : 0.000010 0.000010 0.999900 0.000010 0.000010 0.000010 0.000010 0.000010 0.000010 0.000010 0.000010
17 17 (0) 1 : 0.000010 0.000010 0.000010 0.000010 0.000010 0.000010 0.000010 0.999900 0.000010 0.000010 0.000010
18 18 (0) 1 : 0.000010 0.999900 0.000010 0.000010 0.000010 0.000010 0.000010 0.000010 0.000010 0.000010 0.000010
19 19 (0) 1 : 0.000010 0.000010 0.000010 0.000010 0.000010 0.000010 0.000010 0.999900 0.000010 0.000010 0.000010
20 20 (0) 1 : 0.000010 0.185432 0.814478 0.000010 0.000010 0.000010 0.000010 0.000010 0.000010 0.000010 0.000010
21 21 (0) 1 : 0.000010 0.120595 0.780538 0.000010 0.000010 0.000010 0.000010 0.098787 0.000010 0.000010 0.000010
22 22 (0) 1 : 0.000010 0.000010 0.999900 0.000010 0.000010 0.000010 0.000010 0.000010 0.000010 0.000010 0.000010
23 23 (0) 1 : 0.000010 0.000010 0.999900 0.000010 0.000010 0.000010 0.000010 0.000010 0.000010 0.000010 0.000010
24 24 (0) 1 : 0.000010 0.999900 0.000010 0.000010 0.000010 0.000010 0.000010 0.000010 0.000010 0.000010 0.000010
25 25 (0) 1 : 0.000010 0.156463 0.685673 0.000010 0.000010 0.000010 0.000010 0.157784 0.000010 0.000010 0.000010
26 26 (0) 1 : 0.000010 0.146090 0.853820 0.000010 0.000010 0.000010 0.000010 0.000010 0.000010 0.000010 0.000010
27 27 (0) 1 : 0.000010 0.000010 0.000010 0.000010 0.000010 0.000010 0.000010 0.999900 0.000010 0.000010 0.000010
28 28 (0) 1 : 0.000010 0.000010 0.000010 0.000010 0.000010 0.000010 0.000010 0.999900 0.000010 0.000010 0.000010
29 29 (0) 1 : 0.000010 0.100699 0.099596 0.000010 0.000010 0.000010 0.000010 0.799625 0.000010 0.000010 0.000010
30 30 (0) 1 : 0.000010 0.000010 0.999900 0.000010 0.000010 0.000010 0.000010 0.000010 0.000010 0.000010 0.000010
31 31 (0) 1 : 0.000010 0.000010 0.000010 0.000010 0.000010 0.000010 0.000010 0.999900 0.000010 0.000010 0.000010
32 32 (0) 1 : 0.000010 0.000010 0.999900 0.000010 0.000010 0.000010 0.000010 0.000010 0.000010 0.000010 0.000010
33 33 (0) 1 : 0.000010 0.000010 0.999900 0.000010 0.000010 0.000010 0.000010 0.000010 0.000010 0.000010 0.000010
34 34 (0) 1 : 0.000010 0.048947 0.044652 0.000010 0.000010 0.000010 0.000010 0.906321 0.000010 0.000010 0.000010
35 35 (0) 1 : 0.000010 0.999900 0.000010 0.000010 0.000010 0.000010 0.000010 0.000010 0.000010 0.000010 0.000010
36 36 (0) 1 : 0.000010 0.000010 0.000010 0.000010 0.000010 0.000010 0.000010 0.000010 0.393548 0.000010 0.606362
37 37 (0) 1 : 0.000010 0.000010 0.000010 0.000010 0.000010 0.000010 0.000010 0.000010 0.000010 0.000010 0.999900
38 38 (0) 1 : 0.000010 0.000010 0.000010 0.000010 0.000010 0.000010 0.000010 0.000010 0.000010 0.000010 0.999900
39 39 (0) 1 : 0.000010 0.000010 0.000010 0.000010 0.000010 0.000010 0.000010 0.000010 0.850422 0.083949 0.065549
40 40 (0) 1 : 0.000010 0.000010 0.000010 0.019583 0.000010 0.000010 0.000010 0.000010 0.527624 0.209233 0.243490
41 41 (0) 1 : 0.000010 0.000010 0.000010 0.000010 0.000010 0.000010 0.000010 0.000010 0.000010 0.999900 0.000010
42 42 (0) 1 : 0.000010 0.000010 0.000010 0.000010 0.000010 0.000010 0.000010 0.000010 0.726712 0.102218 0.170990
43 43 (0) 1 : 0.000010 0.000010 0.000010 0.000010 0.000010 0.000010 0.000010 0.000010 0.845005 0.154905 0.000010
44 44 (0) 1 : 0.000010 0.000010 0.000010 0.098336 0.000010 0.000010 0.000010 0.000010 0.377733 0.523851 0.000010
45 45 (0) 1 : 0.000010 0.000010 0.000010 0.101180 0.000010 0.000010 0.000010 0.000010 0.733700 0.100822 0.064228
46 46 (0) 1 : 0.000010 0.000010 0.000010 0.999900 0.000010 0.000010 0.000010 0.000010 0.000010 0.000010 0.000010
47 47 (0) 1 : 0.000010 0.000010 0.000010 0.000010 0.000010 0.000010 0.000010 0.000010 0.000010 0.000010 0.999900
48 48 (0) 1 : 0.000010 0.000010 0.000010 0.000010 0.000010 0.000010 0.000010 0.000010 0.000010 0.999900 0.000010
49 49 (0) 1 : 0.000010 0.000010 0.000010 0.999900 0.000010 0.000010 0.000010 0.000010 0.000010 0.000010 0.000010
50 50 (0) 1 : 0.000010 0.000010 0.000010 0.545981 0.000011 0.000010 0.000010 0.000010 0.000010 0.087439 0.366499
51 51 (0) 1 : 0.000010 0.000011 0.000010 0.999898 0.000010 0.000010 0.000010 0.000010 0.000010 0.000010 0.000010
52 52 (0) 1 : 0.000010 0.000010 0.000010 0.000010 0.000010 0.000010 0.000010 0.000010 0.000010 0.000010 0.999900
53 53 (0) 1 : 0.000010 0.000010 0.000010 0.000010 0.000010 0.000010 0.000010 0.000010 0.999900 0.000010 0.000010
54 54 (0) 1 : 0.000010 0.000010 0.000010 0.000010 0.000010 0.000010 0.000010 0.000010 0.999900 0.000010 0.000010
55 55 (0) 1 : 0.000010 0.000010 0.000010 0.999900 0.000010 0.000010 0.000010 0.000010 0.000010 0.000010 0.000010
56 56 (0) 1 : 0.000010 0.000010 0.000010 0.000010 0.000010 0.000010 0.000010 0.000010 0.000010 0.000010 0.999900
57 57 (0) 1 : 0.000010 0.000010 0.000010 0.000010 0.000010 0.000010 0.000010 0.000010 0.999900 0.000010 0.000010
58 58 (0) 1 : 0.000010 0.000010 0.000010 0.011306 0.000010 0.000010 0.000010 0.000010 0.536860 0.451754 0.000010
59 59 (0) 1 : 0.000010 0.000010 0.000010 0.629197 0.000010 0.000010 0.000010 0.000010 0.370713 0.000010 0.000010
60 60 (0) 1 : 0.000010 0.000010 0.000010 0.000010 0.000010 0.000010 0.000010 0.000010 0.866558 0.133352 0.000010
61 61 (0) 1 : 0.000010 0.000010 0.000010 0.039971 0.000010 0.000010 0.000010 0.000010 0.785342 0.174607 0.000010
62 62 (0) 1 : 0.000010 0.000010 0.000010 0.000010 0.000010 0.000010 0.000010 0.000010 0.000010 0.000010 0.999900
63 63 (0) 1 : 0.000010 0.000010 0.000010 0.999900 0.000010 0.000010 0.000010 0.000010 0.000010 0.000010 0.000010
64 64 (0) 1 : 0.000010 0.000010 0.000010 0.000010 0.000010 0.000010 0.000010 0.000010 0.999900 0.000010 0.000010
65 65 (0) 1 : 0.000010 0.000010 0.000010 0.000010 0.000010 0.000010 0.000010 0.000010 0.651936 0.000010 0.347974
66 66 (0) 1 : 0.000010 0.000010 0.000010 0.000010 0.000010 0.000010 0.000010 0.000010 0.999900 0.000010 0.000010
67 67 (0) 1 : 0.000010 0.000010 0.000010 0.194025 0.000010 0.000010 0.000010 0.000010 0.748450 0.000010 0.057444
68 68 (0) 1 : 0.000010 0.000010 0.000010 0.000010 0.000010 0.000010 0.000010 0.000010 0.000010 0.999900 0.000010
69 69 (0) 1 : 0.000010 0.000010 0.000010 0.000010 0.000010 0.000010 0.000010 0.000010 0.437589 0.172617 0.389714
70 70 (0) 1 : 0.000010 0.000010 0.000010 0.999900 0.000010 0.000010 0.000010 0.000010 0.000010 0.000010 0.000010
71 71 (0) 1 : 0.000010 0.000010 0.000010 0.000010 0.000010 0.000010 0.000010 0.000010 0.181678 0.818232 0.000010
72 72 (0) 1 : 0.000010 0.000010 0.000010 0.087105 0.000010 0.000010 0.000010 0.000010 0.912805 0.000010 0.000010
73 73 (0) 1 : 0.000010 0.000010 0.000010 0.000010 0.000010 0.000010 0.000010 0.000010 0.999900 0.000010 0.000010
74 74 (0) 1 : 0.000010 0.000010 0.000010 0.080861 0.000010 0.000010 0.000010 0.000010 0.688243 0.111442 0.119383
75 75 (0) 1 : 0.000010 0.000010 0.000010 0.000010 0.000010 0.000010 0.000010 0.000010 0.592203 0.190736 0.216981
76 76 (0) 1 : 0.000010 0.000010 0.000010 0.000010 0.000010 0.000010 0.000010 0.000010 0.000010 0.999900 0.000010
77 77 (0) 1 : 0.000010 0.000010 0.000010 0.357826 0.000010 0.000010 0.000010 0.000010 0.000010 0.000010 0.642084
78 78 (0) 1 : 0.000010 0.000010 0.000010 0.000010 0.000010 0.000010 0.999900 0.000010 0.000010 0.000010 0.000010
79 79 (0) 1 : 0.000010 0.000010 0.000010 0.000010 0.000010 0.000010 0.999900 0.000010 0.000010 0.000010 0.000010
80 80 (0) 1 : 0.000010 0.000010 0.000010 0.000010 0.999900 0.000010 0.000010 0.000010 0.000010 0.000010 0.000010
81 81 (0) 1 : 0.000010 0.000010 0.000010 0.000013 0.000010 0.000019 0.999886 0.000011 0.000010 0.000010 0.000010
82 82 (0) 1 : 0.000010 0.000010 0.000010 0.000010 0.000010 0.000010 0.999900 0.000010 0.000010 0.000010 0.000010
83 83 (0) 1 : 0.000010 0.000010 0.000010 0.000010 0.000010 0.000010 0.999900 0.000010 0.000010 0.000010 0.000010
84 84 (0) 1 : 0.000010 0.000018 0.000010 0.000010 0.999892 0.000010 0.000010 0.000010 0.000010 0.000010 0.000010
85 85 (0) 1 : 0.000010 0.000010 0.000010 0.000010 0.000010 0.000010 0.999900 0.000010 0.000010 0.000010 0.000010
86 86 (0) 1 : 0.000010 0.000010 0.000010 0.000010 0.999900 0.000010 0.000010 0.000010 0.000010 0.000010 0.000010
87 87 (0) 1 : 0.000012 0.000010 0.000014 0.000010 0.999885 0.000019 0.000010 0.000010 0.000010 0.000010 0.000010
88 88 (0) 1 : 0.000010 0.000010 0.000010 0.000010 0.999900 0.000010 0.000010 0.000010 0.000010 0.000010 0.000010
89 89 (0) 1 : 0.000010 0.000010 0.000010 0.000010 0.000010 0.000010 0.999900 0.000010 0.000010 0.000010 0.000010
90 90 (0) 1 : 0.000010 0.000013 0.000010 0.000010 0.999889 0.000010 0.000010 0.000018 0.000010 0.000010 0.000010
91 91 (0) 1 : 0.000010 0.000010 0.000010 0.000010 0.999900 0.000010 0.000010 0.000010 0.000010 0.000010 0.000010
92 92 (0) 1 : 0.000010 0.000010 0.000010 0.000010 0.999898 0.000012 0.000010 0.000010 0.000010 0.000010 0.000010
93 93 (0) 1 : 0.000010 0.000010 0.000011 0.000010 0.999899 0.000010 0.000010 0.000010 0.000010 0.000010 0.000010
94 94 (0) 1 : 0.000010 0.000010 0.000010 0.000010 0.000010 0.000010 0.999900 0.000010 0.000010 0.000010 0.000010
95 95 (0) 1 : 0.000010 0.000010 0.000010 0.000010 0.999900 0.000010 0.000010 0.000010 0.000010 0.000010 0.000010
96 96 (0) 1 : 0.999900 0.000010 0.000010 0.000010 0.000010 0.000010 0.000010 0.000010 0.000010 0.000010 0.000010
97 97 (0) 1 : 0.999882 0.000012 0.000010 0.000016 0.000019 0.000010 0.000010 0.000010 0.000010 0.000010 0.000010
98 98 (0) 1 : 0.999881 0.000010 0.000010 0.000017 0.000010 0.000010 0.000012 0.000011 0.000010 0.000019 0.000010
99 99 (0) 1 : 0.999882 0.000010 0.000013 0.000019 0.000010 0.000010 0.000010 0.000010 0.000010 0.000016 0.000010
100 100 (0) 1 : 0.999895 0.000010 0.000011 0.000010 0.000014 0.000010 0.000010 0.000010 0.000010 0.000010 0.000010
101 101 (0) 1 : 0.999896 0.000010 0.000010 0.000010 0.000010 0.000010 0.000014 0.000010 0.000010 0.000010 0.000010
102 102 (0) 1 : 0.999880 0.000014 0.000010 0.000010 0.000016 0.000020 0.000010 0.000010 0.000010 0.000010 0.000010
103 103 (0) 1 : 0.999886 0.000010 0.000010 0.000010 0.000010 0.000010 0.000019 0.000010 0.000010 0.000016 0.000010
104 104 (0) 1 : 0.999892 0.000011 0.000010 0.000010 0.000010 0.000010 0.000010 0.000017 0.000010 0.000010 0.000010
105 105 (0) 1 : 0.999894 0.000010 0.000010 0.000010 0.000013 0.000010 0.000012 0.000010 0.000012 0.000010 0.000010
106 106 (0) 1 : 0.999893 0.000012 0.000013 0.000010 0.000010 0.000010 0.000010 0.000010 0.000010 0.000012 0.000010
107 107 (0) 1 : 0.999881 0.000010 0.000010 0.000016 0.000010 0.000020 0.000013 0.000010 0.000010 0.000010 0.000010
108 108 (0) 1 : 0.999900 0.000010 0.000010 0.000010 0.000010 0.000010 0.000010 0.000010 0.000010 0.000010 0.000010
109 109 (0) 1 : 0.999896 0.000010 0.000010 0.000014 0.000010 0.000010 0.000010 0.000010 0.000010 0.000010 0.000010
110 110 (0) 1 : 0.999896 0.000010 0.000014 0.000010 0.000010 0.000010 0.000010 0.000010 0.000010 0.000010 0.000010
111 111 (0) 1 : 0.999893 0.000010 0.000016 0.000010 0.000011 0.000010 0.000010 0.000010 0.000010 0.000010 0.000010
112 112 (0) 1 : 0.999890 0.000012 0.000012 0.000010 0.000011 0.000010 0.000010 0.000010 0.000010 0.000016 0.000010
113 113 (0) 1 : 0.999900 0.000010 0.000010 0.000010 0.000010 0.000010 0.000010 0.000010 0.000010 0.000010 0.000010
114 114 (0) 1 : 0.000010 0.000010 0.000010 0.000010 0.000010 0.999895 0.000010 0.000010 0.000010 0.000015 0.000010
115 115 (0) 1 : 0.000010 0.000010 0.000010 0.000010 0.000010 0.999900 0.000010 0.000010 0.000010 0.000010 0.000010
116 116 (0) 1 : 0.000010 0.000010 0.000010 0.000014 0.000010 0.999896 0.000010 0.000010 0.000010 0.000010 0.000010
117 117 (0) 1 : 0.000019 0.000010 0.000010 0.000010 0.000010 0.999891 0.000010 0.000010 0.000010 0.000010 0.000010
118 118 (0) 1 : 0.000010 0.000014 0.000010 0.000010 0.000010 0.999896 0.000010 0.000010 0.000010 0.000010 0.000010
119 119 (0) 1 : 0.000010 0.000010 0.000010 0.000010 0.000010 0.999900 0.000010 0.000010 0.000010 0.000010 0.000010
120 120 (0) 1 : 0.000010 0.000010 0.000010 0.000015 0.000010 0.999895 0.000010 0.000010 0.000010 0.000010 0.000010
121 121 (0) 1 : 0.000010 0.000012 0.000010 0.000010 0.000014 0.999895 0.000010 0.000010 0.000010 0.000010 0.000010
1 1 (0) 1 : 0.000010 0.000010 0.000010 0.586689 0.000109 0.000010 0.413123 0.000010 0.000010 0.000010 0.000010
2 2 (0) 1 : 0.000014 0.000010 0.000014 0.171626 0.012407 0.000010 0.615037 0.000010 0.000010 0.000010 0.200851
3 3 (0) 1 : 0.000010 0.000010 0.000010 0.000010 0.000010 0.000010 0.922463 0.000010 0.000010 0.000010 0.077447
4 4 (0) 1 : 0.000010 0.000010 0.000010 0.109149 0.000010 0.000010 0.846264 0.000010 0.000010 0.000010 0.044508
5 5 (0) 1 : 0.000010 0.000010 0.000010 0.000010 0.000010 0.000010 0.999900 0.000010 0.000010 0.000010 0.000010
6 6 (0) 1 : 0.000010 0.000010 0.000010 0.000010 0.000010 0.000010 0.999900 0.000010 0.000010 0.000010 0.000010
7 7 (0) 1 : 0.000010 0.000010 0.000010 0.999900 0.000010 0.000010 0.000010 0.000010 0.000010 0.000010 0.000010
8 8 (0) 1 : 0.000010 0.000010 0.000010 0.000010 0.000010 0.000010 0.999900 0.000010 0.000010 0.000010 0.000010
9 9 (0) 1 : 0.000010 0.000010 0.000010 0.000010 0.794592 0.000010 0.000010 0.000010 0.000010 0.000010 0.205318
10 10 (0) 1 : 0.000010 0.000010 0.000010 0.000010 0.000010 0.000010 0.000010 0.000010 0.000010 0.000010 0.999900
11 11 (0) 1 : 0.000010 0.000010 0.000010 0.113061 0.000010 0.000010 0.886849 0.000010 0.000010 0.000010 0.000010
12 12 (0) 1 : 0.000010 0.000010 0.000010 0.000010 0.000010 0.000010 0.000010 0.000010 0.000010 0.000010 0.999900
13 13 (0) 1 : 0.000010 0.000010 0.000010 0.000010 0.568319 0.000010 0.431591 0.000010 0.000010 0.000010 0.000010
14 14 (0) 1 : 0.000010 0.000010 0.000010 0.000010 0.000010 0.000010 0.000010 0.000010 0.000010 0.000010 0.999900
15 15 (0) 1 : 0.000010 0.000010 0.000010 0.000010 0.306541 0.000010 0.622078 0.000010 0.000010 0.000010 0.071301
16 16 (0) 1 : 0.000010 0.000010 0.000010 0.999900 0.000010 0.000010 0.000010 0.000010 0.000010 0.000010 0.000010
17 17 (0) 1 : 0.000010 0.000010 0.000010 0.000010 0.000010 0.000010 0.999900 0.000010 0.000010 0.000010 0.000010
18 18 (0) 1 : 0.000010 0.000010 0.000010 0.000010 0.999900 0.000010 0.000010 0.000010 0.000010 0.000010 0.000010
19 19 (0) 1 : 0.000010 0.000010 0.000010 0.000010 0.000010 0.000010 0.999900 0.000010 0.000010 0.000010 0.000010
20 20 (0) 1 : 0.000010 0.000010 0.000010 0.726085 0.175837 0.000010 0.000010 0.000010 0.000010 0.000010 0.097998
21 21 (0) 1 : 0.000010 0.000010 0.000010 0.918214 0.081696 0.000010 0.000010 0.000010 0.000010 0.000010 0.000010
22 22 (0) 1 : 0.000010 0.000010 0.000010 0.941149 0.000010 0.000010 0.000010 0.000010 0.000010 0.000010 0.058761
23 23 (0) 1 : 0.000010 0.000010 0.000010 0.852514 0.000010 0.000010 0.000010 0.000010 0.000010 0.000010 0.147396
24 24 (0) 1 : 0.000010 0.000010 0.000010 0.000010 0.999900 0.000010 0.000010 0.000010 0.000010 0.000010 0.000010
25 25 (0) 1 : 0.000010 0.000010 0.000010 0.720996 0.135645 0.000010 0.126341 0.000010 0.000010 0.000010 0.016947
26 26 (0) 1 : 0.000010 0.000010 0.000010 0.973397 0.026513 0.000010 0.000010 0.000010 0.000010 0.000010 0.000010
27 27 (0) 1 : 0.000010 0.000010 0.000010 0.000010 0.000010 0.000010 0.912999 0.000010 0.000010 0.000010 0.086911
28 28 (0) 1 : 0.000010 0.000010 0.000010 0.000010 0.000010 0.000010 0.921240 0.000010 0.000010 0.000010 0.078670
29 29 (0) 1 : 0.000010 0.000010 0.000010 0.168082 0.095363 0.000010 0.736476 0.000010 0.000010 0.000010 0.000010
30 30 (0) 1 : 0.000010 0.000010 0.000010 0.950773 0.000010 0.000010 0.000010 0.000010 0.000010 0.000010 0.049137
31 31 (0) 1 : 0.000010 0.000010 0.000010 0.000010 0.000010 0.000010 0.972771 0.000010 0.000010 0.000010 0.027139
32 32 (0) 1 : 0.000010 0.000010 0.000010 0.999900 0.000010 0.000010 0.000010 0.000010 0.000010 0.000010 0.000010
33 33 (0) 1 : 0.000010 0.000010 0.000010 0.824792 0.046175 0.000010 0.000010 0.000010 0.000010 0.000010 0.128953
34 34 (0) 1 : 0.000010 0.000011 0.000010 0.000010 0.011804 0.000010 0.916330 0.000010 0.000010 0.000010 0.071785
35 35 (0) 1 : 0.000010 0.000010 0.000010 0.000010 0.999900 0.000010 0.000010 0.000010 0.000010 0.000010 0.000010
36 36 (0) 1 : 0.000010 0.000010 0.000010 0.000010 0.000010 0.000010 0.000010 0.396605 0.603305 0.000010 0.000010
37 37 (0) 1 : 0.000010 0.000010 0.000010 0.000010 0.000010 0.000010 0.000010 0.000010 0.999900 0.000010 0.000010
38 38 (0) 1 : 0.000010 0.000010 0.000010 0.000010 0.000010 0.000010 0.000010 0.000010 0.999900 0.000010 0.000010
39 39 (0) 1 : 0.000010 0.000010 0.000010 0.000010 0.000010 0.000010 0.000010 0.989002 0.010908 0.000010 0.000010
40 40 (0) 1 : 0.000010 0.000010 0.000010 0.000010 0.000010 0.000010 0.000010 0.615610 0.384300 0.000010 0.000010
41 41 (0) 1 : 0.000010 0.000010 0.000010 0.000010 0.000010 0.000010 0.000010 0.158089 0.841821 0.000010 0.000010
42 42 (0) 1 : 0.000010 0.000010 0.000010 0.000010 0.000010 0.000010 0.000010 0.732646 0.267264 0.000010 0.000010
43 43 (0) 1 : 0.000010 0.000010 0.000010 0.000010 0.000010 0.000010 0.000010 0.950700 0.049210 0.000010 0.000010
44 44 (0) 1 : 0.000010 0.000010 0.000010 0.000010 0.000010 0.000010 0.000010 0.477075 0.522835 0.000010 0.000010
45 45 (0) 1 : 0.000014 0.000010 0.000010 0.000010 0.000010 0.000010 0.000010 0.813797 0.186109 0.000010 0.000010
46 46 (0) 1 : 0.000010 0.000010 0.000010 0.000010 0.000010 0.000010 0.000010 0.000010 0.999900 0.000010 0.000010
47 47 (0) 1 : 0.000010 0.000010 0.000010 0.000010 0.000010 0.000010 0.000010 0.000010 0.999900 0.000010 0.000010
48 48 (0) 1 : 0.000010 0.000010 0.000010 0.000010 0.000010 0.000010 0.000010 0.000010 0.999900 0.000010 0.000010
49 49 (0) 1 : 0.000010 0.000010 0.000010 0.000010 0.000010 0.000010 0.000010 0.674445 0.325465 0.000010 0.000010
50 50 (0) 1 : 0.000010 0.000010 0.000010 0.000010 0.000010 0.000010 0.000010 0.000010 0.999900 0.000010 0.000010
51 51 (0) 1 : 0.000010 0.000010 0.000010 0.000010 0.000010 0.000010 0.000010 0.368786 0.631124 0.000010 0.000010
52 52 (0) 1 : 0.000010 0.000010 0.000010 0.000010 0.000010 0.000010 0.000010 0.000010 0.999900 0.000010 0.000010
53 53 (0) 1 : 0.000010 0.000010 0.000010 0.000010 0.000010 0.000010 0.000010 0.999900 0.000010 0.000010 0.000010
54 54 (0) 1 : 0.000010 0.000010 0.000010 0.000010 0.000010 0.000010 0.000010 0.999900 0.000010 0.000010 0.000010
55 55 (0) 1 : 0.000010 0.000011 0.000010 0.000010 0.000010 0.000010 0.000010 0.551857 0.448052 0.000010 0.000010
56 56 (0) 1 : 0.000010 0.000010 0.000010 0.000010 0.000010 0.000010 0.000010 0.000010 0.999900 0.000010 0.000010
57 57 (0) 1 : 0.000010 0.000011 0.000010 0.000010 0.000010 0.000010 0.000010 0.999899 0.000010 0.000010 0.000010
58 58 (0) 1 : 0.000010 0.000010 0.000010 0.000010 0.000010 0.000010 0.000010 0.698890 0.301020 0.000010 0.000010
59 59 (0) 1 : 0.000010 0.000010 0.000010 0.000010 0.000010 0.000010 0.000010 0.685534 0.314376 0.000010 0.000010
60 60 (0) 1 : 0.000010 0.000010 0.000010 0.000010 0.000010 0.000010 0.000010 0.999900 0.000010 0.000010 0.000010
61 61 (0) 1 : 0.000010 0.000010 0.000010 0.000010 0.000010 0.000010 0.000010 0.999900 0.000010 0.000010 0.000010
62 62 (0) 1 : 0.000010 0.000010 0.000010 0.000010 0.000010 0.000010 0.000010 0.000010 0.999900 0.000010 0.000010
63 63 (0) 1 : 0.000010 0.000010 0.000010 0.000010 0.000010 0.000010 0.000010 0.354699 0.645211 0.000010 0.000010
64 64 (0) 1 : 0.000010 0.000010 0.000010 0.000010 0.000010 0.000010 0.000010 0.999900 0.000010 0.000010 0.000010
65 65 (0) 1 : 0.000010 0.000010 0.000010 0.000010 0.000010 0.000010 0.000010 0.725746 0.274164 0.000010 0.000010
66 66 (0) 1 : 0.000010 0.000010 0.000010 0.000010 0.000010 0.000010 0.000010 0.999900 0.000010 0.000010 0.000010
67 67 (0) 1 : 0.000010 0.000010 0.000010 0.000010 0.000010 0.000010 0.000010 0.888671 0.111239 0.000010 0.000010
68 68 (0) 1 : 0.000010 0.000010 0.000010 0.000010 0.000010 0.000010 0.000010 0.000010 0.999900 0.000010 0.000010
69 69 (0) 1 : 0.000010 0.000010 0.000010 0.000010 0.000010 0.000010 0.000010 0.471254 0.528656 0.000010 0.000010
70 70 (0) 1 : 0.000010 0.000010 0.000010 0.000012 0.000010 0.000010 0.000010 0.143220 0.856688 0.000010 0.000010
71 71 (0) 1 : 0.000010 0.000010 0.000010 0.000010 0.000010 0.000010 0.000010 0.312758 0.687152 0.000010 0.000010
72 72 (0) 1 : 0.000010 0.000010 0.000010 0.000010 0.000010 0.000010 0.000010 0.999900 0.000010 0.000010 0.000010
73 73 (0) 1 : 0.000011 0.000010 0.000010 0.000012 0.000010 0.000010 0.000010 0.999897 0.000010 0.000010 0.000010
74 74 (0) 1 : 0.000010 0.000010 0.000010 0.000010 0.000010 0.000010 0.000010 0.709745 0.290165 0.000010 0.000010
75 75 (0) 1 : 0.000010 0.000010 0.000010 0.000010 0.000010 0.000010 0.000010 0.606096 0.393814 0.000010 0.000010
76 76 (0) 1 : 0.000010 0.000012 0.000010 0.000010 0.000010 0.000010 0.000010 0.000010 0.999898 0.000010 0.000010
77 77 (0) 1 : 0.000010 0.000010 0.000010 0.000010 0.000010 0.000010 0.000010 0.000010 0.999900 0.000010 0.000010
78 78 (0) 1 : 0.000010 0.000010 0.999897 0.000010 0.000010 0.000010 0.000010 0.000013 0.000010 0.000010 0.000010
79 79 (0) 1 : 0.000010 0.000010 0.000010 0.000010 0.000012 0.999898 0.000010 0.000010 0.000010 0.000010 0.000010
80 80 (0) 1 : 0.000010 0.000010 0.000010 0.000010 0.000010 0.999896 0.000010 0.000014 0.000010 0.000010 0.000010
81 81 (0) 1 : 0.000010 0.000010 0.999900 0.000010 0.000010 0.000010 0.000010 0.000010 0.000010 0.000010 0.000010
82 82 (0) 1 : 0.000010 0.000010 0.000010 0.000010 0.000010 0.999900 0.000010 0.000010 0.000010 0.000010 0.000010
83 83 (0) 1 : 0.000010 0.000010 0.505423 0.000010 0.000018 0.494479 0.000010 0.000010 0.000010 0.000010 0.000010
84 84 (0) 1 : 0.000010 0.000010 0.623709 0.000010 0.000010 0.376201 0.000010 0.000010 0.000010 0.000010 0.000010
85 85 (0) 1 : 0.000010 0.000010 0.000010 0.000010 0.000010 0.999900 0.000010 0.000010 0.000010 0.000010 0.000010
86 86 (0) 1 : 0.000010 0.000010 0.000010 0.000010 0.000010 0.999900 0.000010 0.000010 0.000010 0.000010 0.000010
87 87 (0) 1 : 0.000010 0.000010 0.999900 0.000010 0.000010 0.000010 0.000010 0.000010 0.000010 0.000010 0.000010
88 88 (0) 1 : 0.000010 0.000010 0.999900 0.000010 0.000010 0.000010 0.000010 0.000010 0.000010 0.000010 0.000010
89 89 (0) 1 : 0.000010 0.000010 0.000010 0.000010 0.000010 0.999900 0.000010 0.000010 0.000010 0.000010 0.000010
90 90 (0) 1 : 0.000010 0.000010 0.999900 0.000010 0.000010 0.000010 0.000010 0.000010 0.000010 0.000010 0.000010
91 91 (0) 1 : 0.000010 0.000010 0.284756 0.000010 0.000014 0.715150 0.000010 0.000010 0.000010 0.000010 0.000010
92 92 (0) 1 : 0.000010 0.000010 0.000010 0.000010 0.000010 0.999900 0.000010 0.000010 0.000010 0.000010 0.000010
93 93 (0) 1 : 0.000010 0.000010 0.000010 0.000010 0.000010 0.999900 0.000010 0.000010 0.000010 0.000010 0.000010
94 94 (0) 1 : 0.000010 0.000010 0.000010 0.000010 0.000010 0.999900 0.000010 0.000010 0.000010 0.000010 0.000010
95 95 (0) 1 : 0.000010 0.000010 0.999900 0.000010 0.000010 0.000010 0.000010 0.000010 0.000010 0.000010 0.000010
96 96 (0) 1 : 0.000020 0.496002 0.000010 0.000010 0.000010 0.000010 0.000010 0.000010 0.000010 0.503898 0.000010
97 97 (0) 1 : 0.000010 0.000010 0.000010 0.000010 0.000010 0.000010 0.000010 0.000010 0.000010 0.999900 0.000010
98 98 (0) 1 : 0.000010 0.000010 0.000010 0.000010 0.000010 0.000010 0.000010 0.000010 0.000010 0.999900 0.000010
99 99 (0) 1 : 0.000010 0.488806 0.000010 0.000010 0.000010 0.000010 0.000010 0.000010 0.000010 0.511104 0.000010
100 100 (0) 1 : 0.000010 0.000010 0.000010 0.000010 0.000010 0.000010 0.000010 0.000010 0.000010 0.999900 0.000010
101 101 (0) 1 : 0.000010 0.220760 0.000010 0.000010 0.000010 0.000010 0.000010 0.000010 0.000010 0.779150 0.000010
102 102 (0) 1 : 0.000010 0.999900 0.000010 0.000010 0.000010 0.000010 0.000010 0.000010 0.000010 0.000010 0.000010
103 103 (0) 1 : 0.000010 0.000010 0.000010 0.000010 0.000010 0.000010 0.000010 0.000010 0.000010 0.999900 0.000010
104 104 (0) 1 : 0.000010 0.496268 0.000010 0.000010 0.000010 0.000010 0.000010 0.000010 0.000010 0.503642 0.000010
105 105 (0) 1 : 0.000010 0.999891 0.000010 0.000010 0.000010 0.000010 0.000010 0.000010 0.000019 0.000010 0.000010
106 106 (0) 1 : 0.000020 0.000010 0.000015 0.000010 0.000010 0.000010 0.000010 0.000010 0.000010 0.999886 0.000010
107 107 (0) 1 : 0.000010 0.999896 0.000010 0.000010 0.000010 0.000010 0.000010 0.000010 0.000014 0.000010 0.000010
108 108 (0) 1 : 0.000013 0.724810 0.000010 0.000010 0.000010 0.000010 0.000010 0.000010 0.000010 0.275097 0.000010
109 109 (0) 1 : 0.000010 0.162839 0.000010 0.000010 0.000010 0.000010 0.000010 0.000010 0.000010 0.837071 0.000010
110 110 (0) 1 : 0.000010 0.000010 0.000010 0.000010 0.000010 0.000010 0.000010 0.000010 0.000010 0.999900 0.000010
111 111 (0) 1 : 0.000010 0.000010 0.000010 0.000010 0.000010 0.000010 0.000010 0.000018 0.000010 0.999892 0.000010
112 112 (0) 1 : 0.000010 0.000010 0.000010 0.000010 0.000010 0.000010 0.000010 0.000010 0.000010 0.999900 0.000010
113 113 (0) 1 : 0.000010 0.999900 0.000010 0.000010 0.000010 0.000010 0.000010 0.000010 0.000010 0.000010 0.000010
114 114 (0) 1 : 0.999900 0.000010 0.000010 0.000010 0.000010 0.000010 0.000010 0.000010 0.000010 0.000010 0.000010
115 115 (0) 1 : 0.999900 0.000010 0.000010 0.000010 0.000010 0.000010 0.000010 0.000010 0.000010 0.000010 0.000010
116 116 (0) 1 : 0.999899 0.000010 0.000010 0.000010 0.000010 0.000010 0.000010 0.000011 0.000010 0.000010 0.000010
117 117 (0) 1 : 0.999900 0.000010 0.000010 0.000010 0.000010 0.000010 0.000010 0.000010 0.000010 0.000010 0.000010
118 118 (0) 1 : 0.999889 0.000010 0.000019 0.000010 0.000010 0.000012 0.000010 0.000010 0.000010 0.000010 0.000010
119 119 (0) 1 : 0.999900 0.000010 0.000010 0.000010 0.000010 0.000010 0.000010 0.000010 0.000010 0.000010 0.000010
120 120 (0) 1 : 0.999900 0.000010 0.000010 0.000010 0.000010 0.000010 0.000010 0.000010 0.000010 0.000010 0.000010
121 121 (0) 1 : 0.999895 0.000010 0.000010 0.000010 0.000015 0.000010 0.000010 0.000010 0.000010 0.000010 0.000010
1 1 (0) 1 : 0.000010 0.000014 0.000010 0.000010 0.045196 0.000010 0.397812 0.000010 0.556908 0.000010 0.000010
2 2 (0) 1 : 0.000010 0.000010 0.000010 0.000010 0.046304 0.000010 0.539111 0.000010 0.414505 0.000010 0.000010
3 3 (0) 1 : 0.000010 0.000010 0.000010 0.000010 0.000010 0.000010 0.873370 0.000010 0.126540 0.000010 0.000010
4 4 (0) 1 : 0.000010 0.000010 0.000010 0.000010 0.000010 0.000010 0.839863 0.000010 0.160047 0.000010 0.000010
5 5 (0) 1 : 0.000010 0.000010 0.000010 0.000010 0.000010 0.000010 0.999900 0.000010 0.000010 0.000010 0.000010
6 6 (0) 1 : 0.000010 0.000010 0.000010 0.000010 0.039436 0.000010 0.960474 0.000010 0.000010 0.000010 0.000010
7 7 (0) 1 : 0.000010 0.000010 0.000010 0.000010 0.000010 0.000010 0.000010 0.000010 0.999900 0.000010 0.000010
8 8 (0) 1 : 0.000010 0.000010 0.000010 0.000010 0.000010 0.000010 0.999900 0.000010 0.000010 0.000010 0.000010
9 9 (0) 1 : 0.000010 0.000010 0.000010 0.000010 0.999900 0.000010 0.000010 0.000010 0.000010 0.000010 0.000010
10 10 (0) 1 : 0.000010 0.000010 0.000010 0.000010 0.000010 0.000010 0.000010 0.000010 0.999900 0.000010 0.000010
11 11 (0) 1 : 0.000010 0.000017 0.000010 0.000010 0.000010 0.000010 0.999893 0.000010 0.000010 0.000010 0.000010
12 12 (0) 1 : 0.000010 0.000010 0.000010 0.000010 0.000010 0.000010 0.154162 0.000010 0.845748 0.000010 0.000010
13 13 (0) 1 : 0.000010 0.000010 0.000010 0.000010 0.614905 0.000010 0.385005 0.000010 0.000010 0.000010 0.000010
14 14 (0) 1 : 0.000010 0.000010 0.000010 0.000010 0.000010 0.000010 0.000010 0.000010 0.999900 0.000010 0.000010
15 15 (0) 1 : 0.000010 0.000010 0.000010 0.000010 0.328826 0.000010 0.662908 0.000010 0.008185 0.000010 0.000010
16 16 (0) 1 : 0.000010 0.000010 0.000010 0.000010 0.000010 0.000010 0.000010 0.000010 0.999900 0.000010 0.000010
17 17 (0) 1 : 0.000010 0.000010 0.000010 0.000010 0.000010 0.000010 0.999900 0.000010 0.000010 0.000010 0.000010
18 18 (0) 1 : 0.000010 0.000010 0.000010 0.000010 0.999900 0.000010 0.000010 0.000010 0.000010 0.000010 0.000010
19 19 (0) 1 : 0.000010 0.000010 0.000010 0.000010 0.000010 0.000010 0.999900 0.000010 0.000010 0.000010 0.000010
20 20 (0) 1 : 0.000010 0.000010 0.000010 0.000010 0.185195 0.000010 0.000010 0.000010 0.814715 0.000010 0.000010
21 21 (0) 1 : 0.000010 0.000010 0.000010 0.000010 0.123277 0.000010 0.088662 0.000010 0.787981 0.000010 0.000010
22 22 (0) 1 : 0.000010 0.000010 0.000010 0.000010 0.000010 0.000010 0.000010 0.000010 0.999900 0.000010 0.000010
23 23 (0) 1 : 0.000010 0.000010 0.000010 0.000010 0.000010 0.000010 0.000010 0.000010 0.999900 0.000010 0.000010
24 24 (0) 1 : 0.000010 0.000010 0.000010 0.000010 0.999900 0.000010 0.000010 0.000010 0.000010 0.000010 0.000010
25 25 (0) 1 : 0.000010 0.000010 0.000010 0.000010 0.158073 0.000010 0.152670 0.000010 0.689177 0.000010 0.000010
26 26 (0) 1 : 0.000010 0.000010 0.000010 0.000010 0.146950 0.000010 0.000010 0.000010 0.852960 0.000010 0.000010
27 27 (0) 1 : 0.000010 0.000010 0.000010 0.000010 0.000010 0.000010 0.999900 0.000010 0.000010 0.000010 0.000010
28 28 (0) 1 : 0.000010 0.000010 0.000010 0.000010 0.000010 0.000010 0.999900 0.000010 0.000010 0.000010 0.000010
29 29 (0) 1 : 0.000010 0.000010 0.000010 0.000010 0.102583 0.000010 0.787558 0.000012 0.109777 0.000010 0.000010
30 30 (0) 1 : 0.000010 0.000010 0.000010 0.000010 0.000010 0.000010 0.000011 0.000010 0.999899 0.000010 0.000010
31 31 (0) 1 : 0.000010 0.000010 0.000010 0.000010 0.000010 0.000010 0.999900 0.000010 0.000010 0.000010 0.000010
32 32 (0) 1 : 0.000010 0.000010 0.000010 0.000010 0.000010 0.000010 0.000010 0.000010 0.999900 0.000010 0.000010
33 33 (0) 1 : 0.000010 0.000010 0.000010 0.000010 0.000010 0.000010 0.000010 0.000010 0.999900 0.000010 0.000010
34 34 (0) 1 : 0.000010 0.000010 0.000010 0.000010 0.050302 0.000010 0.880853 0.000010 0.068765 0.000010 0.000010
35 35 (0) 1 : 0.000010 0.000010 0.000010 0.000010 0.999900 0.000010 0.000010 0.000010 0.000010 0.000010 0.000010
36 36 (0) 1 : 0.000010 0.000010 0.000010 0.000010 0.000010 0.119323 0.000010 0.539232 0.000010 0.341365 0.000010
37 37 (0) 1 : 0.000010 0.000010 0.000010 0.000010 0.000010 0.000010 0.000010 0.999900 0.000010 0.000010 0.000010
38 38 (0) 1 : 0.000010 0.000010 0.000010 0.000010 0.000010 0.000010 0.000010 0.999900 0.000010 0.000010 0.000010
39 39 (0) 1 : 0.000010 0.000010 0.000010 0.000010 0.000010 0.107825 0.000010 0.000010 0.000010 0.892085 0.000010
40 40 (0) 1 : 0.058471 0.000010 0.000010 0.000010 0.000010 0.104065 0.000010 0.283452 0.000012 0.553939 0.000010
41 41 (0) 1 : 0.000010 0.000010 0.000010 0.000010 0.000010 0.479139 0.000010 0.520771 0.000010 0.000010 0.000010
42 42 (0) 1 : 0.000010 0.000010 0.000010 0.000010 0.000010 0.000010 0.000010 0.306802 0.000010 0.693108 0.000010
43 43 (0) 1 : 0.000010 0.000010 0.000010 0.000010 0.000010 0.014632 0.000010 0.286820 0.000010 0.698468 0.000010
44 44 (0) 1 : 0.999900 0.000010 0.000010 0.000010 0.000010 0.000010 0.000010 0.000010 0.000010 0.000010 0.000010
45 45 (0) 1 : 0.000010 0.000010 0.000010 0.000010 0.000010 0.123643 0.000010 0.124678 0.000010 0.751599 0.000010
46 46 (0) 1 : 0.999900 0.000010 0.000010 0.000010 0.000010 0.000010 0.000010 0.000010 0.000010 0.000010 0.000010
47 47 (0) 1 : 0.000010 0.000010 0.000010 0.000010 0.000010 0.000010 0.000010 0.999900 0.000010 0.000010 0.000010
48 48 (0) 1 : 0.000010 0.000010 0.000010 0.000010 0.000010 0.999900 0.000010 0.000010 0.000010 0.000010 0.000010
49 49 (0) 1 : 0.999900 0.000010 0.000010 0.000010 0.000010 0.000010 0.000010 0.000010 0.000010 0.000010 0.000010
50 50 (0) 1 : 0.514903 0.000010 0.000010 0.000010 0.000010 0.098821 0.000010 0.386196 0.000010 0.000010 0.000010
51 51 (0) 1 : 0.157707 0.000010 0.000010 0.000010 0.000010 0.365479 0.000010 0.227524 0.000010 0.249219 0.000010
52 52 (0) 1 : 0.999898 0.000010 0.000010 0.000010 0.000010 0.000010 0.000012 0.000010 0.000010 0.000010 0.000010
53 53 (0) 1 : 0.000010 0.000010 0.000010 0.000010 0.000010 0.000010 0.000010 0.000010 0.000010 0.999900 0.000010
54 54 (0) 1 : 0.000010 0.000010 0.000010 0.000010 0.000010 0.000010 0.000010 0.219300 0.000010 0.780610 0.000010
55 55 (0) 1 : 0.278649 0.000010 0.000010 0.000010 0.000010 0.315522 0.000010 0.000010 0.000010 0.405749 0.000010
56 56 (0) 1 : 0.000010 0.000010 0.000010 0.000010 0.000010 0.000010 0.000010 0.999900 0.000010 0.000010 0.000010
57 57 (0) 1 : 0.000010 0.000010 0.000010 0.000010 0.000010 0.000010 0.000010 0.000010 0.000010 0.999900 0.000010
58 58 (0) 1 : 0.000010 0.000010 0.000010 0.000010 0.000010 0.415441 0.000010 0.000010 0.000010 0.584469 0.000010
59 59 (0) 1 : 0.467592 0.000010 0.000010 0.000010 0.000010 0.000010 0.000010 0.000010 0.000010 0.532318 0.000010
60 60 (0) 1 : 0.000010 0.000010 0.000010 0.000010 0.000010 0.097250 0.000010 0.000010 0.000010 0.902660 0.000010
61 61 (0) 1 : 0.000010 0.000010 0.000010 0.000010 0.000010 0.143623 0.000010 0.000010 0.000010 0.856287 0.000010
62 62 (0) 1 : 0.000010 0.000010 0.000010 0.000010 0.000010 0.000010 0.000010 0.999900 0.000010 0.000010 0.000010
63 63 (0) 1 : 0.999900 0.000010 0.000010 0.000010 0.000010 0.000010 0.000010 0.000010 0.000010 0.000010 0.000010
64 64 (0) 1 : 0.000010 0.000010 0.000010 0.000010 0.000010 0.000010 0.000010 0.000010 0.000010 0.999900 0.000010
65 65 (0) 1 : 0.000010 0.000010 0.000010 0.000010 0.000010 0.000010 0.000010 0.339059 0.000010 0.660851 0.000010
66 66 (0) 1 : 0.186481 0.000010 0.000011 0.000010 0.000010 0.000010 0.000010 0.000010 0.000010 0.813428 0.000010
67 67 (0) 1 : 0.000010 0.000010 0.000010 0.000010 0.000010 0.000010 0.000010 0.198786 0.000010 0.801124 0.000010
68 68 (0) 1 : 0.000010 0.000010 0.000010 0.000010 0.000010 0.999900 0.000010 0.000010 0.000010 0.000010 0.000010
69 69 (0) 1 : 0.000010 0.000010 0.000010 0.000010 0.000010 0.000010 0.000010 0.726700 0.000010 0.273210 0.000010
70 70 (0) 1 : 0.999900 0.000010 0.000010 0.000010 0.000010 0.000010 0.000010 0.000010 0.000010 0.000010 0.000010
71 71 (0) 1 : 0.000010 0.000010 0.000010 0.000010 0.000010 0.999900 0.000010 0.000010 0.000010 0.000010 0.000010
72 72 (0) 1 : 0.000010 0.000010 0.000010 0.000010 0.000010 0.000010 0.000010 0.000010 0.000010 0.999900 0.000010
73 73 (0) 1 : 0.000010 0.000010 0.000010 0.000010 0.000010 0.000010 0.000010 0.000010 0.000010 0.999900 0.000010
74 74 (0) 1 : 0.008924 0.000010 0.000010 0.000010 0.000010 0.000010 0.000010 0.521148 0.000010 0.469848 0.000010
75 75 (0) 1 : 0.000010 0.000010 0.000010 0.000010 0.000010 0.000010 0.000010 0.999900 0.000010 0.000010 0.000010
76 76 (0) 1 : 0.000010 0.000010 0.000010 0.000010 0.000010 0.999900 0.000010 0.000010 0.000010 0.000010 0.000010
77 77 (0) 1 : 0.394527 0.000010 0.000010 0.000010 0.000010 0.000015 0.000010 0.605378 0.000010 0.000010 0.000010
78 78 (0) 1 : 0.000010 0.000010 0.000010 0.000010 0.000010 0.000010 0.000015 0.000010 0.000015 0.000010 0.999891
79 79 (0) 1 : 0.000010 0.000010 0.000010 0.000010 0.000010 0.000010 0.000015 0.000010 0.000010 0.000010 0.999895
80 80 (0) 1 : 0.000010 0.000010 0.000016 0.000010 0.000010 0.000010 0.000010 0.000010 0.000010 0.000010 0.999894
81 81 (0) 1 : 0.000010 0.000010 0.000010 0.000010 0.000010 0.000010 0.000013 0.000010 0.000010 0.000010 0.999897
82 82 (0) 1 : 0.000010 0.000010 0.000010 0.000010 0.000010 0.000010 0.000010 0.000010 0.000010 0.000010 0.999900
83 83 (0) 1 : 0.000010 0.000010 0.000010 0.000010 0.000010 0.000010 0.000010 0.000010 0.000010 0.000010 0.999900
84 84 (0) 1 : 0.000010 0.000010 0.000010 0.000010 0.000010 0.000010 0.000015 0.000010 0.000010 0.000010 0.999895
85 85 (0) 1 : 0.000010 0.000010 0.000010 0.000010 0.000010 0.000010 0.000010 0.000010 0.000010 0.000010 0.999900
86 86 (0) 1 : 0.000010 0.000010 0.000013 0.000012 0.000010 0.000010 0.000010 0.000010 0.000010 0.000010 0.999895
87 87 (0) 1 : 0.000010 0.000010 0.000010 0.000010 0.000010 0.000010 0.000010 0.000010 0.000010 0.000010 0.999900
88 88 (0) 1 : 0.000010 0.000010 0.000010 0.000012 0.000010 0.000010 0.000010 0.000010 0.000010 0.000010 0.999898
89 89 (0) 1 : 0.000010 0.000010 0.000010 0.000010 0.000010 0.000010 0.000010 0.000010 0.000010 0.000010 0.999900
90 90 (0) 1 : 0.000010 0.000010 0.000010 0.000010 0.000010 0.000010 0.000010 0.000010 0.000010 0.000010 0.999900
91 91 (0) 1 : 0.000010 0.000010 0.000010 0.000010 0.000010 0.000010 0.000010 0.000010 0.000010 0.000010 0.999900
92 92 (0) 1 : 0.000010 0.000010 0.000010 0.000010 0.000010 0.000010 0.000010 0.000010 0.000010 0.000010 0.999900
93 93 (0) 1 : 0.000010 0.000010 0.000012 0.000010 0.000010 0.000010 0.000010 0.000010 0.000010 0.000010 0.999898
94 94 (0) 1 : 0.000010 0.000010 0.000010 0.000011 0.000010 0.000010 0.000010 0.000010 0.000010 0.000010 0.999899
95 95 (0) 1 : 0.000010 0.000019 0.000012 0.000014 0.000010 0.000010 0.000014 0.000010 0.000010 0.000010 0.999881
96 96 (0) 1 : 0.000010 0.000010 0.999900 0.000010 0.000010 0.000010 0.000010 0.000010 0.000010 0.000010 0.000010
97 97 (0) 1 : 0.000010 0.000010 0.999900 0.000010 0.000010 0.000010 0.000010 0.000010 0.000010 0.000010 0.000010
98 98 (0) 1 : 0.000010 0.000010 0.999900 0.000010 0.000010 0.000010 0.000010 0.000010 0.000010 0.000010 0.000010
99 99 (0) 1 : 0.000010 0.000010 0.522915 0.476995 0.000010 0.000010 0.000010 0.000010 0.000010 0.000010 0.000010
100 100 (0) 1 : 0.000010 0.000010 0.999900 0.000010 0.000010 0.000010 0.000010 0.000010 0.000010 0.000010 0.000010
101 101 (0) 1 : 0.000010 0.000010 0.759418 0.240492 0.000010 0.000010 0.000010 0.000010 0.000010 0.000010 0.000010
102 102 (0) 1 : 0.000010 0.000010 0.000010 0.999900 0.000010 0.000010 0.000010 0.000010 0.000010 0.000010 0.000010
103 103 (0) 1 : 0.000010 0.000010 0.999900 0.000010 0.000010 0.000010 0.000010 0.000010 0.000010 0.000010 0.000010
104 104 (0) 1 : 0.000010 0.000010 0.525936 0.473974 0.000010 0.000010 0.000010 0.000010 0.000010 0.000010 0.000010
105 105 (0) 1 : 0.000010 0.000010 0.000010 0.999899 0.000010 0.000010 0.000011 0.000010 0.000010 0.000010 0.000010
106 106 (0) 1 : 0.000010 0.000010 0.999900 0.000010 0.000010 0.000010 0.000010 0.000010 0.000010 0.000010 0.000010
107 107 (0) 1 : 0.000010 0.000010 0.000010 0.999900 0.000010 0.000010 0.000010 0.000010 0.000010 0.000010 0.000010
108 108 (0) 1 : 0.000010 0.000010 0.000010 0.999900 0.000010 0.000010 0.000010 0.000010 0.000010 0.000010 0.000010
109 109 (0) 1 : 0.000010 0.000010 0.857908 0.142002 0.000010 0.000010 0.000010 0.000010 0.000010 0.000010 0.000010
110 110 (0) 1 : 0.000010 0.000010 0.999900 0.000010 0.000010 0.000010 0.000010 0.000010 0.000010 0.000010 0.000010
111 111 (0) 1 : 0.000010 0.000010 0.999900 0.000010 0.000010 0.000010 0.000010 0.000010 0.000010 0.000010 0.000010
112 112 (0) 1 : 0.000010 0.000010 0.999900 0.000010 0.000010 0.000010 0.000010 0.000010 0.000010 0.000010 0.000010
113 113 (0) 1 : 0.000010 0.000010 0.000010 0.999900 0.000010 0.000010 0.000010 0.000010 0.000010 0.000010 0.000010
114 114 (0) 1 : 0.000010 0.999900 0.000010 0.000010 0.000010 0.000010 0.000010 0.000010 0.000010 0.000010 0.000010
115 115 (0) 1 : 0.000010 0.999900 0.000010 0.000010 0.000010 0.000010 0.000010 0.000010 0.000010 0.000010 0.000010
116 116 (0) 1 : 0.000010 0.999897 0.000010 0.000010 0.000013 0.000010 0.000010 0.000010 0.000010 0.000010 0.000010
117 117 (0) 1 : 0.000010 0.999897 0.000010 0.000010 0.000013 0.000010 0.000010 0.000010 0.000010 0.000010 0.000010
118 118 (0) 1 : 0.000010 0.999898 0.000010 0.000010 0.000010 0.000010 0.000010 0.000010 0.000012 0.000010 0.000010
119 119 (0) 1 : 0.000010 0.999894 0.000010 0.000010 0.000010 0.000010 0.000010 0.000010 0.000016 0.000010 0.000010
120 120 (0) 1 : 0.000010 0.999900 0.000010 0.000010 0.000010 0.000010 0.000010 0.000010 0.000010 0.000010 0.000010
121 121 (0) 1 : 0.000010 0.999900 0.000010 0.000010 0.000010 0.000010 0.000010 0.000010 0.000010 0.000010 0.000010
1 1 (0) 1 : 0.000010 0.000010 0.610435 0.000010 0.000010 0.000010 0.000010 0.000010 0.000010 0.000010 0.389475
2 2 (0) 1 : 0.000010 0.000010 0.121646 0.000010 0.000018 0.238292 0.000010 0.000011 0.000010 0.000010 0.639972
3 3 (0) 1 : 0.000010 0.000010 0.000010 0.000010 0.000010 0.000010 0.000010 0.000010 0.000010 0.000010 0.999900
4 4 (0) 1 : 0.000010 0.000010 0.068103 0.000010 0.000010 0.000010 0.000010 0.000010 0.000010 0.000010 0.931807
5 5 (0) 1 : 0.000010 0.000010 0.000010 0.000010 0.000010 0.000010 0.000010 0.000010 0.000010 0.000010 0.999900
6 6 (0) 1 : 0.000010 0.000010 0.000010 0.000010 0.000010 0.000010 0.000010 0.000010 0.000010 0.000010 0.999900
7 7 (0) 1 : 0.000010 0.000010 0.999900 0.000010 0.000010 0.000010 0.000010 0.000010 0.000010 0.000010 0.000010
8 8 (0) 1 : 0.000010 0.000010 0.000010 0.000010 0.000010 0.000010 0.000010 0.000010 0.000010 0.000010 0.999900
9 9 (0) 1 : 0.000010 0.000010 0.000010 0.000010 0.000010 0.999900 0.000010 0.000010 0.000010 0.000010 0.000010
10 10 (0) 1 : 0.000010 0.000010 0.000010 0.000010 0.000010 0.999900 0.000010 0.000010 0.000010 0.000010 0.000010
11 11 (0) 1 : 0.000010 0.000010 0.105386 0.000010 0.000010 0.000010 0.000010 0.000017 0.000010 0.000010 0.894517
12 12 (0) 1 : 0.000010 0.000010 0.000010 0.000010 0.000010 0.999897 0.000010 0.000013 0.000010 0.000010 0.000010
13 13 (0) 1 : 0.000010 0.000010 0.000010 0.000010 0.000010 0.602876 0.000010 0.000010 0.000010 0.000010 0.397034
14 14 (0) 1 : 0.000010 0.000010 0.000010 0.000010 0.000010 0.999900 0.000010 0.000010 0.000010 0.000010 0.000010
15 15 (0) 1 : 0.000010 0.000010 0.000010 0.000010 0.000010 0.393965 0.000010 0.000010 0.000010 0.000010 0.605945
16 16 (0) 1 : 0.000015 0.000010 0.999889 0.000010 0.000010 0.000010 0.000010 0.000013 0.000014 0.000010 0.000010
17 17 (0) 1 : 0.000010 0.000010 0.000010 0.000010 0.000010 0.000010 0.000010 0.000010 0.000010 0.000010 0.999900
18 18 (0) 1 : 0.000010 0.000010 0.000010 0.000010 0.000010 0.999900 0.000010 0.000010 0.000010 0.000010 0.000010
19 19 (0) 1 : 0.000010 0.000010 0.000010 0.000010 0.000010 0.000010 0.000010 0.000010 0.000010 0.000010 0.999900
20 20 (0) 1 : 0.000010 0.000013 0.762146 0.000010 0.000010 0.237762 0.000010 0.000010 0.000010 0.000010 0.000010
21 21 (0) 1 : 0.000010 0.000010 0.999900 0.000010 0.000010 0.000010 0.000010 0.000010 0.000010 0.000010 0.000010
22 22 (0) 1 : 0.000010 0.000010 0.999900 0.000010 0.000010 0.000010 0.000010 0.000010 0.000010 0.000010 0.000010
23 23 (0) 1 : 0.000010 0.000010 0.925881 0.000010 0.000010 0.074029 0.000010 0.000010 0.000010 0.000010 0.000010
24 24 (0) 1 : 0.000010 0.000010 0.000010 0.000010 0.000010 0.999895 0.000010 0.000015 0.000010 0.000010 0.000010
25 25 (0) 1 : 0.000010 0.000010 0.772382 0.000010 0.000010 0.130955 0.000010 0.000010 0.000010 0.000010 0.096583
26 26 (0) 1 : 0.000010 0.000010 0.999898 0.000010 0.000010 0.000010 0.000010 0.000012 0.000010 0.000010 0.000010
27 27 (0) 1 : 0.000010 0.000010 0.000010 0.000010 0.000010 0.000010 0.000010 0.000010 0.000010 0.000010 0.999900
28 28 (0) 1 : 0.000010 0.000010 0.000010 0.000010 0.000010 0.000010 0.000010 0.000010 0.000010 0.000010 0.999900
29 29 (0) 1 : 0.000010 0.000010 0.185938 0.000010 0.000010 0.097919 0.000010 0.000017 0.000010 0.000010 0.716055
30 30 (0) 1 : 0.000010 0.000012 0.831989 0.000010 0.000010 0.167918 0.000010 0.000010 0.000010 0.000010 0.000010
31 31 (0) 1 : 0.000011 0.000010 0.000010 0.000010 0.000010 0.091384 0.000010 0.000010 0.000010 0.000010 0.908525
32 32 (0) 1 : 0.000010 0.000010 0.999900 0.000010 0.000010 0.000010 0.000010 0.000010 0.000010 0.000010 0.000010
33 33 (0) 1 : 0.000010 0.000014 0.884265 0.000013 0.000010 0.115633 0.000010 0.000014 0.000010 0.000010 0.000010
34 34 (0) 1 : 0.000010 0.000010 0.000010 0.000010 0.000010 0.083808 0.000010 0.000010 0.000010 0.000010 0.916102
35 35 (0) 1 : 0.000010 0.000020 0.000010 0.000010 0.000010 0.999890 0.000010 0.000010 0.000010 0.000010 0.000010
36 36 (0) 1 : 0.000010 0.000010 0.000010 0.000010 0.000010 0.000010 0.600111 0.000010 0.000010 0.399799 0.000010
37 37 (0) 1 : 0.000010 0.000010 0.000010 0.000010 0.000010 0.000010 0.999900 0.000010 0.000010 0.000010 0.000010
38 38 (0) 1 : 0.000010 0.000010 0.000010 0.000010 0.000010 0.000010 0.999900 0.000010 0.000010 0.000010 0.000010
39 39 (0) 1 : 0.000010 0.000010 0.000010 0.000010 0.000010 0.000010 0.141535 0.000010 0.000010 0.858375 0.000010
40 40 (0) 1 : 0.000010 0.000010 0.000011 0.000010 0.000010 0.000010 0.347790 0.000010 0.109247 0.542882 0.000010
41 41 (0) 1 : 0.000010 0.000010 0.000010 0.000010 0.000010 0.000010 0.292596 0.000010 0.523145 0.184179 0.000010
42 42 (0) 1 : 0.000010 0.000010 0.000010 0.000010 0.000010 0.000010 0.266784 0.000010 0.000010 0.733126 0.000010
43 43 (0) 1 : 0.000010 0.000010 0.000010 0.000010 0.000010 0.000010 0.000010 0.000010 0.000010 0.999900 0.000010
44 44 (0) 1 : 0.000010 0.000010 0.000010 0.000010 0.000010 0.000010 0.000010 0.000010 0.650685 0.349225 0.000010
45 45 (0) 1 : 0.000010 0.000010 0.000010 0.000010 0.000010 0.000010 0.122407 0.000010 0.095745 0.781769 0.000010
46 46 (0) 1 : 0.000010 0.000010 0.000010 0.000010 0.000010 0.000010 0.000010 0.000010 0.999900 0.000010 0.000010
47 47 (0) 1 : 0.000010 0.000010 0.000010 0.000010 0.000010 0.000010 0.999900 0.000010 0.000010 0.000010 0.000010
48 48 (0) 1 : 0.000010 0.000010 0.000010 0.000010 0.000010 0.000010 0.000010 0.000010 0.999900 0.000010 0.000010
49 49 (0) 1 : 0.000010 0.000010 0.000010 0.000010 0.000015 0.000010 0.000010 0.000017 0.658599 0.341298 0.000010
50 50 (0) 1 : 0.000017 0.000010 0.000010 0.000012 0.000010 0.000010 0.518528 0.000010 0.481372 0.000010 0.000010
51 51 (0) 1 : 0.000010 0.000010 0.000015 0.000010 0.000010 0.000010 0.113739 0.000010 0.674966 0.211210 0.000010
52 52 (0) 1 : 0.000010 0.000010 0.000010 0.000010 0.000010 0.000010 0.999900 0.000010 0.000010 0.000010 0.000010
53 53 (0) 1 : 0.000010 0.000010 0.000010 0.000010 0.000010 0.000010 0.000010 0.000010 0.000010 0.999900 0.000010
54 54 (0) 1 : 0.000010 0.000010 0.000010 0.000010 0.000010 0.000010 0.000010 0.000010 0.000010 0.999900 0.000010
55 55 (0) 1 : 0.000010 0.000010 0.000010 0.000010 0.000010 0.000010 0.000010 0.000010 0.686856 0.313054 0.000010
56 56 (0) 1 : 0.000010 0.000010 0.000010 0.000010 0.000010 0.000010 0.999900 0.000010 0.000010 0.000010 0.000010
57 57 (0) 1 : 0.000010 0.000018 0.000010 0.000010 0.000010 0.000010 0.000010 0.000010 0.000010 0.999892 0.000010
58 58 (0) 1 : 0.000010 0.000010 0.000010 0.000010 0.000010 0.000010 0.000010 0.000010 0.470599 0.529311 0.000010
59 59 (0) 1 : 0.000010 0.000010 0.000010 0.000010 0.000010 0.000010 0.000010 0.000010 0.502646 0.497264 0.000010
60 60 (0) 1 : 0.000010 0.000010 0.000010 0.000010 0.000010 0.000010 0.000010 0.000010 0.000010 0.999900 0.000010
61 61 (0) 1 : 0.000010 0.000010 0.000010 0.000010 0.000010 0.000010 0.000010 0.000010 0.128345 0.871564 0.000010
62 62 (0) 1 : 0.000010 0.000010 0.000010 0.000010 0.000010 0.000010 0.999900 0.000010 0.000010 0.000010 0.000010
63 63 (0) 1 : 0.000010 0.000010 0.000010 0.000010 0.000010 0.000010 0.000010 0.000010 0.999900 0.000010 0.000010
64 64 (0) 1 : 0.000010 0.000010 0.000010 0.000010 0.000010 0.000010 0.000010 0.000010 0.000010 0.999900 0.000010
65 65 (0) 1 : 0.000010 0.000010 0.000010 0.000010 0.000010 0.000010 0.341719 0.000010 0.000010 0.658190 0.000010
66 66 (0) 1 : 0.000010 0.000010 0.000010 0.000010 0.000010 0.000010 0.000010 0.000010 0.000010 0.999900 0.000010
67 67 (0) 1 : 0.000010 0.000010 0.000010 0.000010 0.000010 0.000010 0.037329 0.000010 0.115737 0.846853 0.000010
68 68 (0) 1 : 0.000010 0.000010 0.000010 0.000010 0.000010 0.000010 0.000010 0.000010 0.999896 0.000014 0.000010
69 69 (0) 1 : 0.000010 0.000010 0.000010 0.000010 0.000012 0.000011 0.469137 0.000010 0.000010 0.530770 0.000010
70 70 (0) 1 : 0.000010 0.000010 0.000010 0.000010 0.000010 0.000010 0.000010 0.000010 0.999900 0.000010 0.000010
71 71 (0) 1 : 0.000010 0.000010 0.000010 0.000010 0.000010 0.000010 0.000010 0.000011 0.999899 0.000010 0.000010
72 72 (0) 1 : 0.000010 0.000010 0.000010 0.000010 0.000010 0.000010 0.000010 0.000010 0.000010 0.999900 0.000010
73 73 (0) 1 : 0.000010 0.000010 0.000010 0.000010 0.000010 0.000010 0.000010 0.000010 0.000010 0.999900 0.000010
74 74 (0) 1 : 0.000010 0.000010 0.000010 0.000010 0.000010 0.000010 0.135955 0.000010 0.122996 0.740969 0.000010
75 75 (0) 1 : 0.000010 0.000010 0.000010 0.000010 0.000010 0.000010 0.340785 0.000010 0.000010 0.659125 0.000010
76 76 (0) 1 : 0.000010 0.000010 0.000010 0.000018 0.000010 0.000010 0.000010 0.000010 0.999892 0.000010 0.000010
77 77 (0) 1 : 0.000010 0.000010 0.000010 0.000010 0.000010 0.000010 0.637802 0.000010 0.362108 0.000010 0.000010
78 78 (0) 1 : 0.000010 0.000010 0.000010 0.999900 0.000010 0.000010 0.000010 0.000010 0.000010 0.000010 0.000010
79 79 (0) 1 : 0.000010 0.000010 0.000010 0.999900 0.000010 0.000010 0.000010 0.000010 0.000010 0.000010 0.000010
80 80 (0) 1 : 0.000010 0.999900 0.000010 0.000010 0.000010 0.000010 0.000010 0.000010 0.000010 0.000010 0.000010
81 81 (0) 1 : 0.000010 0.000010 0.000010 0.999900 0.000010 0.000010 0.000010 0.000010 0.000010 0.000010 0.000010
82 82 (0) 1 : 0.000010 0.000010 0.000010 0.999900 0.000010 0.000010 0.000010 0.000010 0.000010 0.000010 0.000010
83 83 (0) 1 : 0.000010 0.477062 0.000012 0.522845 0.000011 0.000010 0.000010 0.000010 0.000010 0.000010 0.000010
84 84 (0) 1 : 0.000010 0.999900 0.000010 0.000010 0.000010 0.000010 0.000010 0.000010 0.000010 0.000010 0.000010
85 85 (0) 1 : 0.000010 0.000010 0.000010 0.999900 0.000010 0.000010 0.000010 0.000010 0.000010 0.000010 0.000010
86 86 (0) 1 : 0.000010 0.999900 0.000010 0.000010 0.000010 0.000010 0.000010 0.000010 0.000010 0.000010 0.000010
87 87 (0) 1 : 0.000010 0.000010 0.000010 0.999900 0.000010 0.000010 0.000010 0.000010 0.000010 0.000010 0.000010
88 88 (0) 1 : 0.000010 0.539113 0.000010 0.460794 0.000010 0.000013 0.000010 0.000010 0.000010 0.000010 0.000010
89 89 (0) 1 : 0.000010 0.000011 0.000010 0.999890 0.000010 0.000010 0.000013 0.000010 0.000014 0.000012 0.000010
90 90 (0) 1 : 0.000010 0.000010 0.000010 0.999900 0.000010 0.000010 0.000010 0.000010 0.000010 0.000010 0.000010
91 91 (0) 1 : 0.000010 0.999900 0.000010 0.000010 0.000010 0.000010 0.000010 0.000010 0.000010 0.000010 0.000010
92 92 (0) 1 : 0.000010 0.999900 0.000010 0.000010 0.000010 0.000010 0.000010 0.000010 0.000010 0.000010 0.000010
93 93 (0) 1 : 0.000010 0.999900 0.000010 0.000010 0.000010 0.000010 0.000010 0.000010 0.000010 0.000010 0.000010
94 94 (0) 1 : 0.000010 0.000010 0.000010 0.999900 0.000010 0.000010 0.000010 0.000010 0.000010 0.000010 0.000010
95 95 (0) 1 : 0.000010 0.000010 0.000010 0.999895 0.000010 0.000011 0.000012 0.000010 0.000012 0.000010 0.000010
96 96 (0) 1 : 0.216393 0.000010 0.000010 0.000010 0.783517 0.000010 0.000010 0.000010 0.000010 0.000010 0.000010
97 97 (0) 1 : 0.000010 0.000012 0.000015 0.000018 0.999877 0.000012 0.000010 0.000016 0.000010 0.000010 0.000010
98 98 (0) 1 : 0.000010 0.000010 0.000010 0.000010 0.999900 0.000010 0.000010 0.000010 0.000010 0.000010 0.000010
99 99 (0) 1 : 0.000010 0.000010 0.000014 0.000010 0.999896 0.000010 0.000010 0.000010 0.000010 0.000010 0.000010
100 100 (0) 1 : 0.000010 0.000010 0.000010 0.000010 0.999892 0.000010 0.000010 0.000010 0.000018 0.000010 0.000010
101 101 (0) 1 : 0.484585 0.000010 0.000010 0.000010 0.515325 0.000010 0.000010 0.000010 0.000010 0.000010 0.000010
102 102 (0) 1 : 0.999886 0.000018 0.000010 0.000011 0.000010 0.000010 0.000010 0.000015 0.000010 0.000010 0.000010
103 103 (0) 1 : 0.000010 0.000015 0.000010 0.000010 0.999891 0.000013 0.000010 0.000010 0.000010 0.000010 0.000010
104 104 (0) 1 : 0.999899 0.000010 0.000011 0.000010 0.000010 0.000010 0.000010 0.000010 0.000010 0.000010 0.000010
105 105 (0) 1 : 0.999900 0.000010 0.000010 0.000010 0.000010 0.000010 0.000010 0.000010 0.000010 0.000010 0.000010
106 106 (0) 1 : 0.621765 0.000010 0.000010 0.000010 0.378135 0.000014 0.000010 0.000016 0.000010 0.000010 0.000010
107 107 (0) 1 : 0.999900 0.000010 0.000010 0.000010 0.000010 0.000010 0.000010 0.000010 0.000010 0.000010 0.000010
108 108 (0) 1 : 0.999900 0.000010 0.000010 0.000010 0.000010 0.000010 0.000010 0.000010 0.000010 0.000010 0.000010
109 109 (0) 1 : 0.000010 0.000012 0.000013 0.000012 0.999891 0.000010 0.000010 0.000012 0.000010 0.000010 0.000010
110 110 (0) 1 : 0.000010 0.000010 0.000010 0.000010 0.999900 0.000010 0.000010 0.000010 0.000010 0.000010 0.000010
111 111 (0) 1 : 0.000010 0.000010 0.000010 0.000010 0.999900 0.000010 0.000010 0.000010 0.000010 0.000010 0.000010
112 112 (0) 1 : 0.231615 0.000011 0.000013 0.000010 0.768277 0.000016 0.000010 0.000018 0.000010 0.000010 0.000010
113 113 (0) 1 : 0.999900 0.000010 0.000010 0.000010 0.000010 0.000010 0.000010 0.000010 0.000010 0.000010 0.000010
114 114 (0) 1 : 0.000010 0.000010 0.000010 0.000010 0.000010 0.000019 0.000010 0.999891 0.000010 0.000010 0.000010
115 115 (0) 1 : 0.000010 0.000010 0.000010 0.000010 0.000010 0.000010 0.000010 0.999900 0.000010 0.000010 0.000010
116 116 (0) 1 : 0.000010 0.000010 0.000010 0.000010 0.000018 0.000010 0.000010 0.999891 0.000010 0.000010 0.000010
117 117 (0) 1 : 0.000011 0.000010 0.000010 0.000010 0.000016 0.000010 0.000010 0.999893 0.000010 0.000010 0.000010
118 118 (0) 1 : 0.000019 0.000010 0.000010 0.000010 0.000010 0.000010 0.000010 0.999891 0.000010 0.000010 0.000010
119 119 (0) 1 : 0.000010 0.000010 0.000010 0.000010 0.000016 0.000010 0.000012 0.999892 0.000010 0.000010 0.000010
120 120 (0) 1 : 0.000010 0.000010 0.000010 0.000010 0.000011 0.000010 0.000018 0.999886 0.000010 0.000015 0.000010
121 121 (0) 1 : 0.000010 0.000010 0.000010 0.000010 0.000010 0.000010 0.000015 0.999895 0.000010 0.000010 0.000010
