-------------------------------------------------------------------------------
 L       Percentage of nodes in the largest component
 D       Percentage of nodes in components of size at most 3 [-div option]
 R       Percentage of nodes not in L or D: 100 - L -D
 S       Percentage of nodes that are singletons
 E       Fraction of edges retained (input graph has 870)
 cce     Expected size of component, nodewise [ sum(sz^2) / sum^2(sz) ]
 EW      Edge weight traits (mean, median and IQR)
 ND      Node degree traits [mean, median and IQR]
 CCF     Clustering coefficient (scale 1-100)
 eff     Induced component efficiency relative to start graph (scale 1-1000)
Total number of nodes: 30
----------------------------------------------------------------------------------------------
  L   D   R   S     E     cce  EWmean   EWmed   EWiqr  NDmean   NDmed  NDiqr CCF  eff  Cutoff 
----------------------------------------------------------------------------------------------
 93   7   0   7 0.356      26    0.55    0.55    0.05    10.3    11.5   11.5   -    -     0.50
 93   7   0   7 0.317      26    0.56    0.55    0.05     9.2    10.5   10.5   -    -     0.51
 93   7   0   7 0.278      26    0.56    0.56    0.05     8.1     8.5    9.5   -    -     0.52
 93   7   0   7 0.237      26    0.57    0.56    0.04     6.9     7.5    7.5   -    -     0.53
 90  10   0  10 0.195      24    0.58    0.57    0.04     5.7     5.5    7.0   -    -     0.54
 83  17   0  17 0.156      21    0.59    0.58    0.03     4.5     3.5    6.5   -    -     0.55
 83  17   0  17 0.133      21    0.59    0.58    0.02     3.9     3.5    6.0   -    -     0.56
 70  30   0  30 0.101      15    0.60    0.59    0.04     2.9     2.5    5.5   -    -     0.57
 57  43   0  43 0.071      10    0.61    0.59    0.05     2.1     1.5    3.5   -    -     0.58
 43  57   0  47 0.051       6    0.63    0.62    0.06     1.5     1.5    2.5   -    -     0.59
 30  70   0  63 0.028       3    0.65    0.65    0.03     0.8     0.5    1.5   -    -     0.60
 30  70   0  63 0.028       3    0.65    0.65    0.03     0.8     0.5    1.5   -    -     0.61
 30  70   0  63 0.025       3    0.66    0.65    0.02     0.7     0.5    1.5   -    -     0.62
 13  73  13  67 0.018       2    0.67    0.66    0.01     0.5     0.5    1.5   -    -     0.63
 13  73  13  67 0.018       2    0.67    0.66    0.01     0.5     0.5    1.5   -    -     0.64
  0 100   0  73 0.011       1    0.68    0.66    0.03     0.3     0.5    1.0   -    -     0.65
  0 100   0  87 0.005       1    0.72    0.72    0.07     0.1     0.5    0.5   -    -     0.66
  0 100   0  87 0.005       1    0.72    0.72    0.07     0.1     0.5    0.5   -    -     0.67
  0 100   0  87 0.005       1    0.72    0.72    0.07     0.1     0.5    0.5   -    -     0.68
  0 100   0  87 0.005       1    0.72    0.72    0.07     0.1     0.5    0.5   -    -     0.69
  0 100   0  93 0.002       1    0.76    0.76    0.00     0.1     0.5    0.5   -    -     0.70
  0 100   0  93 0.002       1    0.76    0.76    0.00     0.1     0.5    0.5   -    -     0.71
  0 100   0  93 0.002       1    0.76    0.76    0.00     0.1     0.5    0.5   -    -     0.72
  0 100   0  93 0.002       1    0.76    0.76    0.00     0.1     0.5    0.5   -    -     0.73
  0 100   0  93 0.002       1    0.76    0.76    0.00     0.1     0.5    0.5   -    -     0.74
  0 100   0  93 0.002       1    0.76    0.76    0.00     0.1     0.5    0.5   -    -     0.75
  0 100   0 100 0.000       1    0.00    0.00    0.00     0.0     0.5    0.5   -    -     0.76
  0 100   0 100 0.000       1    0.00    0.00    0.00     0.0     0.5    0.5   -    -     0.77
  0 100   0 100 0.000       1    0.00    0.00    0.00     0.0     0.5    0.5   -    -     0.78
  0 100   0 100 0.000       1    0.00    0.00    0.00     0.0     0.5    0.5   -    -     0.79
  0 100   0 100 0.000       1    0.00    0.00    0.00     0.0     0.5    0.5   -    -     0.80
  0 100   0 100 0.000       1    0.00    0.00    0.00     0.0     0.5    0.5   -    -     0.81
  0 100   0 100 0.000       1    0.00    0.00    0.00     0.0     0.5    0.5   -    -     0.82
  0 100   0 100 0.000       1    0.00    0.00    0.00     0.0     0.5    0.5   -    -     0.83
  0 100   0 100 0.000       1    0.00    0.00    0.00     0.0     0.5    0.5   -    -     0.84
  0 100   0 100 0.000       1    0.00    0.00    0.00     0.0     0.5    0.5   -    -     0.85
  0 100   0 100 0.000       1    0.00    0.00    0.00     0.0     0.5    0.5   -    -     0.86
  0 100   0 100 0.000       1    0.00    0.00    0.00     0.0     0.5    0.5   -    -     0.87
  0 100   0 100 0.000       1    0.00    0.00    0.00     0.0     0.5    0.5   -    -     0.88
  0 100   0 100 0.000       1    0.00    0.00    0.00     0.0     0.5    0.5   -    -     0.89
  0 100   0 100 0.000       1    0.00    0.00    0.00     0.0     0.5    0.5   -    -     0.90
  0 100   0 100 0.000       1    0.00    0.00    0.00     0.0     0.5    0.5   -    -     0.91
  0 100   0 100 0.000       1    0.00    0.00    0.00     0.0     0.5    0.5   -    -     0.92
  0 100   0 100 0.000       1    0.00    0.00    0.00     0.0     0.5    0.5   -    -     0.93
  0 100   0 100 0.000       1    0.00    0.00    0.00     0.0     0.5    0.5   -    -     0.94
  0 100   0 100 0.000       1    0.00    0.00    0.00     0.0     0.5    0.5   -    -     0.95
  0 100   0 100 0.000       1    0.00    0.00    0.00     0.0     0.5    0.5   -    -     0.96
  0 100   0 100 0.000       1    0.00    0.00    0.00     0.0     0.5    0.5   -    -     0.97
  0 100   0 100 0.000       1    0.00    0.00    0.00     0.0     0.5    0.5   -    -     0.98
  0 100   0 100 0.000       1    0.00    0.00    0.00     0.0     0.5    0.5   -    -     0.99
---------------------------------------------------------------------------------------------
