-------------------------------------------------------------------------------
 L       Percentage of nodes in the largest component
 D       Percentage of nodes in components of size at most 3 [-div option]
 R       Percentage of nodes not in L or D: 100 - L -D
 S       Percentage of nodes that are singletons
 E       Fraction of edges retained (input graph has 870)
 cce     Expected size of component, nodewise [ sum(sz^2) / sum^2(sz) ]
 EW      Edge weight traits (mean, median and IQR)
 ND      Node degree traits [mean, median and IQR]
 CCF     Clustering coefficient (scale 1-100)
 eff     Induced component efficiency relative to start graph (scale 1-1000)
Total number of nodes: 30
----------------------------------------------------------------------------------------------
  L   D   R   S     E     cce  EWmean   EWmed   EWiqr  NDmean   NDmed  NDiqr CCF  eff  Cutoff 
----------------------------------------------------------------------------------------------
100   0   0   0 0.857      30    0.61    0.60    0.10    24.9    26.5    5.0   -    -     0.50
100   0   0   0 0.830      30    0.62    0.61    0.10    24.1    25.5    5.0   -    -     0.51
100   0   0   0 0.772      30    0.63    0.61    0.10    22.4    24.5    5.0   -    -     0.52
100   0   0   0 0.731      30    0.63    0.62    0.09    21.2    24.5    6.5   -    -     0.53
100   0   0   0 0.687      30    0.64    0.62    0.08    19.9    23.5    7.5   -    -     0.54
100   0   0   0 0.634      30    0.65    0.63    0.08    18.4    20.5    7.5   -    -     0.55
100   0   0   0 0.593      30    0.65    0.63    0.08    17.2    19.5    8.0   -    -     0.56
 97   3   0   3 0.561      28    0.66    0.64    0.07    16.3    17.5    8.5   -    -     0.57
 97   3   0   3 0.517      28    0.66    0.64    0.08    15.0    16.5    9.0   -    -     0.58
 97   3   0   3 0.478      28    0.67    0.65    0.08    13.9    16.5   11.0   -    -     0.59
 97   3   0   3 0.437      28    0.68    0.65    0.08    12.7    14.5   11.5   -    -     0.60
 97   3   0   3 0.398      28    0.68    0.66    0.09    11.5    13.5   12.5   -    -     0.61
 90  10   0  10 0.347      24    0.70    0.66    0.10    10.1    11.5   11.0   -    -     0.62
 87  13   0  13 0.301      23    0.71    0.67    0.11     8.7     9.5   10.5   -    -     0.63
 87  13   0  13 0.262      23    0.72    0.69    0.12     7.6     8.5   10.5   -    -     0.64
 87  13   0  13 0.214      23    0.73    0.71    0.12     6.2     7.5   10.0   -    -     0.65
 83  17   0  17 0.195      21    0.74    0.72    0.12     5.7     5.5    9.0   -    -     0.66
 77  23   0  23 0.159      18    0.76    0.75    0.10     4.6     4.5    8.5   -    -     0.67
 70  30   0  30 0.138      15    0.77    0.78    0.10     4.0     3.5    8.5   -    -     0.68
 67  33   0  33 0.129      14    0.78    0.78    0.08     3.7     2.5    8.5   -    -     0.69
 60  40   0  40 0.120      11    0.78    0.79    0.07     3.5     2.5    8.5   -    -     0.70
 37  63   0  47 0.101       5    0.80    0.79    0.05     2.9     1.5    8.0   -    -     0.71
 37  63   0  47 0.099       5    0.80    0.79    0.05     2.9     1.5    7.5   -    -     0.72
 37  63   0  47 0.094       5    0.80    0.79    0.04     2.7     1.5    7.0   -    -     0.73
 37  63   0  47 0.087       5    0.81    0.80    0.04     2.5     1.5    6.5   -    -     0.74
 33  67   0  50 0.080       4    0.81    0.80    0.04     2.3     0.5    6.0   -    -     0.75
 30  70   0  53 0.076       4    0.82    0.80    0.04     2.2     0.5    5.5   -    -     0.76
 30  70   0  53 0.074       4    0.82    0.81    0.04     2.1     0.5    5.5   -    -     0.77
 30  70   0  53 0.067       4    0.82    0.81    0.04     1.9     0.5    5.0   -    -     0.78
 30  70   0  57 0.055       4    0.83    0.81    0.04     1.6     0.5    3.5   -    -     0.79
 30  70   0  57 0.041       4    0.84    0.83    0.06     1.2     0.5    2.5   -    -     0.80
 30  70   0  63 0.032       3    0.85    0.84    0.06     0.9     0.5    2.0   -    -     0.81
 30  70   0  63 0.023       3    0.87    0.87    0.05     0.7     0.5    1.5   -    -     0.82
 13  87   0  63 0.018       2    0.88    0.88    0.01     0.5     0.5    1.5   -    -     0.83
  0 100   0  67 0.016       2    0.88    0.88    0.02     0.5     0.5    1.5   -    -     0.84
  0 100   0  70 0.014       1    0.89    0.88    0.02     0.4     0.5    1.5   -    -     0.85
  0 100   0  70 0.014       1    0.89    0.88    0.02     0.4     0.5    1.5   -    -     0.86
  0 100   0  70 0.014       1    0.89    0.88    0.02     0.4     0.5    1.5   -    -     0.87
  0 100   0  90 0.007       1    0.90    0.89    0.02     0.2     0.5    0.5   -    -     0.88
  0 100   0  90 0.005       1    0.91    0.91    0.04     0.1     0.5    0.5   -    -     0.89
  0 100   0  93 0.002       1    0.93    0.93    0.00     0.1     0.5    0.5   -    -     0.90
  0 100   0  93 0.002       1    0.93    0.93    0.00     0.1     0.5    0.5   -    -     0.91
  0 100   0  93 0.002       1    0.93    0.93    0.00     0.1     0.5    0.5   -    -     0.92
  0 100   0  93 0.002       1    0.93    0.93    0.00     0.1     0.5    0.5   -    -     0.93
  0 100   0 100 0.000       1    0.00    0.00    0.00     0.0     0.5    0.5   -    -     0.94
  0 100   0 100 0.000       1    0.00    0.00    0.00     0.0     0.5    0.5   -    -     0.95
  0 100   0 100 0.000       1    0.00    0.00    0.00     0.0     0.5    0.5   -    -     0.96
  0 100   0 100 0.000       1    0.00    0.00    0.00     0.0     0.5    0.5   -    -     0.97
  0 100   0 100 0.000       1    0.00    0.00    0.00     0.0     0.5    0.5   -    -     0.98
  0 100   0 100 0.000       1    0.00    0.00    0.00     0.0     0.5    0.5   -    -     0.99
---------------------------------------------------------------------------------------------
